2.800000000000000266e-01 8.287345651540852787e-01 8.238269002119175122e-01 8.113888064633171249e-01
2.880000000000000338e-01 8.007078138590986160e-01 8.243324657325237226e-01 7.998677068127852952e-01
2.960000000000000409e-01 7.834330704071342799e-01 8.248383415082276571e-01 7.916728112420741148e-01
3.040000000000000480e-01 7.714504579502979853e-01 8.253445277294267912e-01 7.866945239129762291e-01
3.120000000000000551e-01 7.632387820666515221e-01 8.258510245866350630e-01 7.842332386135811850e-01
3.200000000000000067e-01 7.619509185859688616e-01 8.263578322704832058e-01 7.837480548226416488e-01
3.280000000000000138e-01 7.693477566854696192e-01 8.268649509717191926e-01 7.855546759648367461e-01
3.360000000000000209e-01 7.847081343119259866e-01 8.273723808812080138e-01 7.911233631540325328e-01
3.440000000000000280e-01 8.051624559541251669e-01 8.278801221899315665e-01 8.027683166148459337e-01
3.520000000000000351e-01 8.363345541527907878e-01 8.283881750889893203e-01 8.227642313691352349e-01
3.600000000000000422e-01 8.719968090369678571e-01 8.288965397695976511e-01 8.521797806495468031e-01
3.679999999999999938e-01 9.052791071597822148e-01 8.294052164230905078e-01 8.898761323403125978e-01
3.760000000000000009e-01 9.398745278826506899e-01 8.299142052409191894e-01 9.321084687660958767e-01
3.840000000000000080e-01 9.686057303241460970e-01 8.304235064146525680e-01 9.729814522989725933e-01
3.920000000000000151e-01 9.880254773808646584e-01 8.309331201359768659e-01 1.005708520561423569e+00
4.000000000000000222e-01 9.997884328666305498e-01 8.314430465966961004e-01 1.024321678805545810e+00
4.080000000000000293e-01 1.000000000000000000e+00 8.314620138417999629e-01 1.024685365911280233e+00
4.160000000000000364e-01 9.901961490500440499e-01 8.309520757484136766e-01 1.006684544260039615e+00
4.240000000000000435e-01 9.719507563656630822e-01 8.304424504015566200e-01 9.743861858787621344e-01
4.320000000000000506e-01 9.422185361366560707e-01 8.299331376094205570e-01 9.336942091776091468e-01
4.400000000000000577e-01 9.107028176491025473e-01 8.294241371803146023e-01 8.913965703697763754e-01
4.480000000000000648e-01 8.750685786715767245e-01 8.289154489226658873e-01 8.534485335941464079e-01
4.560000000000000164e-01 8.387385144249124291e-01 8.284070726450184496e-01 8.236886348103072963e-01
4.640000000000000235e-01 8.094109242338810573e-01 8.278990081560341219e-01 8.033503789835254594e-01
4.720000000000000306e-01 7.852166347340060470e-01 8.273912552644920870e-01 7.914318048083766044e-01
4.800000000000000377e-01 7.676953595200670666e-01 8.268838137792886567e-01 7.856817230242687522e-01
4.879999999999999893e-01 7.623120987495998202e-01 8.263766835094374930e-01 7.837686309241997940e-01
4.959999999999999964e-01 7.609438540549433583e-01 8.258698642640690535e-01 7.841812799180042370e-01
5.040000000000000036e-01 7.692251872902168275e-01 8.253633558524314795e-01 7.865629349050617947e-01
5.120000000000000107e-01 7.819272900444043106e-01 8.248571580838891526e-01 7.914336198640750109e-01
5.200000000000000178e-01 7.991345208002463840e-01 8.243512707679241380e-01 7.995012877157415820e-01
5.280000000000000249e-01 8.191097307241612668e-01 8.238456937141345193e-01 8.109083525427375205e-01
5.360000000000000320e-01 8.362044628378804134e-01 8.233404267322360637e-01 8.247552834234687102e-01
5.440000000000000391e-01 8.509824778349668328e-01 8.228354696320603345e-01 8.391017974369058274e-01
5.520000000000000462e-01 8.632981250099541759e-01 8.223308222235563569e-01 8.514355873131266295e-01
5.600000000000000533e-01 8.692733825161580441e-01 8.218264843167889522e-01 8.594081105105132457e-01
5.680000000000000604e-01 8.690411744990361731e-01 8.213224557219400701e-01 8.615413942868070940e-01
5.760000000000000675e-01 8.649804340934343916e-01 8.208187362493076789e-01 8.576397407070732726e-01
5.840000000000000746e-01 8.547678071078770312e-01 8.203153257093063200e-01 8.487732786289945430e-01
5.920000000000000817e-01 8.415760899401625306e-01 8.198122239124665533e-01 8.368743433943193200e-01
6.000000000000000888e-01 8.259170834573449360e-01 8.193094306694352902e-01 8.241292382763356628e-01
6.080000000000000959e-01 8.112499364348013664e-01 8.188069457909757931e-01 8.124032937325593728e-01
6.160000000000001030e-01 7.983946440656340959e-01 8.183047690879668989e-01 8.028926007411922861e-01
6.239999999999999991e-01 7.892286962917702819e-01 8.178029003714039069e-01 7.960798728671871771e-01
6.320000000000000062e-01 7.828858501502189426e-01 8.173013394523976904e-01 7.919397526128468812e-01
6.400000000000000133e-01 7.796887059427543010e-01 8.168000861421752523e-01 7.902469559806213351e-01
6.480000000000000204e-01 7.815193861518993090e-01 8.162991402520790585e-01 7.908229068853980248e-01
6.560000000000000275e-01 7.887792536997747517e-01 8.157985015935674822e-01 7.936122000412690891e-01
6.640000000000000346e-01 7.971198689083571765e-01 8.152981699782145819e-01 7.985773871134522750e-01
6.720000000000000417e-01 8.078642092473722336e-01 8.147981452177098793e-01 8.054924961553554530e-01
6.800000000000000488e-01 8.211799021040422364e-01 8.142984271238581373e-01 8.137622436848853669e-01
6.879999999999999449e-01 8.309271659415747857e-01 8.137990155085801369e-01 8.223782316467476150e-01
6.959999999999999520e-01 8.385531860072281685e-01 8.132999101839114564e-01 8.300572383086827211e-01
7.039999999999999591e-01 8.432636564539590651e-01 8.128011109620033592e-01 8.355228070104243621e-01
7.119999999999999662e-01 8.462868759016826115e-01 8.123026176551219057e-01 8.378276717797065176e-01
7.199999999999999734e-01 8.418641626857416016e-01 8.118044300756487308e-01 8.365974371294729872e-01
7.279999999999999805e-01 8.382999088355420625e-01 8.113065480360801551e-01 8.321096021533157527e-01
7.359999999999999876e-01 8.275512128654032296e-01 8.108089713490276296e-01 8.251886771332365145e-01
7.439999999999999947e-01 8.180578463344461149e-01 8.103116998272176241e-01 8.169674164086089263e-01
7.520000000000000018e-01 8.094157024302510717e-01 8.098147332834915169e-01 8.086072510121717904e-01
7.600000000000000089e-01 7.987186616518000548e-01 8.093180715308052608e-01 8.010727426192547629e-01
7.680000000000000160e-01 7.903980533217137561e-01 8.088217143822294952e-01 7.950191006988505116e-01
7.760000000000000231e-01 7.879372043944430359e-01 8.083256616509497672e-01 7.907977745088425880e-01
7.840000000000000302e-01 7.822942004248613079e-01 8.078299131502659769e-01 7.885377804379807287e-01
7.920000000000000373e-01 7.825665389086745583e-01 8.073344686935927106e-01 7.882390306007218683e-01
8.000000000000000444e-01 7.864291503262190730e-01 8.068393280944589074e-01 7.898243493176413388e-01
8.080000000000000515e-01 7.919639412053482985e-01 8.063444911665076376e-01 7.931303740308510708e-01
8.160000000000000586e-01 7.995948829920854761e-01 8.058499577234966571e-01 7.978561439117695109e-01
8.240000000000000657e-01 8.066236365893441063e-01 8.053557275792977421e-01 8.035134835796502450e-01
8.320000000000000728e-01 8.142278613118438813e-01 8.048618005478966886e-01 8.094246631692111338e-01
8.400000000000000799e-01 8.216211741769586796e-01 8.043681764433937564e-01 8.147913752830915346e-01
8.479999999999999760e-01 8.235236251911616234e-01 8.038748550800027814e-01 8.188260954687891502e-01
8.559999999999999831e-01 8.247892838744361743e-01 8.033818362720518413e-01 8.209079286030618317e-01
8.639999999999999902e-01 8.246315249916738033e-01 8.028891198339829227e-01 8.207126725344116025e-01
8.719999999999999973e-01 8.211604114618187289e-01 8.023967055803514770e-01 8.182754363049393742e-01
8.800000000000000044e-01 8.170053728896646827e-01 8.019045933258269754e-01 8.139687607422413373e-01
8.880000000000000115e-01 8.104211521390732864e-01 8.014127828851925761e-01 8.084085039506395676e-01
8.960000000000000187e-01 8.044407053151889642e-01 8.009212740733447911e-01 8.023216121989320548e-01
9.040000000000000258e-01 7.948112729520421249e-01 8.004300667052939300e-01 7.964165439524674150e-01
9.120000000000000329e-01 7.909498174608613486e-01 7.999391605961634344e-01 7.912879993564969627e-01
9.200000000000000400e-01 7.859666175898570861e-01 7.994485555611905436e-01 7.873687546667279546e-01
9.280000000000000471e-01 7.822103113261917873e-01 7.989582514157255178e-01 7.849220257443889626e-01
9.360000000000000542e-01 7.826280378377863389e-01 7.984682479752319706e-01 7.840559355347598292e-01
9.440000000000000613e-01 7.846597792973595276e-01 7.979785450552865367e-01 7.847409126745511498e-01
9.520000000000000684e-01 7.873449485655064084e-01 7.974891424715790933e-01 7.868193654031658824e-01
9.600000000000000755e-01 7.897906265314317276e-01 7.970000400399127605e-01 7.900090609677693498e-01
9.679999999999999716e-01 7.972694018852707343e-01 7.965112375762031238e-01 7.939107932754891905e-01
9.759999999999999787e-01 8.017235720321154169e-01 7.960227348964792338e-01 7.980328509627532263e-01
9.839999999999999858e-01 8.051439671424447386e-01 7.955345318168823843e-01 8.018390835383160109e-01
9.919999999999999929e-01 8.097193902311622393e-01 7.950466281536671120e-01 8.048171845942474478e-01
1.000000000000000000e+00 8.088670535944114670e-01 7.945590237232005304e-01 8.065541170195420495e-01
1.008000000000000007e+00 8.105261882617076363e-01 7.940717183419623293e-01 8.068007256249741799e-01
1.016000000000000014e+00 8.096065122150822857e-01 7.935847118265445532e-01 8.055094072603314892e-01
1.024000000000000021e+00 8.049851428938151754e-01 7.930980039936520454e-01 8.028361559403078829e-01
1.032000000000000028e+00 8.003877955350195972e-01 7.926115946601018925e-01 7.991081355621377780e-01
1.040000000000000036e+00 7.954264170267070222e-01 7.921254836428235357e-01 7.947663890732655778e-01
1.048000000000000043e+00 7.911584063275719503e-01 7.916396707588589932e-01 7.902976816160679485e-01
1.056000000000000050e+00 7.871481972133800298e-01 7.911541558253617490e-01 7.861690897014552704e-01
1.064000000000000057e+00 7.831117046767258616e-01 7.906689386595984192e-01 7.827749894913789142e-01
1.072000000000000064e+00 7.815229629159761160e-01 7.901840190789467533e-01 7.804008156728027279e-01
1.080000000000000071e+00 7.777264361528942738e-01 7.896993969008971881e-01 7.792035280476810044e-01
1.088000000000000078e+00 7.781602379428348426e-01 7.892150719430517380e-01 7.792063588743335378e-01
1.096000000000000085e+00 7.811913986457675874e-01 7.887310440231244391e-01 7.803051205907458598e-01
1.104000000000000092e+00 7.826333761529211674e-01 7.882473129589410155e-01 7.822842245086938373e-01
1.112000000000000099e+00 7.846957324944353607e-01 7.877638785684391021e-01 7.848414275698927245e-01
1.120000000000000107e+00 7.888264835976694922e-01 7.872807406696675780e-01 7.876203689727324653e-01
1.128000000000000114e+00 7.916977687250329465e-01 7.867978990807873441e-01 7.902490281881999756e-01
1.136000000000000121e+00 7.946344459955946293e-01 7.863153536200707672e-01 7.923807768647256333e-01
1.144000000000000128e+00 7.961186274543264885e-01 7.858331041059014588e-01 7.937334279566672368e-01
1.152000000000000135e+00 7.967995170189289267e-01 7.853511503567744967e-01 7.941212179917911396e-01
1.160000000000000142e+00 7.964911086281121211e-01 7.848694921912965361e-01 7.934752527763657692e-01
1.168000000000000149e+00 7.940029997426026886e-01 7.843881294281850325e-01 7.918494768537955864e-01
1.176000000000000156e+00 7.919052192096921461e-01 7.839070618862689077e-01 7.894113131263752470e-01
1.184000000000000163e+00 7.887902300829662261e-01 7.834262893844881059e-01 7.864183162021409768e-01
1.192000000000000171e+00 7.850868518027337428e-01 7.829458117418938157e-01 7.831841187315925490e-01
1.200000000000000178e+00 7.810677795254593603e-01 7.824656287776478036e-01 7.800383688010330552e-01
1.208000000000000185e+00 7.784979782485067501e-01 7.819857403110230809e-01 7.772860968766071021e-01
1.216000000000000192e+00 7.764547199635147834e-01 7.815061461614033478e-01 7.751719150261686675e-01
1.223999999999999977e+00 7.743617838558853883e-01 7.810268461482833269e-01 7.738536132022508784e-01
1.231999999999999984e+00 7.744802635137491009e-01 7.805478400912679859e-01 7.733881692875870240e-01
1.239999999999999991e+00 7.730799198014817186e-01 7.800691278100732040e-01 7.737311825214188143e-01
1.247999999999999998e+00 7.737615903277773599e-01 7.795907091245255494e-01 7.747486677003803113e-01
1.256000000000000005e+00 7.761883617876743635e-01 7.791125838545618354e-01 7.762384511855819902e-01
1.264000000000000012e+00 7.780094427573132077e-01 7.786347518202294538e-01 7.779574317642671266e-01
1.272000000000000020e+00 7.815441485028636892e-01 7.781572128416861522e-01 7.796508260569778859e-01
1.280000000000000027e+00 7.817940507028657837e-01 7.776799667391999238e-01 7.810800584583985628e-01
1.288000000000000034e+00 7.832908918908895179e-01 7.772030133331491175e-01 7.820468364561571351e-01
1.296000000000000041e+00 7.826046113774852708e-01 7.767263524440219946e-01 7.824117990185015525e-01
1.304000000000000048e+00 7.832998396636433602e-01 7.762499838924171724e-01 7.821067017303420243e-01
1.312000000000000055e+00 7.819358069522879262e-01 7.757739074990431805e-01 7.811394020805277894e-01
1.320000000000000062e+00 7.818580804444099641e-01 7.752981230847184602e-01 7.795911294578410367e-01
1.328000000000000069e+00 7.812797093625520883e-01 7.748226304703714762e-01 7.776059333126419393e-01
1.336000000000000076e+00 7.768877289997343505e-01 7.743474294770403832e-01 7.753729644340008331e-01
1.344000000000000083e+00 7.741972629292606101e-01 7.738725199258732479e-01 7.731033047442126271e-01
1.352000000000000091e+00 7.728152006378794514e-01 7.733979016381276050e-01 7.710041454008843553e-01
1.360000000000000098e+00 7.704940139665458210e-01 7.729235744351710125e-01 7.692538386662172156e-01
1.368000000000000105e+00 7.684367437046094595e-01 7.724495381384799408e-01 7.679813997959967775e-01
1.376000000000000112e+00 7.675503114037399710e-01 7.719757925696408840e-01 7.672533104364083201e-01
1.384000000000000119e+00 7.674333905699626257e-01 7.715023375503496927e-01 7.670691420259286852e-01
1.392000000000000126e+00 7.663543888570187868e-01 7.710291729024113527e-01 7.673659455616681502e-01
1.400000000000000133e+00 7.677311579924999130e-01 7.705562984477403177e-01 7.680299639173611137e-01
1.407999999999999918e+00 7.701820345689507352e-01 7.700837140083601762e-01 7.689133273839300342e-01
1.415999999999999925e+00 7.686236685184558715e-01 7.696114194064037628e-01 7.698530977883830673e-01
1.423999999999999932e+00 7.702214997052694301e-01 7.691394144641128250e-01 7.706902301302747116e-01
1.431999999999999940e+00 7.718794908880964867e-01 7.686676990038383561e-01 7.712865014602396929e-01
1.439999999999999947e+00 7.721664877084735146e-01 7.681962728480401514e-01 7.715379932740402680e-01
1.447999999999999954e+00 7.742042950058840578e-01 7.677251358192869191e-01 7.713841780746937271e-01
1.455999999999999961e+00 7.734179738783381053e-01 7.672542877402560579e-01 7.708120445364717854e-01
1.463999999999999968e+00 7.715934551226393268e-01 7.667837284337342130e-01 7.698550679198232771e-01
1.471999999999999975e+00 7.700068827432929863e-01 7.663134577226159427e-01 7.685872632992116760e-01
1.479999999999999982e+00 7.695676515504067394e-01 7.658434754299050518e-01 7.671130566872663703e-01
1.487999999999999989e+00 7.682706522869265919e-01 7.653737813787135913e-01 7.655542016170765462e-01
1.495999999999999996e+00 7.650722298446288594e-01 7.649043753922624145e-01 7.640353384435223383e-01
1.504000000000000004e+00 7.634349975108303266e-01 7.644352572938802881e-01 7.626699368771209242e-01
1.512000000000000011e+00 7.607868059260726179e-01 7.639664269070047808e-01 7.615482402225176584e-01
1.520000000000000018e+00 7.615558230716209520e-01 7.634978840551814860e-01 7.607284827890657963e-01
1.528000000000000025e+00 7.608778710589595429e-01 7.630296285620644658e-01 7.602321736123959228e-01
1.536000000000000032e+00 7.589376833867419458e-01 7.625616602514155851e-01 7.600437299447642125e-01
1.544000000000000039e+00 7.592635405183709718e-01 7.620939789471050663e-01 7.601142700813849906e-01
1.552000000000000046e+00 7.583765872700974908e-01 7.616265844731111567e-01 7.603689610178016034e-01
1.560000000000000053e+00 7.594611067997543152e-01 7.611594766535200174e-01 7.607169630834584861e-01
1.568000000000000060e+00 7.611563126097554699e-01 7.606926553125253898e-01 7.610627314121248821e-01
1.576000000000000068e+00 7.626458876572369538e-01 7.602261202744293733e-01 7.613172628976386802e-01
1.584000000000000075e+00 7.619594033879552031e-01 7.597598713636415368e-01 7.614078783993006860e-01
1.592000000000000082e+00 7.625059100049561556e-01 7.592939084046790299e-01 7.612853514458141069e-01
1.600000000000000089e+00 7.616742167866076274e-01 7.588282312221668047e-01 7.609276311152228800e-01
1.608000000000000096e+00 7.620600311376467539e-01 7.583628396408373940e-01 7.603399792363640941e-01
1.616000000000000103e+00 7.593517365519041329e-01 7.578977334855306891e-01 7.595519145762120727e-01
1.624000000000000110e+00 7.605724850287458594e-01 7.574329125811941621e-01 7.586117850720308642e-01
1.632000000000000117e+00 7.584806357040437819e-01 7.569683767528824214e-01 7.575799796112954176e-01
1.640000000000000124e+00 7.565529283368371827e-01 7.565041258257575452e-01 7.565217382363066401e-01
1.648000000000000131e+00 7.552469291999429624e-01 7.560401596250888590e-01 7.555003052227001747e-01
1.655999999999999917e+00 7.552298407613529108e-01 7.555764779762528249e-01 7.545709182188717890e-01
1.663999999999999924e+00 7.526300727483173914e-01 7.551130807047329307e-01 7.537759455528842967e-01
1.671999999999999931e+00 7.508275643364916707e-01 7.546499676361195785e-01 7.531414127412308090e-01
1.679999999999999938e+00 7.530511304860090238e-01 7.541871385961105290e-01 7.526751587498916596e-01
1.687999999999999945e+00 7.511726205647328847e-01 7.537245934105100131e-01 7.523668442530018208e-01
1.695999999999999952e+00 7.499344986193353657e-01 7.532623319052293986e-01 7.521899161522122013e-01
1.703999999999999959e+00 7.509186707082213807e-01 7.528003539062866345e-01 7.521053905435290954e-01
1.711999999999999966e+00 7.509705514331604936e-01 7.523386592398065842e-01 7.520670024814325449e-01
1.719999999999999973e+00 7.508781294102410131e-01 7.518772477320204706e-01 7.520269922751836589e-01
1.727999999999999980e+00 7.516885467704746970e-01 7.514161192092663200e-01 7.519416647829941791e-01
1.735999999999999988e+00 7.519240893906603551e-01 7.509552734979886290e-01 7.517759296056309992e-01
1.743999999999999995e+00 7.529275628808655974e-01 7.504947104247381429e-01 7.515062860343371121e-01
1.752000000000000002e+00 7.513350239196309177e-01 7.500344298161721879e-01 7.511220674118810336e-01
1.760000000000000009e+00 7.508579599547112737e-01 7.495744314990544499e-01 7.506250883849758804e-01
1.768000000000000016e+00 7.502742930718220293e-01 7.491147153002546411e-01 7.500280533066763233e-01
1.776000000000000023e+00 7.504389644076026045e-01 7.486552810467487218e-01 7.493521530062043912e-01
1.784000000000000030e+00 7.482831164014367431e-01 7.481961285656190119e-01 7.486242319024132286e-01
1.792000000000000037e+00 7.485230751238427516e-01 7.477372576840535245e-01 7.478738156530447823e-01
1.800000000000000044e+00 7.467177386008224671e-01 7.472786682293465210e-01 7.471302143912064153e-01
1.808000000000000052e+00 7.439191717309738827e-01 7.468203600288979560e-01 7.464198856907255930e-01
1.816000000000000059e+00 7.449808151105375975e-01 7.463623329102138104e-01 7.457642402210046262e-01
1.824000000000000066e+00 7.416723093439461234e-01 7.459045867009058695e-01 7.451780634976158391e-01
1.832000000000000073e+00 7.425249115242049669e-01 7.454471212286916115e-01 7.446686774341201298e-01
1.840000000000000080e+00 7.428509912998735309e-01 7.449899363213939862e-01 7.442358726900182297e-01
1.848000000000000087e+00 7.418580283754593330e-01 7.445330318069418585e-01 7.438725353874314772e-01
1.856000000000000094e+00 7.417655402119237573e-01 7.440764075133695643e-01 7.435658109699145868e-01
1.864000000000000101e+00 7.429225080239885148e-01 7.436200632688165779e-01 7.432986218976511683e-01
1.872000000000000108e+00 7.425396147189956553e-01 7.431639989015280667e-01 7.430513816864510179e-01
1.880000000000000115e+00 7.426584052941883618e-01 7.427082142398545583e-01 7.428037937458225048e-01
1.888000000000000123e+00 7.417460363151892055e-01 7.422527091122518295e-01 7.425366493973669657e-01
1.896000000000000130e+00 7.417898535135610816e-01 7.417974833472806839e-01 7.422335232441480413e-01
1.904000000000000137e+00 7.426109538877744276e-01 7.413425367736073968e-01 7.418822174732270236e-01
1.911999999999999922e+00 7.414416927540046220e-01 7.408878692200028260e-01 7.414757701030429971e-01
1.919999999999999929e+00 7.411594806469148367e-01 7.404334805153434118e-01 7.410128604388173112e-01
1.927999999999999936e+00 7.403475148194587074e-01 7.399793704886100665e-01 7.404975378387083085e-01
1.935999999999999943e+00 7.379142794857569410e-01 7.395255389688889514e-01 7.399383450758771907e-01
1.943999999999999950e+00 7.372074992183933473e-01 7.390719857853708108e-01 7.393470476267578473e-01
1.951999999999999957e+00 7.371824194018302689e-01 7.386187107673514163e-01 7.387372508548194494e-01
1.959999999999999964e+00 7.382406240032004519e-01 7.381657137442307892e-01 7.381231524730678117e-01
1.967999999999999972e+00 7.350921786224611232e-01 7.377129945455139781e-01 7.375185528022929482e-01
1.975999999999999979e+00 7.331330694005085968e-01 7.372605530008105035e-01 7.369360917752957318e-01
1.983999999999999986e+00 7.341872061233710722e-01 7.368083889398341357e-01 7.363865776406133268e-01
1.991999999999999993e+00 7.329284353418076270e-01 7.363565021924035614e-01 7.358782721399170779e-01
2.000000000000000000e+00 7.327207083365626650e-01 7.359048925884414949e-01 7.354161009884732092e-01
2.008000000000000007e+00 7.316057211484099376e-01 7.354535599579749006e-01 7.350009110552657710e-01
2.016000000000000014e+00 7.320391706476145899e-01 7.350025041311352147e-01 7.346290122826990565e-01
2.024000000000000021e+00 7.317791354114212554e-01 7.345517249381580127e-01 7.342922533822184850e-01
2.032000000000000028e+00 7.324565362238543154e-01 7.341012222093828976e-01 7.339787674541818907e-01
2.040000000000000036e+00 7.330169847864441701e-01 7.336509957752535005e-01 7.336743307537263448e-01
2.048000000000000043e+00 7.343872046371110462e-01 7.332010454663175913e-01 7.333640893542567873e-01
2.056000000000000050e+00 7.327216031351343473e-01 7.327513711132265239e-01 7.330343072079585909e-01
2.064000000000000057e+00 7.314608020548525325e-01 7.323019725467362351e-01 7.326738149511278220e-01
2.072000000000000064e+00 7.313006020980371558e-01 7.318528495977055792e-01 7.322749702992055187e-01
2.080000000000000071e+00 7.304900841065233852e-01 7.314040020970977718e-01 7.318341087263336986e-01
2.088000000000000078e+00 7.290530418299095983e-01 7.309554298759795010e-01 7.313515878231279244e-01
2.096000000000000085e+00 7.293877732303495343e-01 7.305071327655209279e-01 7.308315618373180111e-01
2.104000000000000092e+00 7.280562568969887183e-01 7.300591105969959083e-01 7.302815699461506771e-01
2.112000000000000099e+00 7.273783396506048327e-01 7.296113632017816597e-01 7.297119351390750630e-01
