1.500000000000000000e+00 7.939532672029246237e-15
1.514999999999999902e+00 3.677232295391134177e-15
1.529999999999999805e+00 3.425631904219723148e-15
1.544999999999999707e+00 3.173146990576418740e-15
1.559999999999999609e+00 2.949803535148800549e-15
1.574999999999999512e+00 2.802302804007839075e-15
1.589999999999999414e+00 2.741461857788547413e-15
1.604999999999999316e+00 2.741258381040526262e-15
1.619999999999999218e+00 2.791702024089237222e-15
1.634999999999999121e+00 2.826747484699620395e-15
1.649999999999999023e+00 2.916939242571889843e-15
1.664999999999998925e+00 2.988635779498219340e-15
1.679999999999998828e+00 3.155520612762745838e-15
1.694999999999998730e+00 3.278395819306766142e-15
1.709999999999998632e+00 3.501948619117410872e-15
1.724999999999998535e+00 3.656168236270594525e-15
1.739999999999998437e+00 3.917041569171672342e-15
1.754999999999998339e+00 4.204728697890310063e-15
1.769999999999998241e+00 4.520322585130015701e-15
1.784999999999998144e+00 4.872245503062943626e-15
1.799999999999998046e+00 5.224349711531265628e-15
1.814999999999997948e+00 5.806843076425617343e-15
1.829999999999997851e+00 6.384104973531890051e-15
1.844999999999997753e+00 7.108831320955682648e-15
1.859999999999997655e+00 8.387486784609419118e-15
1.874999999999997558e+00 1.020729690237818744e-14
1.889999999999997460e+00 1.116528639454790568e-14
1.904999999999997362e+00 4.362718541963891437e-14
1.919999999999997264e+00 2.185919423910152926e+00
1.934999999999997167e+00 6.947893438994455551e+00
1.949999999999997069e+00 1.255218237759805966e+01
1.964999999999996971e+00 1.609641766530824825e+01
1.979999999999996874e+00 1.517217462129343808e+01
1.994999999999996776e+00 1.000179669154241147e+01
2.009999999999996678e+00 3.710282433336231644e+00
2.024999999999996803e+00 1.468322694685762712e-08
2.039999999999996483e+00 1.179951215328623234e-14
2.054999999999996163e+00 1.662217016695846951e-14
2.069999999999996287e+00 1.488596038560013790e-14
2.084999999999996412e+00 1.383362818383076955e-14
2.099999999999996092e+00 1.363926653237258308e-14
2.114999999999995772e+00 1.393821757075650415e-14
2.129999999999995897e+00 1.417023672504527932e-14
2.144999999999996021e+00 1.412710482981315302e-14
2.159999999999995701e+00 1.378782195526345323e-14
2.174999999999995381e+00 1.354185537354914868e-14
2.189999999999995506e+00 1.368920193122876732e-14
2.204999999999995630e+00 1.409396098541590539e-14
2.219999999999995310e+00 1.454241518863666793e-14
2.234999999999994991e+00 1.482810905526830307e-14
2.249999999999995115e+00 1.485874857750807731e-14
2.264999999999995239e+00 1.488744645852253216e-14
2.279999999999994920e+00 1.519936388381983038e-14
2.294999999999994600e+00 1.584410347406100841e-14
2.309999999999994724e+00 1.676059255438019593e-14
2.324999999999994849e+00 1.776643503994605230e-14
2.339999999999994529e+00 1.843774639513374125e-14
2.354999999999994209e+00 1.846027367767535848e-14
2.369999999999994333e+00 1.802210822330658703e-14
2.384999999999994458e+00 1.744623298030413798e-14
2.399999999999994138e+00 1.680989437663389255e-14
2.414999999999993818e+00 1.610424033379218127e-14
2.429999999999993943e+00 1.540368736824581288e-14
2.444999999999994067e+00 1.473173863194103179e-14
2.459999999999993747e+00 1.394277127790948204e-14
2.474999999999993427e+00 1.288185078582103531e-14
2.489999999999993552e+00 1.162048924736296791e-14
2.504999999999993676e+00 1.040760058484891464e-14
2.519999999999993356e+00 9.437764550996192993e-15
2.534999999999993037e+00 8.759403055647990608e-15
2.549999999999993161e+00 8.324829744990776709e-15
2.564999999999993285e+00 8.055099507646008656e-15
2.579999999999992966e+00 7.876257287748960568e-15
2.594999999999992646e+00 7.732677324184720681e-15
2.609999999999992770e+00 7.587581241375898749e-15
2.624999999999992895e+00 7.419076248142435043e-15
2.639999999999992575e+00 7.217718076438291847e-15
2.654999999999992255e+00 6.986382698678592554e-15
2.669999999999992379e+00 6.739129417974863520e-15
2.684999999999992504e+00 6.496666673129087505e-15
2.699999999999992184e+00 6.279780653839040837e-15
2.714999999999991864e+00 6.103859321698127102e-15
2.729999999999991989e+00 5.976280712847238056e-15
2.744999999999992113e+00 5.896383493947924550e-15
2.759999999999991793e+00 5.856926050675937260e-15
2.774999999999991473e+00 5.846219354371721873e-15
2.789999999999991598e+00 5.850566109583367687e-15
2.804999999999991722e+00 5.856741660551015679e-15
2.819999999999991402e+00 5.854090860659082516e-15
2.834999999999991083e+00 5.835756060710540339e-15
2.849999999999991207e+00 5.798826964185677972e-15
2.864999999999991331e+00 5.743662540329357582e-15
2.879999999999991012e+00 5.672912906085364913e-15
2.894999999999990692e+00 5.590680652587780340e-15
2.909999999999990816e+00 5.501954324286934631e-15
2.924999999999990941e+00 5.412195590419508214e-15
2.939999999999990621e+00 5.326910250676474623e-15
2.954999999999990301e+00 5.251135347478640820e-15
2.969999999999990425e+00 5.188899035007112905e-15
2.984999999999990550e+00 1.028552963432427179e-14
