1.500000000000000000e+00 7.194478040696658040e-14
1.514999999999999902e+00 3.376046158362817488e-14
1.529999999999999805e+00 3.323802107588924767e-14
1.544999999999999707e+00 3.158454328053420287e-14
1.559999999999999609e+00 3.004725704899698111e-14
1.574999999999999512e+00 2.835352663642532697e-14
1.589999999999999414e+00 2.882861999275486582e-14
1.604999999999999316e+00 3.058131083566576289e-14
1.619999999999999218e+00 3.150937640707555369e-14
1.634999999999999121e+00 3.360228753341230306e-14
1.649999999999999023e+00 3.703631342577923629e-14
1.664999999999998925e+00 3.803382762110870794e-14
1.679999999999998828e+00 3.936509998715066028e-14
1.694999999999998730e+00 4.397285984970200820e-14
1.709999999999998632e+00 4.829849792179588187e-14
1.724999999999998535e+00 4.849419969699131750e-14
1.739999999999998437e+00 6.159058246391141709e-14
1.754999999999998339e+00 7.214114918008413099e-14
1.769999999999998241e+00 7.737826427391873838e-14
1.784999999999998144e+00 7.940200885773414144e-14
1.799999999999998046e+00 9.802642091032600988e-14
1.814999999999997948e+00 1.526740593321455319e-13
1.829999999999997851e+00 1.592552099573839280e-13
1.844999999999997753e+00 2.278501390304488848e-13
1.859999999999997655e+00 6.192518502508087645e-13
1.874999999999997558e+00 6.887171649695347786e-02
1.889999999999997460e+00 6.906090181503848902e-01
1.904999999999997362e+00 2.065997466117387216e+00
1.919999999999997264e+00 3.969029357724238150e+00
1.934999999999997167e+00 6.310817887638506818e+00
1.949999999999997069e+00 8.769095979306678501e+00
1.964999999999996971e+00 1.014698988833557891e+01
1.979999999999996874e+00 9.293650732561841821e+00
1.994999999999996776e+00 6.516946037018576554e+00
2.009999999999996678e+00 3.391144411758867605e+00
2.024999999999996803e+00 1.314100419791280228e+00
2.039999999999996483e+00 5.751808007516696630e-01
2.054999999999996163e+00 5.813020188293179791e-01
2.069999999999996287e+00 6.254804274735618064e-01
2.084999999999996412e+00 4.479257383304763862e-01
2.099999999999996092e+00 2.658744574836935937e-01
2.114999999999995772e+00 3.639128866240330384e-01
2.129999999999995897e+00 7.131569627019764823e-01
2.144999999999996021e+00 9.648043099475606121e-01
2.159999999999995701e+00 8.263885552469100171e-01
2.174999999999995381e+00 3.888942618509133031e-01
2.189999999999995506e+00 2.188523001331896603e-02
2.204999999999995630e+00 3.164864109721669122e-02
2.219999999999995310e+00 4.025789121992309205e-01
2.234999999999994991e+00 8.047792214054243498e-01
2.249999999999995115e+00 8.909889331265018475e-01
2.264999999999995239e+00 6.001605295139978979e-01
2.279999999999994920e+00 1.870609168582380855e-01
2.294999999999994600e+00 1.410702872379954523e-03
2.309999999999994724e+00 1.916472204205960650e-01
2.324999999999994849e+00 5.525185620616979154e-01
2.339999999999994529e+00 7.016723414684964411e-01
2.354999999999994209e+00 4.716839969730355908e-01
2.369999999999994333e+00 1.095756978555293415e-01
2.384999999999994458e+00 3.464387121992245782e-13
2.399999999999994138e+00 2.307083548846904299e-13
2.414999999999993818e+00 2.199743221237043331e-13
2.429999999999993943e+00 2.165266957458210155e-13
2.444999999999994067e+00 1.068369171154470198e-12
2.459999999999993747e+00 3.353821657825024616e-01
2.474999999999993427e+00 7.547167583134466451e-01
2.489999999999993552e+00 8.161647744617535061e-01
2.504999999999993676e+00 4.582110132704493854e-01
2.519999999999993356e+00 5.637453709202532026e-02
2.534999999999993037e+00 2.850126445686042942e-13
2.549999999999993161e+00 2.355182203507539455e-13
2.564999999999993285e+00 2.171486974539258773e-13
2.579999999999992966e+00 2.299017760001199505e-13
2.594999999999992646e+00 2.891474406876209869e-13
2.609999999999992770e+00 4.044928143833860332e-13
2.624999999999992895e+00 3.643901672933025102e-12
2.639999999999992575e+00 1.042390956333954372e-01
2.654999999999992255e+00 1.792764220467779335e-01
2.669999999999992379e+00 1.122863519819656958e-01
2.684999999999992504e+00 4.782544236529246156e-12
2.699999999999992184e+00 3.470566150397822905e-13
2.714999999999991864e+00 2.161417320376966886e-13
2.729999999999991989e+00 1.493952098705149232e-13
2.744999999999992113e+00 1.183198096468484965e-13
2.759999999999991793e+00 1.036096814184507122e-13
2.774999999999991473e+00 9.845989641021230043e-14
2.789999999999991598e+00 1.004450749871663443e-13
2.804999999999991722e+00 1.093958385114004989e-13
2.819999999999991402e+00 1.271409207889591909e-13
2.834999999999991083e+00 1.586548823382330140e-13
2.849999999999991207e+00 2.161781243039381136e-13
2.864999999999991331e+00 3.212258627640735938e-13
2.879999999999991012e+00 6.557260284652190256e-13
2.894999999999990692e+00 4.858149362845641528e-02
2.909999999999990816e+00 1.826592047686780296e-01
2.924999999999990941e+00 2.314532657474577815e-01
2.939999999999990621e+00 1.295373438634104535e-01
2.954999999999990301e+00 5.293096910710265627e-11
2.969999999999990425e+00 4.424966380480458394e-13
2.984999999999990550e+00 5.943938168195749577e-13
