2.800000000000000266e-01 8.930824234362011449e-01 8.972504988740400700e-01
2.880000000000000338e-01 8.859041465088810519e-01 8.975685400360767785e-01
2.960000000000000409e-01 8.801999288598080229e-01 8.978866939316043627e-01
3.040000000000000480e-01 8.754378300487001274e-01 8.982049606005821918e-01
3.120000000000000551e-01 8.694188056322191827e-01 8.985233400829842898e-01
3.200000000000000067e-01 8.677832110834157175e-01 8.988418324187988917e-01
3.280000000000000138e-01 8.691491028353354187e-01 8.991604376480281102e-01
3.360000000000000209e-01 8.745752215612275782e-01 8.994791558106882690e-01
3.440000000000000280e-01 8.845502757922508730e-01 8.997979869468101244e-01
3.520000000000000351e-01 8.955303897730002571e-01 9.001169310964383108e-01
3.600000000000000422e-01 9.100444020599667283e-01 9.004359882996320064e-01
3.679999999999999938e-01 9.281438744443804012e-01 9.007551585964642671e-01
3.760000000000000009e-01 9.474874029630848682e-01 9.010744420270226929e-01
3.840000000000000080e-01 9.672182649556622103e-01 9.013938386314085394e-01
3.920000000000000151e-01 9.825596865931337520e-01 9.017133484497378282e-01
4.000000000000000222e-01 9.924827642127339589e-01 9.020329715221405698e-01
4.080000000000000293e-01 9.974960002514580149e-01 9.023527078887610964e-01
4.160000000000000364e-01 1.000000000000000000e+00 9.023527898963866756e-01
4.240000000000000435e-01 9.951192818105277782e-01 9.020330535007079487e-01
4.320000000000000506e-01 9.826379172088347547e-01 9.017134303992571098e-01
4.400000000000000577e-01 9.652164520766357558e-01 9.013939205518901598e-01
4.480000000000000648e-01 9.475382637234086580e-01 9.010745239184769773e-01
4.560000000000000164e-01 9.288746132935173927e-01 9.007552404589015405e-01
4.640000000000000235e-01 9.131847414291335285e-01 9.004360701330623717e-01
4.720000000000000306e-01 9.008708806778245037e-01 9.001170129008720933e-01
4.800000000000000377e-01 8.898247630186498780e-01 8.997980687222575380e-01
4.879999999999999893e-01 8.814844135304226169e-01 8.994792375571597498e-01
4.959999999999999964e-01 8.771204788826921783e-01 8.991605193655337613e-01
5.040000000000000036e-01 8.777198022176456726e-01 8.988419141073491492e-01
5.120000000000000107e-01 8.792515580150154220e-01 8.985234217425892567e-01
5.200000000000000178e-01 8.826709560813427169e-01 8.982050422312521931e-01
5.280000000000000249e-01 8.869727181772203428e-01 8.978867755333496126e-01
5.360000000000000320e-01 8.925311422070228984e-01 8.975686216089076019e-01
5.440000000000000391e-01 8.994647962389278328e-01 8.972505804179666811e-01
5.520000000000000462e-01 9.040924564439583033e-01 8.969326519205810255e-01
5.600000000000000533e-01 9.082495637937197941e-01 8.966148360768192438e-01
5.680000000000000604e-01 9.108019987986950561e-01 8.962971328467641552e-01
5.760000000000000675e-01 9.095654148665066607e-01 8.959795421905125679e-01
5.840000000000000746e-01 9.097931060835656725e-01 8.956620640681756118e-01
5.920000000000000817e-01 9.049393893367960739e-01 8.953446984398781838e-01
6.000000000000000888e-01 9.019412895389492535e-01 8.950274452657597246e-01
6.080000000000000959e-01 8.970035750065865621e-01 8.947103045059736637e-01
6.160000000000001030e-01 8.918143974685617259e-01 8.943932761206874194e-01
6.239999999999999991e-01 8.888819109507254401e-01 8.940763600700826208e-01
6.320000000000000062e-01 8.829684669700557098e-01 8.937595563143551081e-01
6.400000000000000133e-01 8.841732585174104653e-01 8.934428648137147100e-01
6.480000000000000204e-01 8.832615367386720262e-01 8.931262855283852442e-01
6.560000000000000275e-01 8.835023340970582506e-01 8.928098184186048503e-01
6.640000000000000346e-01 8.835613171379179676e-01 8.924934634446255455e-01
6.720000000000000417e-01 8.864596861344964385e-01 8.921772205667136690e-01
6.800000000000000488e-01 8.922107195401468571e-01 8.918610897451495489e-01
6.879999999999999449e-01 8.933156306550956716e-01 8.915450709402272800e-01
6.959999999999999520e-01 8.951639653778066252e-01 8.912291641122556118e-01
7.039999999999999591e-01 8.977062124787871245e-01 8.909133692215568390e-01
7.119999999999999662e-01 8.992366258268394974e-01 8.905976862284675777e-01
7.199999999999999734e-01 8.999645708179461190e-01 8.902821150933384331e-01
7.279999999999999805e-01 8.980350418810368884e-01 8.899666557765342212e-01
7.359999999999999876e-01 8.981481115788239045e-01 8.896513082384333027e-01
7.439999999999999947e-01 8.956027211257862053e-01 8.893360724394286931e-01
7.520000000000000018e-01 8.926970553891079296e-01 8.890209483399269530e-01
7.600000000000000089e-01 8.888581921222451498e-01 8.887059359003491865e-01
7.680000000000000160e-01 8.857540360946261071e-01 8.883910350811300427e-01
7.760000000000000231e-01 8.834942756512588202e-01 8.880762458427182704e-01
7.840000000000000302e-01 8.813128346111183120e-01 8.877615681455769403e-01
7.920000000000000373e-01 8.790324357823474655e-01 8.874470019501827789e-01
8.000000000000000444e-01 8.796343517782336807e-01 8.871325472170268345e-01
8.080000000000000515e-01 8.803739879461690565e-01 8.868182039066137001e-01
8.160000000000000586e-01 8.824101179927090755e-01 8.865039719794625128e-01
8.240000000000000657e-01 8.820884707457413709e-01 8.861898513961059543e-01
8.320000000000000728e-01 8.846718397182766758e-01 8.858758421170910280e-01
8.400000000000000799e-01 8.869804066751721949e-01 8.855619441029785044e-01
8.479999999999999760e-01 8.887132753876485491e-01 8.852481573143431426e-01
8.559999999999999831e-01 8.923062003971206080e-01 8.849344817117736905e-01
8.639999999999999902e-01 8.897624287524529274e-01 8.846209172558729961e-01
8.719999999999999973e-01 8.893928026604365211e-01 8.843074639072575627e-01
8.800000000000000044e-01 8.872440295294177215e-01 8.839941216265583268e-01
8.880000000000000115e-01 8.863999519295945317e-01 8.836808903744195476e-01
8.960000000000000187e-01 8.861958686025931398e-01 8.833677701115000280e-01
9.040000000000000258e-01 8.826702353060751349e-01 8.830547607984723379e-01
9.120000000000000329e-01 8.807939758482654646e-01 8.827418623960224808e-01
9.200000000000000400e-01 8.785099670329062915e-01 8.824290748648511151e-01
9.280000000000000471e-01 8.779509651660736269e-01 8.821163981656725550e-01
9.360000000000000542e-01 8.767758596326599152e-01 8.818038322592147704e-01
9.440000000000000613e-01 8.766655894297196161e-01 8.814913771062200532e-01
9.520000000000000684e-01 8.759679421188042436e-01 8.811790326674443508e-01
9.600000000000000755e-01 8.776937704408768193e-01 8.808667989036577106e-01
9.679999999999999716e-01 8.794850306516744931e-01 8.805546757756437248e-01
9.759999999999999787e-01 8.780205772242201112e-01 8.802426632442004184e-01
9.839999999999999858e-01 8.803608574639796291e-01 8.799307612701391390e-01
9.919999999999999929e-01 8.805874395540060906e-01 8.796189698142854452e-01
1.000000000000000000e+00 8.812677666463133441e-01 8.793072888374788842e-01
1.008000000000000007e+00 8.842615217123119820e-01 8.789957183005725483e-01
1.016000000000000014e+00 8.823204550242381705e-01 8.786842581644335182e-01
1.024000000000000021e+00 8.824284088391598502e-01 8.783729083899430856e-01
1.032000000000000028e+00 8.813510189089545088e-01 8.780616689379957540e-01
1.040000000000000036e+00 8.803937358609390529e-01 8.777505397695003486e-01
1.048000000000000043e+00 8.784278194947102714e-01 8.774395208453795725e-01
1.056000000000000050e+00 8.758717861983210673e-01 8.771286121265696734e-01
1.064000000000000057e+00 8.759094843343765424e-01 8.768178135740209989e-01
1.072000000000000064e+00 8.753872526903518914e-01 8.765071251486976633e-01
1.080000000000000071e+00 8.723338334367348734e-01 8.761965468115774369e-01
1.088000000000000078e+00 8.719360659715208461e-01 8.758860785236521895e-01
1.096000000000000085e+00 8.727539938422613774e-01 8.755757202459274469e-01
1.104000000000000092e+00 8.719763006873707534e-01 8.752654719394226124e-01
1.112000000000000099e+00 8.724874293311697393e-01 8.749553335651709673e-01
1.120000000000000107e+00 8.738197676540913061e-01 8.746453050842192267e-01
1.128000000000000114e+00 8.754972635369359102e-01 8.743353864576285384e-01
1.136000000000000121e+00 8.749462344132394875e-01 8.740255776464733728e-01
1.144000000000000128e+00 8.755293884280233030e-01 8.737158786118420783e-01
1.152000000000000135e+00 8.758025305430298113e-01 8.734062893148369922e-01
1.160000000000000142e+00 8.763632165055325052e-01 8.730968097165738850e-01
1.168000000000000149e+00 8.751009108307075124e-01 8.727874397781826277e-01
1.176000000000000156e+00 8.737605251846408683e-01 8.724781794608067464e-01
1.184000000000000163e+00 8.752425692260850099e-01 8.721690287256035345e-01
1.192000000000000171e+00 8.761242282246184399e-01 8.718599875337440519e-01
1.200000000000000178e+00 8.734596921874231423e-01 8.715510558464130142e-01
1.208000000000000185e+00 8.689470714733944501e-01 8.712422336248090149e-01
1.216000000000000192e+00 8.684688106443376743e-01 8.709335208301444142e-01
1.223999999999999977e+00 8.691634596830032367e-01 8.706249174236452282e-01
1.231999999999999984e+00 8.674183699531081704e-01 8.703164233665513505e-01
1.239999999999999991e+00 8.682840141270238288e-01 8.700080386201162197e-01
1.247999999999999998e+00 8.675933611047536020e-01 8.696997631456070410e-01
1.256000000000000005e+00 8.690132168137374435e-01 8.693915969043050085e-01
1.264000000000000012e+00 8.686025359384514921e-01 8.690835398575045279e-01
1.272000000000000020e+00 8.688366233768212155e-01 8.687755919665143267e-01
1.280000000000000027e+00 8.693924017042737873e-01 8.684677531926562333e-01
1.288000000000000034e+00 8.698164582901477537e-01 8.681600234972663976e-01
1.296000000000000041e+00 8.694926652753349750e-01 8.678524028416941816e-01
1.304000000000000048e+00 8.694770182327453689e-01 8.675448911873027136e-01
1.312000000000000055e+00 8.683761316532059293e-01 8.672374884954690000e-01
1.320000000000000062e+00 8.709148500981961361e-01 8.669301947275838138e-01
1.328000000000000069e+00 8.697786653084126351e-01 8.666230098450511399e-01
1.336000000000000076e+00 8.673477039543739942e-01 8.663159338092891737e-01
1.344000000000000083e+00 8.688820569560704588e-01 8.660089665817294335e-01
1.352000000000000091e+00 8.675056630266243518e-01 8.657021081238174265e-01
1.360000000000000098e+00 8.663819908443933793e-01 8.653953583970117602e-01
1.368000000000000105e+00 8.653683763085707747e-01 8.650887173627852533e-01
1.376000000000000112e+00 8.657928755877439819e-01 8.647821849826241580e-01
1.384000000000000119e+00 8.648825978914892465e-01 8.644757612180283823e-01
1.392000000000000126e+00 8.646946286464619602e-01 8.641694460305114900e-01
1.400000000000000133e+00 8.632452704420505718e-01 8.638632393816007005e-01
1.407999999999999918e+00 8.633508516050921733e-01 8.635571412328366669e-01
1.415999999999999925e+00 8.630081557098264744e-01 8.632511515457741424e-01
1.423999999999999932e+00 8.638334964246524583e-01 8.629452702819809806e-01
1.431999999999999940e+00 8.650752616477374035e-01 8.626394974030389129e-01
1.439999999999999947e+00 8.635353975447727093e-01 8.623338328705433264e-01
1.447999999999999954e+00 8.655446071987468182e-01 8.620282766461031532e-01
1.455999999999999961e+00 8.644854076834309620e-01 8.617228286913407587e-01
1.463999999999999968e+00 8.645570931605515153e-01 8.614174889678922753e-01
1.471999999999999975e+00 8.623854579772752826e-01 8.611122574374074912e-01
1.479999999999999982e+00 8.637309344900688801e-01 8.608071340615497391e-01
1.487999999999999989e+00 8.634622242936083047e-01 8.605021188019958966e-01
1.495999999999999996e+00 8.635699638893105101e-01 8.601972116204363861e-01
1.504000000000000004e+00 8.631700239712531975e-01 8.598924124785752854e-01
1.512000000000000011e+00 8.603369661878044194e-01 8.595877213381301063e-01
1.520000000000000018e+00 8.596492044157714174e-01 8.592831381608321273e-01
1.528000000000000025e+00 8.607608638842202398e-01 8.589786629084259495e-01
1.536000000000000032e+00 8.583851759108486190e-01 8.586742955426700519e-01
1.544000000000000039e+00 8.584757636819976279e-01 8.583700360253360140e-01
1.552000000000000046e+00 8.558415345236269900e-01 8.580658843182095152e-01
1.560000000000000053e+00 8.579740218204144897e-01 8.577618403830893357e-01
1.568000000000000060e+00 8.587840961108227367e-01 8.574579041817879110e-01
1.576000000000000068e+00 8.562894821142196244e-01 8.571540756761311108e-01
1.584000000000000075e+00 8.569236731638830706e-01 8.568503548279587934e-01
1.592000000000000082e+00 8.570634776517678244e-01 8.565467415991238065e-01
1.600000000000000089e+00 8.544599573412133831e-01 8.562432359514926539e-01
1.608000000000000096e+00 8.564663686654561126e-01 8.559398378469453839e-01
1.616000000000000103e+00 8.588274959116138918e-01 8.556365472473757006e-01
1.624000000000000110e+00 8.565370019508151689e-01 8.553333641146907418e-01
1.632000000000000117e+00 8.551719837317426354e-01 8.550302884108107460e-01
1.640000000000000124e+00 8.541544765234669878e-01 8.547273200976700513e-01
1.648000000000000131e+00 8.534671163827878271e-01 8.544244591372163189e-01
1.655999999999999917e+00 8.538672443743512419e-01 8.541217054914103102e-01
1.663999999999999924e+00 8.528641586885050696e-01 8.538190591222267756e-01
1.671999999999999931e+00 8.516219894619185826e-01 8.535165199916535661e-01
1.679999999999999938e+00 8.509802789485014785e-01 8.532140880616921885e-01
1.687999999999999945e+00 8.514503323084777753e-01 8.529117632943575833e-01
1.695999999999999952e+00 8.503282717575374461e-01 8.526095456516780136e-01
1.703999999999999959e+00 8.513653071925507687e-01 8.523074350956956202e-01
1.711999999999999966e+00 8.504746901063512388e-01 8.520054315884653118e-01
1.719999999999999973e+00 8.503310784408585343e-01 8.517035350920560965e-01
1.727999999999999980e+00 8.496881169200226624e-01 8.514017455685499725e-01
1.735999999999999988e+00 8.507964078797730645e-01 8.511000629800428152e-01
1.743999999999999995e+00 8.504540328309235786e-01 8.507984872886433791e-01
1.752000000000000002e+00 8.504306843099734836e-01 8.504970184564742963e-01
1.760000000000000009e+00 8.491660569166140649e-01 8.501956564456712995e-01
1.768000000000000016e+00 8.470026232107347175e-01 8.498944012183837771e-01
1.776000000000000023e+00 8.509638229078353433e-01 8.495932527367746623e-01
1.784000000000000030e+00 8.484706889258430973e-01 8.492922109630198779e-01
1.792000000000000037e+00 8.471004820535622537e-01 8.489912758593087805e-01
1.800000000000000044e+00 8.469969041726328474e-01 8.486904473878446042e-01
1.808000000000000052e+00 8.461573039114624883e-01 8.483897255108435731e-01
1.816000000000000059e+00 8.474574487816270985e-01 8.480891101905353446e-01
1.824000000000000066e+00 8.465043439295669714e-01 8.477886013891630101e-01
1.832000000000000073e+00 8.469997989193699395e-01 8.474881990689830946e-01
1.840000000000000080e+00 8.458792558913094117e-01 8.471879031922654457e-01
1.848000000000000087e+00 8.474211078664481978e-01 8.468877137212931228e-01
1.856000000000000094e+00 8.462800460001574931e-01 8.465876306183629518e-01
1.864000000000000101e+00 8.465687859326738174e-01 8.462876538457846376e-01
1.872000000000000108e+00 8.461891165863176800e-01 8.459877833658815405e-01
1.880000000000000115e+00 8.470950774108755299e-01 8.456880191409903436e-01
1.888000000000000123e+00 8.484421237632739921e-01 8.453883611334610526e-01
1.896000000000000130e+00 8.479896385241414425e-01 8.450888093056569961e-01
1.904000000000000137e+00 8.465850722847574339e-01 8.447893636199548251e-01
1.911999999999999922e+00 8.466832269870279148e-01 8.444900240387444024e-01
1.919999999999999929e+00 8.466553632801619989e-01 8.441907905244292465e-01
1.927999999999999936e+00 8.474963172351872576e-01 8.438916630394258656e-01
1.935999999999999943e+00 8.461870674156918293e-01 8.435926415461643124e-01
1.943999999999999950e+00 8.449140405175528112e-01 8.432937260070877405e-01
1.951999999999999957e+00 8.437783341044102770e-01 8.429949163846528482e-01
1.959999999999999964e+00 8.458981599596671064e-01 8.426962126413294341e-01
1.967999999999999972e+00 8.422869547978067972e-01 8.423976147396007308e-01
1.975999999999999979e+00 8.426981310335071029e-01 8.420991226419632936e-01
1.983999999999999986e+00 8.418569573487366675e-01 8.418007363109267782e-01
1.991999999999999993e+00 8.415810846687127311e-01 8.415024557090141633e-01
2.000000000000000000e+00 8.407234544242715435e-01 8.412042807987619719e-01
2.008000000000000007e+00 8.375213044823579533e-01 8.409062115427196060e-01
2.016000000000000014e+00 8.374389216115140089e-01 8.406082479034500121e-01
2.024000000000000021e+00 8.383930751752494137e-01 8.403103898435294594e-01
2.032000000000000028e+00 8.369048668666605462e-01 8.400126373255470957e-01
2.040000000000000036e+00 8.368471405734035917e-01 8.397149903121058356e-01
2.048000000000000043e+00 8.380604549344107257e-01 8.394174487658214723e-01
2.056000000000000050e+00 8.375006046549824390e-01 8.391200126493231215e-01
2.064000000000000057e+00 8.370246512474792677e-01 8.388226819252531108e-01
2.072000000000000064e+00 8.358251154962856866e-01 8.385254565562673124e-01
2.080000000000000071e+00 8.362511212948540162e-01 8.382283365050343660e-01
2.088000000000000078e+00 8.361718476968789115e-01 8.379313217342364561e-01
2.096000000000000085e+00 8.353697044023470353e-01 8.376344122065688680e-01
2.104000000000000092e+00 8.336245229157044356e-01 8.373376078847402093e-01
2.112000000000000099e+00 8.335432006560701268e-01 8.370409087314720775e-01
