1.500000000000000000e+00 2.370057164156679268e-12
1.510000000000000009e+00 1.101732067133999654e-12
1.520000000000000018e+00 1.037565840169760173e-12
1.530000000000000027e+00 9.868986323412050953e-13
1.540000000000000036e+00 9.322015920479679658e-13
1.550000000000000044e+00 8.959090376720708502e-13
1.560000000000000053e+00 8.242806387972016225e-13
1.570000000000000062e+00 8.148827859318729100e-13
1.580000000000000071e+00 7.887742730221897735e-13
1.590000000000000080e+00 7.927371682547725553e-13
1.600000000000000089e+00 7.830195484177938977e-13
1.610000000000000098e+00 7.614590650812545960e-13
1.620000000000000107e+00 7.915330773514169153e-13
1.630000000000000115e+00 8.059772698058615222e-13
1.640000000000000124e+00 8.364032074366719572e-13
1.650000000000000133e+00 8.688577495947590573e-13
1.660000000000000142e+00 8.471578905107882800e-13
1.670000000000000151e+00 8.580741272499380882e-13
1.680000000000000160e+00 8.967995957861445015e-13
1.690000000000000169e+00 9.057809892334157085e-13
1.700000000000000178e+00 9.375153567751136529e-13
1.710000000000000187e+00 9.909239247646061539e-13
1.720000000000000195e+00 1.021937123119652609e-12
1.730000000000000204e+00 1.086309478784298738e-12
1.740000000000000213e+00 1.212407145833386697e-12
1.750000000000000222e+00 1.313209717252195282e-12
1.760000000000000231e+00 1.397332401125526279e-12
1.770000000000000240e+00 1.568373652068421059e-12
1.780000000000000249e+00 1.778791097699665208e-12
1.790000000000000258e+00 1.853796152164730286e-12
1.800000000000000266e+00 1.900270940645498951e-12
1.810000000000000275e+00 2.125731387296520904e-12
1.820000000000000284e+00 2.580572228398836115e-12
1.830000000000000293e+00 3.167739219824591771e-12
1.840000000000000302e+00 3.746868169383185878e-12
1.850000000000000311e+00 4.209132180742485623e-12
1.860000000000000320e+00 5.580073226078986342e-12
1.870000000000000329e+00 2.900269421346678258e-12
1.880000000000000338e+00 2.378760793392938631e-11
1.890000000000000346e+00 2.227047016661859447e-01
1.900000000000000355e+00 8.097223877325444574e-01
1.910000000000000364e+00 1.772115133685630894e+00
1.920000000000000373e+00 3.062562294129973495e+00
1.930000000000000382e+00 4.602700423880210501e+00
1.940000000000000391e+00 6.258882511524494596e+00
1.950000000000000400e+00 7.810371035578003607e+00
1.960000000000000409e+00 8.970970766130392349e+00
1.970000000000000417e+00 9.473156376392125821e+00
1.980000000000000426e+00 9.170786295605839911e+00
1.990000000000000435e+00 8.106961516004506763e+00
2.000000000000000444e+00 6.506629456043890869e+00
2.010000000000000675e+00 4.698973686049006560e+00
2.020000000000000462e+00 3.013299461125819256e+00
2.030000000000000249e+00 1.687917297451142939e+00
2.040000000000000480e+00 8.211274512077507692e-01
2.050000000000000711e+00 3.795738184517564728e-01
2.060000000000000497e+00 2.483886030308361803e-01
2.070000000000000284e+00 2.924524413483519658e-01
2.080000000000000515e+00 4.059862973960906007e-01
2.090000000000000746e+00 5.338404834242252983e-01
2.100000000000000533e+00 6.588680127519404017e-01
2.110000000000000320e+00 7.724722125455825150e-01
2.120000000000000551e+00 8.541460071682380750e-01
2.130000000000000782e+00 8.713170014045302780e-01
2.140000000000000568e+00 7.954886757283674559e-01
2.150000000000000355e+00 6.248657425007760891e-01
2.160000000000000586e+00 3.995250077175409031e-01
2.170000000000000817e+00 1.952325731618648474e-01
2.180000000000000604e+00 9.431896649208348915e-02
2.190000000000000391e+00 1.483605010229303578e-01
2.200000000000000622e+00 3.521599027275981730e-01
2.210000000000000853e+00 6.405955523524859974e-01
2.220000000000000639e+00 9.096301626205077762e-01
2.230000000000000426e+00 1.054983959833888374e+00
2.240000000000000657e+00 1.014819875232737312e+00
2.250000000000000888e+00 7.980185463642328614e-01
2.260000000000000675e+00 4.832655978126332297e-01
2.270000000000000462e+00 1.870272965537483900e-01
2.280000000000000693e+00 1.269996593547805669e-02
2.290000000000000924e+00 4.260706456339697096e-12
2.300000000000000711e+00 9.116896093709195292e-02
2.310000000000000497e+00 3.171010078916299268e-01
2.320000000000000728e+00 6.221748753349582994e-01
2.330000000000000959e+00 9.037525774183473581e-01
2.340000000000000746e+00 1.060433932988319450e+00
2.350000000000000533e+00 1.034365072622013715e+00
2.360000000000000764e+00 8.345206102366280465e-01
2.370000000000000995e+00 5.338097099021836822e-01
2.380000000000000782e+00 2.406441176567703510e-01
2.390000000000000568e+00 5.217179851550591413e-02
2.400000000000000799e+00 7.432186780001945226e-12
2.410000000000001030e+00 6.428027696068070781e-12
2.420000000000000817e+00 5.142653792119790260e-12
2.430000000000000604e+00 2.771326204491730491e-02
2.440000000000000835e+00 1.731177117990311820e-01
2.450000000000001066e+00 4.094569795977067161e-01
2.460000000000000853e+00 6.456203940419169562e-01
2.470000000000000639e+00 7.827950876588066764e-01
2.480000000000000870e+00 7.618242330715664368e-01
2.490000000000001101e+00 5.896206772024318310e-01
2.500000000000000888e+00 3.377344369865821760e-01
2.510000000000000675e+00 1.122581717096924059e-01
2.520000000000000906e+00 2.807812526585874107e-10
2.530000000000001137e+00 2.720453602459358052e-12
2.540000000000000924e+00 6.728734258791291076e-12
2.550000000000000711e+00 4.781853826889464749e-12
2.560000000000000941e+00 4.783072572798886130e-12
2.570000000000001172e+00 5.098090982541327588e-12
2.580000000000000959e+00 6.325028258881753235e-12
2.590000000000000746e+00 5.940598762628836252e-12
2.600000000000000977e+00 3.724036434203968306e-12
2.610000000000001208e+00 1.560498852346002899e-02
2.620000000000000995e+00 7.751820821710862786e-02
2.630000000000000782e+00 1.524569278899565450e-01
2.640000000000001013e+00 1.932172088814368138e-01
2.650000000000001243e+00 1.739990068765057407e-01
2.660000000000001030e+00 1.064556493910705920e-01
2.670000000000000817e+00 3.354639360315505442e-02
2.680000000000001048e+00 6.033559294770083763e-11
2.690000000000001279e+00 2.988392450871114236e-12
2.700000000000001066e+00 5.191047690282248301e-12
2.710000000000000853e+00 3.574125706347244193e-12
2.720000000000001084e+00 2.883484125044577791e-12
2.730000000000001315e+00 2.456043412647470849e-12
2.740000000000001101e+00 2.189471445912805666e-12
2.750000000000000888e+00 2.030506765599087244e-12
2.760000000000001119e+00 1.949967947020555259e-12
2.770000000000001350e+00 1.932933105642651824e-12
2.780000000000001137e+00 1.973470642159152189e-12
2.790000000000000924e+00 2.072653656114970791e-12
2.800000000000001155e+00 2.238634331508536755e-12
2.810000000000001386e+00 2.488692307406850345e-12
2.820000000000001172e+00 2.854110885701614786e-12
2.830000000000000959e+00 3.390105077712295709e-12
2.840000000000001190e+00 4.195660351949797704e-12
2.850000000000001421e+00 5.453365031317608258e-12
2.860000000000001208e+00 7.508466080629140945e-12
2.870000000000000995e+00 1.101496606730092842e-11
2.880000000000001226e+00 1.712976613479265827e-11
2.890000000000001457e+00 2.745724983978635373e-11
2.900000000000001243e+00 4.297224497492413436e-11
2.910000000000001030e+00 5.942635274315234513e-11
2.920000000000001261e+00 6.345575615554041779e-11
2.930000000000001492e+00 5.103042529491619360e-11
2.940000000000001279e+00 3.471427008559977602e-11
2.950000000000001066e+00 2.242880743234918890e-11
2.960000000000001297e+00 1.465425925116382108e-11
2.970000000000001528e+00 1.002132843727696131e-11
2.980000000000001315e+00 7.256288970808812541e-12
2.990000000000001101e+00 5.552764060302833994e-12
3.000000000000001332e+00 4.460094273655610448e-12
3.010000000000001563e+00 3.731304896925923068e-12
3.020000000000001350e+00 3.228449512528201449e-12
3.030000000000001137e+00 2.871820289851823458e-12
3.040000000000001368e+00 2.613540000249172195e-12
3.050000000000001599e+00 2.423719174072157025e-12
3.060000000000001386e+00 2.283023004237568139e-12
3.070000000000001172e+00 2.178561320688624299e-12
3.080000000000001403e+00 2.101547504618826531e-12
3.090000000000001634e+00 2.045926301136320618e-12
3.100000000000001421e+00 2.007545988181364149e-12
3.110000000000001208e+00 1.983642402886085653e-12
3.120000000000001439e+00 1.972504331418161822e-12
3.130000000000001670e+00 1.973246500233628336e-12
3.140000000000001457e+00 1.985649152668955640e-12
3.150000000000001243e+00 2.010042252548821219e-12
3.160000000000001474e+00 2.047222856879788649e-12
3.170000000000001705e+00 2.098399081570989799e-12
3.180000000000001492e+00 2.165155235073801829e-12
3.190000000000001279e+00 2.249431462245579029e-12
3.200000000000001510e+00 2.353508344273944791e-12
3.210000000000001741e+00 2.479982768472782902e-12
3.220000000000001528e+00 2.631716203157090152e-12
3.230000000000001315e+00 2.811731005744602492e-12
3.240000000000001545e+00 3.023026334561087666e-12
3.250000000000001776e+00 3.268286425859792407e-12
3.260000000000001563e+00 3.549466484781408123e-12
3.270000000000001350e+00 3.867272200114897323e-12
3.280000000000001581e+00 4.220601646778132476e-12
3.290000000000001812e+00 4.606086108107505747e-12
3.300000000000001599e+00 5.017924030812246360e-12
3.310000000000001386e+00 5.448208435407728806e-12
3.320000000000001616e+00 5.887864261800023804e-12
3.330000000000001847e+00 6.328137384640723632e-12
3.340000000000001634e+00 6.762373017691040308e-12
3.350000000000001421e+00 7.187693882130752331e-12
3.360000000000001652e+00 7.606222200983888055e-12
3.370000000000001883e+00 8.025681497512238400e-12
3.380000000000001670e+00 8.459472924438254874e-12
3.390000000000001457e+00 8.926529431487872392e-12
3.400000000000001688e+00 9.451348157084162026e-12
3.410000000000001918e+00 1.006460485841352313e-11
3.420000000000001705e+00 1.080473542965981540e-11
3.430000000000001492e+00 1.172088984889074036e-11
3.440000000000001723e+00 1.287818987749204114e-11
3.450000000000001954e+00 1.436579310530408655e-11
3.460000000000001741e+00 1.628932473639374066e-11
3.470000000000001528e+00 1.979417889193651308e-11
3.480000000000001759e+00 2.022122601841103627e-11
3.490000000000001990e+00 5.763670444820657218e-11
