2.800000000000000266e-01 8.390829008392325372e-01 8.450814788201357342e-01 8.394194349868590033e-01
2.880000000000000338e-01 8.312022104260350375e-01 8.454477118683030312e-01 8.309745695137564780e-01
2.960000000000000409e-01 8.248022101350173108e-01 8.458141036309243521e-01 8.243671886384514869e-01
3.040000000000000480e-01 8.178071526895129839e-01 8.461806541767818990e-01 8.201414754134175311e-01
3.120000000000000551e-01 8.114229618169026548e-01 8.465473635746875170e-01 8.182282978295832843e-01
3.200000000000000067e-01 8.102880841062688466e-01 8.469142318934829161e-01 8.182693308732105208e-01
3.280000000000000138e-01 8.097997400833016890e-01 8.472812592020396716e-01 8.200944995284260575e-01
3.360000000000000209e-01 8.172961116318594454e-01 8.476484455692593345e-01 8.241247463947676266e-01
3.440000000000000280e-01 8.255369104112255663e-01 8.480157910640729879e-01 8.314787954190074881e-01
3.520000000000000351e-01 8.399168930822610291e-01 8.483832957554419130e-01 8.436704623583793916e-01
3.600000000000000422e-01 8.643740837179746395e-01 8.487509597123570337e-01 8.619548336443896286e-01
3.679999999999999938e-01 8.934189402271683900e-01 8.491187830038392503e-01 8.865486241383324639e-01
3.760000000000000009e-01 9.247817562718917417e-01 8.494867656989395499e-01 9.160395619477565976e-01
3.840000000000000080e-01 9.513178501146376531e-01 8.498549078667384515e-01 9.472663738720963345e-01
3.920000000000000151e-01 9.726948672867845591e-01 8.502232095763471165e-01 9.757981730417439881e-01
4.000000000000000222e-01 9.909186432727784544e-01 8.505916708969055717e-01 9.969233964447772323e-01
4.080000000000000293e-01 1.000000000000000000e+00 8.509602918975849306e-01 1.006857988587289698e+00
4.160000000000000364e-01 9.985257018140052399e-01 8.507635882840390851e-01 1.003114419285781489e+00
4.240000000000000435e-01 9.839194655290454117e-01 8.503950524918982845e-01 9.868369403386485494e-01
4.320000000000000506e-01 9.644169738323293828e-01 8.500266763429674688e-01 9.612015041697152817e-01
4.400000000000000577e-01 9.345779782943343106e-01 8.496584597680918449e-01 9.306363581991692335e-01
4.480000000000000648e-01 9.043994072538016349e-01 8.492904026981468180e-01 8.998480806907440677e-01
4.560000000000000164e-01 8.785309839076742566e-01 8.489225050640377690e-01 8.726851110888865781e-01
4.640000000000000235e-01 8.550535737618684129e-01 8.485547667966996110e-01 8.513960112933849356e-01
4.720000000000000306e-01 8.375388315463168087e-01 8.481871878270978993e-01 8.364734276327085993e-01
4.800000000000000377e-01 8.272923549285318146e-01 8.478197680862271657e-01 8.270534319561178016e-01
4.879999999999999893e-01 8.184144967161038897e-01 8.474525075051126954e-01 8.216472418097854336e-01
4.959999999999999964e-01 8.180799999314605220e-01 8.470854060148091946e-01 8.188896518587340800e-01
5.040000000000000036e-01 8.174100784002195086e-01 8.467184635464012343e-01 8.180237866353340381e-01
5.120000000000000107e-01 8.206229478702309343e-01 8.463516800310034727e-01 8.189807242349207428e-01
5.200000000000000178e-01 8.250402287950788782e-01 8.459850553997600997e-01 8.220916171177091725e-01
5.280000000000000249e-01 8.303585529278548760e-01 8.456185895838455036e-01 8.276146313449483927e-01
5.360000000000000320e-01 8.396819153466944519e-01 8.452522825144634933e-01 8.353147838847722051e-01
5.440000000000000391e-01 8.484353549968223218e-01 8.448861341228479649e-01 8.442876325245936009e-01
5.520000000000000462e-01 8.570949001491753316e-01 8.445201443402625685e-01 8.530968418581559298e-01
5.600000000000000533e-01 8.616741264788901900e-01 8.441543130980004861e-01 8.601574582867763663e-01
5.680000000000000604e-01 8.642099480310708737e-01 8.437886403273850977e-01 8.641995983214447730e-01
5.760000000000000675e-01 8.653170562431422574e-01 8.434231259597690933e-01 8.646270132242367401e-01
5.840000000000000746e-01 8.606293246557646937e-01 8.430577699265350278e-01 8.616422142858032318e-01
5.920000000000000817e-01 8.570759914576632221e-01 8.426925721590953211e-01 8.561130178774000177e-01
6.000000000000000888e-01 8.482122060235357530e-01 8.423275325888920362e-01 8.492572532584520273e-01
6.080000000000000959e-01 8.413963608237942093e-01 8.419626511473969899e-01 8.422813836591136472e-01
6.160000000000001030e-01 8.348937027857303850e-01 8.415979277661115310e-01 8.361058606492777212e-01
6.239999999999999991e-01 8.310809600856235990e-01 8.412333623765667623e-01 8.312542012666241931e-01
6.320000000000000062e-01 8.261580362761271612e-01 8.408689549103234295e-01 8.279042102993638963e-01
6.400000000000000133e-01 8.237887118699689371e-01 8.405047052989720324e-01 8.260345073617342271e-01
6.480000000000000204e-01 8.220599839004203435e-01 8.401406134741323806e-01 8.255733890406808939e-01
6.560000000000000275e-01 8.276922106267572410e-01 8.397766793674544816e-01 8.264757902107560117e-01
6.640000000000000346e-01 8.284653476229216773e-01 8.394129029106173201e-01 8.287032639819009727e-01
6.720000000000000417e-01 8.321312294834201095e-01 8.390492840353298565e-01 8.321355572624009600e-01
6.800000000000000488e-01 8.357365415683634113e-01 8.386858226733306942e-01 8.364758116275985422e-01
6.879999999999999449e-01 8.430333531666596159e-01 8.383225187563876357e-01 8.412118606416207900e-01
6.959999999999999520e-01 8.476865989440585114e-01 8.379593722162982372e-01 8.456668512134192239e-01
7.039999999999999591e-01 8.474904312514492943e-01 8.375963829848899200e-01 8.491296094359661595e-01
7.119999999999999662e-01 8.506497448102550152e-01 8.372335509940189713e-01 8.510191559211730539e-01
7.199999999999999734e-01 8.511721652111179370e-01 8.368708761755717651e-01 8.510237306398280577e-01
7.279999999999999805e-01 8.474951239689327842e-01 8.365083584614639856e-01 8.491665898109330701e-01
7.359999999999999876e-01 8.450056048943146436e-01 8.361459977836408486e-01 8.457810583897691359e-01
7.439999999999999947e-01 8.408028246932279792e-01 8.357837940740767690e-01 8.414113282377562175e-01
7.520000000000000018e-01 8.368636812788579071e-01 8.354217472647759157e-01 8.366789571796149350e-01
7.600000000000000089e-01 8.326761948903229626e-01 8.350598572877721004e-01 8.321599273996886925e-01
7.680000000000000160e-01 8.293306589439938259e-01 8.346981240751282227e-01 8.283043095643922715e-01
7.760000000000000231e-01 8.242186116279094366e-01 8.343365475589364921e-01 8.254081464403673074e-01
7.840000000000000302e-01 8.239762633134122272e-01 8.339751276713190942e-01 8.236259442560835975e-01
7.920000000000000373e-01 8.240419841798504175e-01 8.336138643444271912e-01 8.230006668373185397e-01
8.000000000000000444e-01 8.237819483229672501e-01 8.332527575104413664e-01 8.234893014319384363e-01
8.080000000000000515e-01 8.241549602171404088e-01 8.328918071015717350e-01 8.249728820425790143e-01
8.160000000000000586e-01 8.248533382656741964e-01 8.325310130500575001e-01 8.272536028995947088e-01
8.240000000000000657e-01 8.335992968115552015e-01 8.321703752881677296e-01 8.300514433841672535e-01
8.320000000000000728e-01 8.338639899879102257e-01 8.318098937482001354e-01 8.330145283507788267e-01
8.400000000000000799e-01 8.366789819049049726e-01 8.314495683624825162e-01 8.357514100279976876e-01
8.479999999999999760e-01 8.388314202433833078e-01 8.310893990633714257e-01 8.378831975818208377e-01
8.559999999999999831e-01 8.379846503075714104e-01 8.307293857832527273e-01 8.391039836252284223e-01
8.639999999999999902e-01 8.401885955213281854e-01 8.303695284545420385e-01 8.392333719687916638e-01
8.719999999999999973e-01 8.378328515839855717e-01 8.300098270096838426e-01 8.382466284440468485e-01
8.800000000000000044e-01 8.347850789752698786e-01 8.296502813811520438e-01 8.362748178691254974e-01
8.880000000000000115e-01 8.340004339509266007e-01 8.292908915014496340e-01 8.335761783227675359e-01
8.960000000000000187e-01 8.304766430679801914e-01 8.289316573031090263e-01 8.304875181451778499e-01
9.040000000000000258e-01 8.272845461528772759e-01 8.285725787186917213e-01 8.273682456713820077e-01
9.120000000000000329e-01 8.245638294752031250e-01 8.282136556807887517e-01 8.245491460605760548e-01
9.200000000000000400e-01 8.237462439220081256e-01 8.278548881220199052e-01 8.222942278821068207e-01
9.280000000000000471e-01 8.204803409622968280e-01 8.274962759750343899e-01 8.207788256000456695e-01
9.360000000000000542e-01 8.213389795796444126e-01 8.271378191725106133e-01 8.200826382744126342e-01
9.440000000000000613e-01 8.184816865993742585e-01 8.267795176471560703e-01 8.201937959111086363e-01
9.520000000000000684e-01 8.216812973500869921e-01 8.264213713317073440e-01 8.210196659120433393e-01
9.600000000000000755e-01 8.225535621219146609e-01 8.260633801589303271e-01 8.224013625135829786e-01
9.679999999999999716e-01 8.239358619377926685e-01 8.257055440616198894e-01 8.241307504993560240e-01
9.759999999999999787e-01 8.242143929255302259e-01 8.253478629726003213e-01 8.259701009663780180e-01
9.839999999999999858e-01 8.284900106943940967e-01 8.249903368247244462e-01 8.276748179098170066e-01
9.919999999999999929e-01 8.282240932146546220e-01 8.246329655508745082e-01 8.290187445850518699e-01
1.000000000000000000e+00 8.308160788601098856e-01 8.242757490839619505e-01 8.298199480007509843e-01
1.008000000000000007e+00 8.297876886069873725e-01 8.239186873569270819e-01 8.299633501149215054e-01
1.016000000000000014e+00 8.301799868820101125e-01 8.235617803027394102e-01 8.294159021636856588e-01
1.024000000000000021e+00 8.283530141846167094e-01 8.232050278543971977e-01 8.282306538376862370e-01
1.032000000000000028e+00 8.262294620328944905e-01 8.228484299449280170e-01 8.265380270526903050e-01
1.040000000000000036e+00 8.247923490884560005e-01 8.224919865073884173e-01 8.245253393012158538e-01
1.048000000000000043e+00 8.231054722689673531e-01 8.221356974748637025e-01 8.224082894446916869e-01
1.056000000000000050e+00 8.233192753748902470e-01 8.217795627804685976e-01 8.203998638859708592e-01
1.064000000000000057e+00 8.191904122719440018e-01 8.214235823573463602e-01 8.186823965923097912e-01
1.072000000000000064e+00 8.161136354109552737e-01 8.210677561386693357e-01 8.173872885701389812e-01
1.080000000000000071e+00 8.169514309414381836e-01 8.207120840576390686e-01 8.165846439905667387e-01
1.088000000000000078e+00 8.154309952810092632e-01 8.203565660474856358e-01 8.162826106156162442e-01
1.096000000000000085e+00 8.157014291650898086e-01 8.200012020414685354e-01 8.164343170629175805e-01
1.104000000000000092e+00 8.173615827503467601e-01 8.196459919728756871e-01 8.169494666957870521e-01
1.112000000000000099e+00 8.181943048082376269e-01 8.192909357750239874e-01 8.177078987784204278e-01
1.120000000000000107e+00 8.183975082877179563e-01 8.189360333812596426e-01 8.185733638943837320e-01
1.128000000000000114e+00 8.202582785513744534e-01 8.185812847249572810e-01 8.194067860539522297e-01
1.136000000000000121e+00 8.218119171392179734e-01 8.182266897395205074e-01 8.200788888249501696e-01
1.144000000000000128e+00 8.204115443355572967e-01 8.178722483583819036e-01 8.204820412749573855e-01
1.152000000000000135e+00 8.227343183698132556e-01 8.175179605150026951e-01 8.205406849676233350e-01
1.160000000000000142e+00 8.213874612129857811e-01 8.171638261428731953e-01 8.202191317904227175e-01
1.168000000000000149e+00 8.179830594947037348e-01 8.168098451755121392e-01 8.195252933625796210e-01
1.176000000000000156e+00 8.190966408008226729e-01 8.164560175464674607e-01 8.185092492737192638e-01
1.184000000000000163e+00 8.194700485501941190e-01 8.161023431893156266e-01 8.172564284174075322e-01
1.192000000000000171e+00 8.150800670412905458e-01 8.157488220376618582e-01 8.158762656705424998e-01
1.200000000000000178e+00 8.157315963191092978e-01 8.153954540251404648e-01 8.144881149490809102e-01
1.208000000000000185e+00 8.138945768129649538e-01 8.150422390854141774e-01 8.132066484289903752e-01
1.216000000000000192e+00 8.103495116848025148e-01 8.146891771521744818e-01 8.121288576788169289e-01
1.223999999999999977e+00 8.112474095411279507e-01 8.143362681591417296e-01 8.113242202341470755e-01
1.231999999999999984e+00 8.097591030781489119e-01 8.139835120400648050e-01 8.108288573489550455e-01
1.239999999999999991e+00 8.105808229403888010e-01 8.136309087287215691e-01 8.106438344174469179e-01
1.247999999999999998e+00 8.101529229590673786e-01 8.132784581589184159e-01 8.107372864813457980e-01
1.256000000000000005e+00 8.109067682071775529e-01 8.129261602644901608e-01 8.110497904665198154e-01
1.264000000000000012e+00 8.113764991488943146e-01 8.125740149793009293e-01 8.115022625091745656e-01
1.272000000000000020e+00 8.141215556999966685e-01 8.122220222372426024e-01 8.120055316726059180e-01
1.280000000000000027e+00 8.125855043286348556e-01 8.118701819722365931e-01 8.124705902155765491e-01
1.288000000000000034e+00 8.142244058279741736e-01 8.115184941182324030e-01 8.128183880157779928e-01
1.296000000000000041e+00 8.133101327606575559e-01 8.111669586092080664e-01 8.129880174279413563e-01
1.304000000000000048e+00 8.134747664970679581e-01 8.108155753791707054e-01 8.129423044467911641e-01
1.312000000000000055e+00 8.142282117614871861e-01 8.104643443621556420e-01 8.126701948363552752e-01
1.320000000000000062e+00 8.116764292765780153e-01 8.101132654922268417e-01 8.121858286717333897e-01
1.328000000000000069e+00 8.154794889957293069e-01 8.097623387034769138e-01 8.115247071575073523e-01
1.336000000000000076e+00 8.085793033235960658e-01 8.094115639300268894e-01 8.107377447593531183e-01
1.344000000000000083e+00 8.097546474596442057e-01 8.090609411060265543e-01 8.098841911158582985e-01
1.352000000000000091e+00 8.121769294832207331e-01 8.087104701656540051e-01 8.090243972638222480e-01
1.360000000000000098e+00 8.113599438819912857e-01 8.083601510431159820e-01 8.082132456697035394e-01
1.368000000000000105e+00 8.062949048171461630e-01 8.080099836726475360e-01 8.074948429777533132e-01
1.376000000000000112e+00 8.072337201153481079e-01 8.076599679885124727e-01 8.068988529974763235e-01
1.384000000000000119e+00 8.073998602223454446e-01 8.073101039250029087e-01 8.064386545351567293e-01
1.392000000000000126e+00 8.072224396969039928e-01 8.069603914164394931e-01 8.061113414337367500e-01
1.400000000000000133e+00 8.060323306063538196e-01 8.066108303971712967e-01 8.058994256848515114e-01
1.407999999999999918e+00 8.057038043930524474e-01 8.062614208015758122e-01 8.057739529848082505e-01
1.415999999999999925e+00 8.049698695320935959e-01 8.059121625640589537e-01 8.056986067879596813e-01
1.423999999999999932e+00 8.061441546862043728e-01 8.055630556190549463e-01 8.056342878485804881e-01
1.431999999999999940e+00 8.081761161129481508e-01 8.052140999010267697e-01 8.055436347466264912e-01
1.439999999999999947e+00 8.060907272432895621e-01 8.048652953444654923e-01 8.053950030912093716e-01
1.447999999999999954e+00 8.080468039445790618e-01 8.045166418838906042e-01 8.051655316378362182e-01
1.455999999999999961e+00 8.081749326492123631e-01 8.041681394538499061e-01 8.048430631579841510e-01
1.463999999999999968e+00 8.065397493668309270e-01 8.038197879889197317e-01 8.044268271877663690e-01
1.471999999999999975e+00 8.054868900611656946e-01 8.034715874237047251e-01 8.039269127960723127e-01
1.479999999999999982e+00 8.050641190250739099e-01 8.031235376928376191e-01 8.033626586770061806e-01
1.487999999999999989e+00 8.018883390258659816e-01 8.027756387309797903e-01 8.027601701164412962e-01
1.495999999999999996e+00 8.012214079952866275e-01 8.024278904728205930e-01 8.021492414978360630e-01
1.504000000000000004e+00 8.005007370719670057e-01 8.020802928530779141e-01 8.015600150404693647e-01
1.512000000000000011e+00 8.020292625872912362e-01 8.017328458064979513e-01 8.010197302657391383e-01
1.520000000000000018e+00 8.003797000530901151e-01 8.013855492678549908e-01 8.005499028344795764e-01
1.528000000000000025e+00 7.987364074569887062e-01 8.010384031719515185e-01 8.001642124873182826e-01
1.536000000000000032e+00 8.008855413897530973e-01 8.006914074536186643e-01 7.998672866628274702e-01
1.544000000000000039e+00 7.985778998128314488e-01 8.003445620477152023e-01 7.996544573605717243e-01
1.552000000000000046e+00 7.993690405372774199e-01 7.999978668891286615e-01 7.995124641819151279e-01
1.560000000000000053e+00 8.008115188016194930e-01 7.996513219127745487e-01 7.994209901651569972e-01
1.568000000000000060e+00 7.993679736161812821e-01 7.993049270535963480e-01 7.993548529656369084e-01
1.576000000000000068e+00 8.012108005108985465e-01 7.989586822465662985e-01 7.992866284351545225e-01
1.584000000000000075e+00 7.997287650622219024e-01 7.986125874266841729e-01 7.991894518363726885e-01
1.592000000000000082e+00 7.995127376359623117e-01 7.982666425289781653e-01 7.990397236095213573e-01
1.600000000000000089e+00 7.968320147699010647e-01 7.979208474885047808e-01 7.988194478632840712e-01
1.608000000000000096e+00 7.991528490079381486e-01 7.975752022403485020e-01 7.985179611313264481e-01
1.616000000000000103e+00 7.986264118355772545e-01 7.972297067196217890e-01 7.981328708650394788e-01
1.624000000000000110e+00 7.994019657360437181e-01 7.968843608614656349e-01 7.976701128975709487e-01
1.632000000000000117e+00 7.946825168334331613e-01 7.965391646010484550e-01 7.971431405602491527e-01
1.640000000000000124e+00 7.960682986336773403e-01 7.961941178735675306e-01 7.965713565397569695e-01
1.648000000000000131e+00 7.953195549802013486e-01 7.958492206142476766e-01 7.959779758379181835e-01
1.655999999999999917e+00 7.959768608036502657e-01 7.955044727583419073e-01 7.953875562834664681e-01
1.663999999999999924e+00 7.948732673614778976e-01 7.951598742411312148e-01 7.948234527145625616e-01
1.671999999999999931e+00 7.914115637922769508e-01 7.948154249979247910e-01 7.943054479925784062e-01
1.679999999999999938e+00 7.924231240684770361e-01 7.944711249640598050e-01 7.938477936876409125e-01
1.687999999999999945e+00 7.923557929319049453e-01 7.941269740749012929e-01 7.934578567578438602e-01
1.695999999999999952e+00 7.898982778622782863e-01 7.937829722658426013e-01 7.931355135291112690e-01
1.703999999999999959e+00 7.922848443848611311e-01 7.934391194723047214e-01 7.928733572776254235e-01
1.711999999999999966e+00 7.912354006602626555e-01 7.930954156297367330e-01 7.926576949113803838e-01
1.719999999999999973e+00 7.905238934030165421e-01 7.927518606736155826e-01 7.924702135281228577e-01
1.727999999999999980e+00 7.898933531966697563e-01 7.924084545394466383e-01 7.922901159846501562e-01
1.735999999999999988e+00 7.902053539910217639e-01 7.920651971627625798e-01 7.920964720633468792e-01
1.743999999999999995e+00 7.926481106375489194e-01 7.917220884791242863e-01 7.918705171472848470e-01
1.752000000000000002e+00 7.911179797523584245e-01 7.913791284241207258e-01 7.915976520994849608e-01
1.760000000000000009e+00 7.913819162713759958e-01 7.910363169333683997e-01 7.912689465518134568e-01
1.768000000000000016e+00 7.904682211117654012e-01 7.906936539425120092e-01 7.908820104148179819e-01
1.776000000000000023e+00 7.907510444677524619e-01 7.903511393872238999e-01 7.904411652581566639e-01
1.784000000000000030e+00 7.896309839490325277e-01 7.900087732032046173e-01 7.899569138360218457e-01
1.792000000000000037e+00 7.877495482652404624e-01 7.896665553261821291e-01 7.894447718353793109e-01
1.800000000000000044e+00 7.885371948224653149e-01 7.893244856919124919e-01 7.889235898402041647e-01
1.808000000000000052e+00 7.878368654512660774e-01 7.889825642361797398e-01 7.884135502238754922e-01
1.816000000000000059e+00 7.871981651896212684e-01 7.886407908947953294e-01 7.879340632627570562e-01
1.824000000000000066e+00 7.863397418637699809e-01 7.882991656035988060e-01 7.875017982986112219e-01
1.832000000000000073e+00 7.872156013521012241e-01 7.879576882984575814e-01 7.871290631067718868e-01
1.840000000000000080e+00 7.847583726338980270e-01 7.876163589152663791e-01 7.868226906273416699e-01
1.848000000000000087e+00 7.844975131477188723e-01 7.872751773899482330e-01 7.865835188636227659e-01
1.856000000000000094e+00 7.877539189353967020e-01 7.869341436584538219e-01 7.864064736140190526e-01
1.864000000000000101e+00 7.857789057045547754e-01 7.865932576567611356e-01 7.862811992425444707e-01
1.872000000000000108e+00 7.863495058405710614e-01 7.862525193208766972e-01 7.861931370728066915e-01
1.880000000000000115e+00 7.886697310639745329e-01 7.859119285868337856e-01 7.861249231913410851e-01
1.888000000000000123e+00 7.858635247246757993e-01 7.855714853906942130e-01 7.860579618807832514e-01
1.896000000000000130e+00 7.891583391505462286e-01 7.852311896685471027e-01 7.859740230159912855e-01
1.904000000000000137e+00 7.881696961954093306e-01 7.848910413565091115e-01 7.858567119388142341e-01
1.911999999999999922e+00 7.846608890237654066e-01 7.845510403907250963e-01 7.856926736117324506e-01
1.919999999999999929e+00 7.871143909835316421e-01 7.842111867073671139e-01 7.854724245744227895e-01
1.927999999999999936e+00 7.890919088487938771e-01 7.838714802426348660e-01 7.851907565158859903e-01
1.935999999999999943e+00 7.883773946508545460e-01 7.835319209327561429e-01 7.848467160866525738e-01
1.943999999999999950e+00 7.857491525920208275e-01 7.831925087139857133e-01 7.844432225947730597e-01
1.951999999999999957e+00 7.850231290325783151e-01 7.828532435226065456e-01 7.839864239222760212e-01
1.959999999999999964e+00 7.823907107353673673e-01 7.825141252949289195e-01 7.834849034839914683e-01
1.967999999999999972e+00 7.831572491335707653e-01 7.821751539672907594e-01 7.829488397405292011e-01
1.975999999999999979e+00 7.827766295416354048e-01 7.818363294760574123e-01 7.823891955376320873e-01
1.983999999999999986e+00 7.820459821046619187e-01 7.814976517576220916e-01 7.818169903544465171e-01
1.991999999999999993e+00 7.811691914123688463e-01 7.811591207484054333e-01 7.812426923752824326e-01
2.000000000000000000e+00 7.785020036744109140e-01 7.808207363848554960e-01 7.806757584597889821e-01
2.008000000000000007e+00 7.793640027182605623e-01 7.804824986034478718e-01 7.801243411959390972e-01
2.016000000000000014e+00 7.800926296541987881e-01 7.801444073406860191e-01 7.795951655368146271e-01
2.024000000000000021e+00 7.800030223672836938e-01 7.798064625331003752e-01 7.790935515618178098e-01
2.032000000000000028e+00 7.790075225915860102e-01 7.794686641172493546e-01 7.786235320081045241e-01
2.040000000000000036e+00 7.772568735479490343e-01 7.791310120297184616e-01 7.781879961445282712e-01
2.048000000000000043e+00 7.770574442723890973e-01 7.787935062071210668e-01 7.777887958918169309e-01
2.056000000000000050e+00 7.771698985311825680e-01 7.784561465860975193e-01 7.774267770646137166e-01
2.064000000000000057e+00 7.763196158492755572e-01 7.781189331033160350e-01 7.771017379597147112e-01
2.072000000000000064e+00 7.758806385987586651e-01 7.777818656954720300e-01 7.768123521066911952e-01
2.080000000000000071e+00 7.744292314118822462e-01 7.774449442992885650e-01 7.765561068832049774e-01
2.088000000000000078e+00 7.729901200512752091e-01 7.771081688515156793e-01 7.763293003688236382e-01
2.096000000000000085e+00 7.768595383218550587e-01 7.767715392889313897e-01 7.761271136388354641e-01
2.104000000000000092e+00 7.730181149532429075e-01 7.764350555483405802e-01 7.759437508553704843e-01
2.112000000000000099e+00 7.720536839243504756e-01 7.760987175665758908e-01 7.757726291920097328e-01
