2.800000000000000266e-01 7.943191832713758505e-01 7.977871146024640980e-01 7.905396974564039558e-01
2.880000000000000338e-01 7.797196497906975221e-01 7.981889856083385082e-01 7.795120100965711174e-01
2.960000000000000409e-01 7.704622346482928874e-01 7.985910590495524097e-01 7.710597792609483747e-01
3.040000000000000480e-01 7.617868711865855014e-01 7.989933350280788993e-01 7.657698230819969254e-01
3.120000000000000551e-01 7.577475574659940927e-01 7.993958136459425878e-01 7.634335318923264335e-01
3.200000000000000067e-01 7.561429986176280149e-01 7.997984950052193787e-01 7.635362331405276537e-01
3.280000000000000138e-01 7.581184015448442226e-01 8.002013792080366894e-01 7.659166541603881218e-01
3.360000000000000209e-01 7.659939744033011921e-01 8.006044663565734520e-01 7.712762191932411859e-01
3.440000000000000280e-01 7.771877012754548897e-01 8.010077565530596688e-01 7.812482524304132925e-01
3.520000000000000351e-01 7.982004483705524844e-01 8.014112498997773004e-01 7.979031685477351310e-01
3.600000000000000422e-01 8.261711210538065231e-01 8.018149464990597108e-01 8.228077929163853943e-01
3.679999999999999938e-01 8.616018056137613179e-01 8.022188464532914454e-01 8.559762408436946135e-01
3.760000000000000009e-01 8.996750767093218970e-01 8.026229498649093408e-01 8.951486743654333278e-01
3.840000000000000080e-01 9.389053813359927725e-01 8.030272568364010821e-01 9.357591411161350070e-01
3.920000000000000151e-01 9.689459793776448171e-01 8.034317674703064238e-01 9.717212966843206123e-01
4.000000000000000222e-01 9.928441424599360188e-01 8.038364818692168567e-01 9.968553844119942831e-01
4.080000000000000293e-01 1.000000000000000000e+00 8.042414001357749420e-01 1.006521103078283907e+00
4.160000000000000364e-01 9.946798914903834943e-01 8.038616315039528448e-01 9.979409390880433772e-01
4.240000000000000435e-01 9.713908068899441695e-01 8.034569044427417595e-01 9.736564307573445376e-01
4.320000000000000506e-01 9.406498124047872889e-01 8.030523811529107769e-01 9.381947618375646725e-01
4.400000000000000577e-01 9.021074136930432585e-01 8.026480615318655198e-01 8.976868791274985604e-01
4.480000000000000648e-01 8.656527653250321030e-01 8.022439454770627920e-01 8.582711390707473686e-01
4.560000000000000164e-01 8.294353707708854717e-01 8.018400328860117998e-01 8.246388554439592067e-01
4.640000000000000235e-01 8.012821259147632214e-01 8.014363236562725978e-01 7.992004823336942287e-01
4.720000000000000306e-01 7.811082906270848669e-01 8.010328176854571991e-01 7.820677435641824049e-01
4.800000000000000377e-01 7.684612724460758715e-01 8.006295148712291310e-01 7.717408866106854060e-01
4.879999999999999893e-01 7.624514893869669407e-01 8.002264151113035462e-01 7.661502755911178131e-01
4.959999999999999964e-01 7.611104904146464012e-01 7.998235183034467788e-01 7.636154007056460413e-01
5.040000000000000036e-01 7.633026107940478200e-01 7.994208243454768992e-01 7.633733865816679787e-01
5.120000000000000107e-01 7.687260667575405160e-01 7.990183331352632701e-01 7.655434804552565531e-01
5.200000000000000178e-01 7.755716963549080800e-01 7.986160445707268796e-01 7.706377369593488957e-01
5.280000000000000249e-01 7.860361094839710683e-01 7.982139585498398970e-01 7.789011377726503538e-01
5.360000000000000320e-01 7.958084305887990206e-01 7.978120749706260062e-01 7.898037757423903571e-01
5.440000000000000391e-01 8.060344305986223423e-01 7.974103937311600721e-01 8.019105194200791820e-01
5.520000000000000462e-01 8.152588568456256013e-01 7.970089147295685850e-01 8.131729050563938355e-01
5.600000000000000533e-01 8.214834769654700830e-01 7.966076378640288835e-01 8.215062879529209106e-01
5.680000000000000604e-01 8.240660195238400654e-01 7.962065630327698207e-01 8.254073923272510216e-01
5.760000000000000675e-01 8.220137901754460685e-01 7.958056901340717637e-01 8.243702684408134029e-01
5.840000000000000746e-01 8.183367202485204439e-01 7.954050190662655950e-01 8.189596281595863392e-01
5.920000000000000817e-01 8.107216107648926862e-01 7.950045497277341555e-01 8.105476019353664574e-01
6.000000000000000888e-01 8.016661100902797710e-01 7.946042820169108012e-01 8.008476920514449038e-01
6.080000000000000959e-01 7.927436259666791329e-01 7.942042158322806245e-01 7.914380702342218576e-01
6.160000000000001030e-01 7.837945948532989426e-01 7.938043510723792329e-01 7.834401116406524146e-01
6.239999999999999991e-01 7.773931675034695399e-01 7.934046876357937483e-01 7.774291169396319034e-01
6.320000000000000062e-01 7.701831582295196599e-01 7.930052254211621410e-01 7.735480563808059262e-01
6.400000000000000133e-01 7.706024259357719952e-01 7.926059643271735622e-01 7.717187789358861405e-01
6.480000000000000204e-01 7.690809616330005483e-01 7.922069042525680116e-01 7.718265789322720227e-01
6.560000000000000275e-01 7.716348792341589657e-01 7.918080450961365591e-01 7.737928947543719627e-01
6.640000000000000346e-01 7.791379951299853834e-01 7.914093867567212337e-01 7.775220344275484141e-01
6.720000000000000417e-01 7.863298243503541451e-01 7.910109291332150239e-01 7.827752038099773380e-01
6.800000000000000488e-01 7.885173394071083308e-01 7.906126721245616551e-01 7.890589775478739076e-01
6.879999999999999449e-01 7.961421714204492961e-01 7.902146156297560342e-01 7.956043476024854399e-01
6.959999999999999520e-01 8.023724428856775504e-01 7.898167595478435832e-01 8.014663996793420786e-01
7.039999999999999591e-01 8.051702787912004000e-01 7.894191037779207942e-01 8.057176265657709502e-01
7.119999999999999662e-01 8.072401822428008078e-01 7.890216482191350078e-01 8.076661299172269715e-01
7.199999999999999734e-01 8.047234613609428600e-01 7.886243927706839685e-01 8.070202092724862997e-01
7.279999999999999805e-01 8.013900904586249707e-01 7.882273373318166021e-01 8.039442056583616658e-01
7.359999999999999876e-01 8.014865424487662704e-01 7.878304818018323497e-01 7.989938728986375471e-01
7.439999999999999947e-01 7.932213291678964495e-01 7.874338260800812783e-01 7.929630345155410653e-01
7.520000000000000018e-01 7.882865189411548679e-01 7.870373700659643035e-01 7.866993399870148007e-01
7.600000000000000089e-01 7.821589749723862894e-01 7.866411136589329667e-01 7.809475557871743412e-01
7.680000000000000160e-01 7.767210208814685490e-01 7.862450567584894356e-01 7.762575767767035950e-01
7.760000000000000231e-01 7.721858626401301162e-01 7.858491992641861712e-01 7.729632325148910743e-01
7.840000000000000302e-01 7.713996427230295216e-01 7.854535410756268154e-01 7.712111970773558589e-01
7.920000000000000373e-01 7.704899383165568771e-01 7.850580820924649705e-01 7.710070129051586063e-01
8.000000000000000444e-01 7.724883911643465328e-01 7.846628222144049758e-01 7.722498142715787939e-01
8.080000000000000515e-01 7.737786080305182335e-01 7.842677613412019078e-01 7.747436383475296839e-01
8.160000000000000586e-01 7.761954366297320052e-01 7.838728993726609140e-01 7.781918833912292444e-01
8.240000000000000657e-01 7.833077201439332393e-01 7.834782362086378793e-01 7.821935719469872428e-01
8.320000000000000728e-01 7.866332756828252615e-01 7.830837717490388705e-01 7.862608459138817896e-01
8.400000000000000799e-01 7.894724567595294840e-01 7.826895058938205807e-01 7.898674380900025938e-01
8.479999999999999760e-01 7.927622710440312970e-01 7.822954385429898849e-01 7.925231024150242165e-01
8.559999999999999831e-01 7.935864379756963904e-01 7.819015695966041735e-01 7.938561335381602024e-01
8.639999999999999902e-01 7.940534553163840492e-01 7.815078989547711297e-01 7.936806226658372765e-01
8.719999999999999973e-01 7.927044070424670297e-01 7.811144265176485080e-01 7.920288194726796682e-01
8.800000000000000044e-01 7.878442712546919191e-01 7.807211521854445779e-01 7.891398081033600409e-01
8.880000000000000115e-01 7.850544386127098484e-01 7.803280758584177912e-01 7.854089715232674962e-01
8.960000000000000187e-01 7.820843606823252303e-01 7.799351974368767815e-01 7.813133263654969962e-01
9.040000000000000258e-01 7.761279637638949236e-01 7.795425168211803646e-01 7.773323239731524392e-01
9.120000000000000329e-01 7.730863000167472743e-01 7.791500339117375384e-01 7.738814490923136002e-01
9.200000000000000400e-01 7.695682106148977741e-01 7.787577486090074830e-01 7.712688322288401288e-01
9.280000000000000471e-01 7.707041890057791944e-01 7.783656608134994492e-01 7.696765184117274616e-01
9.360000000000000542e-01 7.696533839096483254e-01 7.779737704257727593e-01 7.691613236846895907e-01
9.440000000000000613e-01 7.690294748459253205e-01 7.775820773464369173e-01 7.696673373355149561e-01
9.520000000000000684e-01 7.710707868679481658e-01 7.771905814761513875e-01 7.710431850347364557e-01
9.600000000000000755e-01 7.718327895126765315e-01 7.767992827156254831e-01 7.730606539068713978e-01
9.679999999999999716e-01 7.738943164768086191e-01 7.764081809656188105e-01 7.754349777849580683e-01
9.759999999999999787e-01 7.765160265520111293e-01 7.760172761269408248e-01 7.778490871606174029e-01
9.839999999999999858e-01 7.786653892467350069e-01 7.756265681004509416e-01 7.799836065292116150e-01
9.919999999999999929e-01 7.828055062564659439e-01 7.752360567870583141e-01 7.815517711514184951e-01
1.000000000000000000e+00 7.823782717283699339e-01 7.748457420877221669e-01 7.823351133015449266e-01
1.008000000000000007e+00 7.824558437506304864e-01 7.744556239034516842e-01 7.822133712561400998e-01
1.016000000000000014e+00 7.814253812769853536e-01 7.740657021353055667e-01 7.811817898626169931e-01
1.024000000000000021e+00 7.790142500776152668e-01 7.736759766843925856e-01 7.793510942241224093e-01
1.032000000000000028e+00 7.763385113674190485e-01 7.732864474518712505e-01 7.769292585239466753e-01
1.040000000000000036e+00 7.746195275349740950e-01 7.728971143389498089e-01 7.741884610595609617e-01
1.048000000000000043e+00 7.705303870106430253e-01 7.725079772468862460e-01 7.714239179519135625e-01
1.056000000000000050e+00 7.674370600322912850e-01 7.721190360769882854e-01 7.689126451284710173e-01
1.064000000000000057e+00 7.665610538158232901e-01 7.717302907306132775e-01 7.668793632253273485e-01
1.072000000000000064e+00 7.647744091514291354e-01 7.713417411091681997e-01 7.654742256728572780e-01
1.080000000000000071e+00 7.649392349407253544e-01 7.709533871141101002e-01 7.647637946308216694e-01
1.088000000000000078e+00 7.631725722480843244e-01 7.705652286469449885e-01 7.647337794570656655e-01
1.096000000000000085e+00 7.652843700740035171e-01 7.701772656092288338e-01 7.653002653178447856e-01
1.104000000000000092e+00 7.641314338671710837e-01 7.697894979025671214e-01 7.663257577285621513e-01
1.112000000000000099e+00 7.676502339268038710e-01 7.694019254286148524e-01 7.676370893730277700e-01
1.120000000000000107e+00 7.700329394635703206e-01 7.690145480890766549e-01 7.690434721076406799e-01
1.128000000000000114e+00 7.694552219671128013e-01 7.686273657857064512e-01 7.703540632592753568e-01
1.136000000000000121e+00 7.728866111486364376e-01 7.682403784203076791e-01 7.713948927964558999e-01
1.144000000000000128e+00 7.732570284764039847e-01 7.678535858947332926e-01 7.720247696313664587e-01
1.152000000000000135e+00 7.715890927944633049e-01 7.674669881108857616e-01 7.721491080227516068e-01
1.160000000000000142e+00 7.709781336513422678e-01 7.670805849707165169e-01 7.717299505379802138e-01
1.168000000000000149e+00 7.722455731400607037e-01 7.666943763762269493e-01 7.707902604141249059e-01
1.176000000000000156e+00 7.689015844099676977e-01 7.663083622294672992e-01 7.694110530245533708e-01
1.184000000000000163e+00 7.680758153335018878e-01 7.659225424325373233e-01 7.677210698955344581e-01
1.192000000000000171e+00 7.660403501497664580e-01 7.655369168875860719e-01 7.658801387519000858e-01
1.200000000000000178e+00 7.647795249354342184e-01 7.651514854968121115e-01 7.640586544129160940e-01
1.208000000000000185e+00 7.614495109859131805e-01 7.647662481624625253e-01 7.624163611336474133e-01
1.216000000000000192e+00 7.603161057848114579e-01 7.643812047868344672e-01 7.610836232259019507e-01
1.223999999999999977e+00 7.590804495360947701e-01 7.639963552722736084e-01 7.601476979363803732e-01
1.231999999999999984e+00 7.605332555760180302e-01 7.636116995211752467e-01 7.596454343235471418e-01
1.239999999999999991e+00 7.593345835203931804e-01 7.632272374359835299e-01 7.595626536700992304e-01
1.247999999999999998e+00 7.584460892344953020e-01 7.628429689191918994e-01 7.598395044833735623e-01
1.256000000000000005e+00 7.609478184375573218e-01 7.624588938733427579e-01 7.603804705016365961e-01
1.264000000000000012e+00 7.635325807922778152e-01 7.620750122010278016e-01 7.610674342095911094e-01
1.272000000000000020e+00 7.624273205641026729e-01 7.616913238048874657e-01 7.617741570636223924e-01
1.280000000000000027e+00 7.607225679100179105e-01 7.613078285876112572e-01 7.623806148368176272e-01
1.288000000000000034e+00 7.632481274473208455e-01 7.609245264519380880e-01 7.627857581263014497e-01
1.296000000000000041e+00 7.631087688865463292e-01 7.605414173006552758e-01 7.629174584073930010e-01
1.304000000000000048e+00 7.644934037744969269e-01 7.601585010365993211e-01 7.627386910884933480e-01
1.312000000000000055e+00 7.624181395970894837e-01 7.597757775626556853e-01 7.622494266107243677e-01
1.320000000000000062e+00 7.627757682631386427e-01 7.593932467817587906e-01 7.614842229326679313e-01
1.328000000000000069e+00 7.625031543129485723e-01 7.590109085968916869e-01 7.605060541902732840e-01
1.336000000000000076e+00 7.610955938737599125e-01 7.586287629110863850e-01 7.593973609965707361e-01
1.344000000000000083e+00 7.591172243491687288e-01 7.582468096274239677e-01 7.582495783507927634e-01
1.352000000000000091e+00 7.559847991790857868e-01 7.578650486490339233e-01 7.571524541439866862e-01
1.360000000000000098e+00 7.556912296429255660e-01 7.574834798790945900e-01 7.561843436247021044e-01
1.368000000000000105e+00 7.562773486663273426e-01 7.571021032208333779e-01 7.554044205836685233e-01
1.376000000000000112e+00 7.549989458366979100e-01 7.567209185775261027e-01 7.548474543524115177e-01
1.384000000000000119e+00 7.550698912271006646e-01 7.563399258524972080e-01 7.545215069469943803e-01
1.392000000000000126e+00 7.548793005217171448e-01 7.559591249491200982e-01 7.544086188684809846e-01
1.400000000000000133e+00 7.562411112852118755e-01 7.555785157708166944e-01 7.544682708067667054e-01
1.407999999999999918e+00 7.543937962530664620e-01 7.551980982210575455e-01 7.546431344124403529e-01
1.415999999999999925e+00 7.557185771534231655e-01 7.548178722033617172e-01 7.548663827549304539e-01
1.423999999999999932e+00 7.552592780372426873e-01 7.544378376212970139e-01 7.550696625729855782e-01
1.431999999999999940e+00 7.565588851116716862e-01 7.540579943784796457e-01 7.551907775274645518e-01
1.439999999999999947e+00 7.579809683256195640e-01 7.536783423785744507e-01 7.551802129111155892e-01
1.447999999999999954e+00 7.585094363508168014e-01 7.532988815252946724e-01 7.550058315866741143e-01
1.455999999999999961e+00 7.526849389095385812e-01 7.529196117224021823e-01 7.546553432447150600e-01
1.463999999999999968e+00 7.544001344994327729e-01 7.525405328737072574e-01 7.541364390147090591e-01
1.471999999999999975e+00 7.548897177238964584e-01 7.521616448830683588e-01 7.534747458045407686e-01
1.479999999999999982e+00 7.548736961757556152e-01 7.517829476543926859e-01 7.527099655522200283e-01
1.487999999999999989e+00 7.527759941613459960e-01 7.514044410916358441e-01 7.518907187411696391e-01
1.495999999999999996e+00 7.517795369809909811e-01 7.510261250988012893e-01 7.510687112210188143e-01
1.504000000000000004e+00 7.511718076041776770e-01 7.506479995799414384e-01 7.502928868993731237e-01
1.512000000000000011e+00 7.496021549289865193e-01 7.502700644391565588e-01 7.496042079497886590e-01
1.520000000000000018e+00 7.474420910036769783e-01 7.498923195805955455e-01 7.490316109619981066e-01
1.528000000000000025e+00 7.500097467318280753e-01 7.495147649084552555e-01 7.485895255772239132e-01
1.536000000000000032e+00 7.490826374065796545e-01 7.491374003269809512e-01 7.482771333369598876e-01
1.544000000000000039e+00 7.478778877116791790e-01 7.487602257404661898e-01 7.480793251879798156e-01
1.552000000000000046e+00 7.487030386658919401e-01 7.483832410532523793e-01 7.479691252845418470e-01
1.560000000000000053e+00 7.468952440546248184e-01 7.480064461697293332e-01 7.479112136840967429e-01
1.568000000000000060e+00 7.493382425874056674e-01 7.476298409943351597e-01 7.478661088623385078e-01
1.576000000000000068e+00 7.497235517718348063e-01 7.472534254315558178e-01 7.477945530178304878e-01
1.584000000000000075e+00 7.488917951775641013e-01 7.468771993859252278e-01 7.476616623698029152e-01
1.592000000000000082e+00 7.472832115177453494e-01 7.465011627620258272e-01 7.474404490641133325e-01
1.600000000000000089e+00 7.476395232196936247e-01 7.461253154644876817e-01 7.471143886481030894e-01
1.608000000000000096e+00 7.475097201125748825e-01 7.457496573979891519e-01 7.466788013697071014e-01
1.616000000000000103e+00 7.464369578945778683e-01 7.453741884672563378e-01 7.461409380812471515e-01
1.624000000000000110e+00 7.463908387969929725e-01 7.449989085770637454e-01 7.455188031183486164e-01
1.632000000000000117e+00 7.440529732156561105e-01 7.446238176322330649e-01 7.448388867821162940e-01
1.640000000000000124e+00 7.443054558203665572e-01 7.442489155376347254e-01 7.441330943533661646e-01
1.648000000000000131e+00 7.427420139558568168e-01 7.438742021981866737e-01 7.434352284914844677e-01
1.655999999999999917e+00 7.422663150305452984e-01 7.434996775188545959e-01 7.427774024892981330e-01
1.663999999999999924e+00 7.435672354904899750e-01 7.431253414046521399e-01 7.421867414578213751e-01
1.671999999999999931e+00 7.393087052286702043e-01 7.427511937606409154e-01 7.416826813510410954e-01
1.679999999999999938e+00 7.417532585130759415e-01 7.423772344919302713e-01 7.412751128527758082e-01
1.687999999999999945e+00 7.397230572533257664e-01 7.420034635036772963e-01 7.409635413861757058e-01
1.695999999999999952e+00 7.394653460311025883e-01 7.416298807010867078e-01 7.407373428137856708e-01
1.703999999999999959e+00 7.396301941476902675e-01 7.412564859894110736e-01 7.405770854144759774e-01
1.711999999999999966e+00 7.395378393620648527e-01 7.408832792739508122e-01 7.404567701355869724e-01
1.719999999999999973e+00 7.397650531912572935e-01 7.405102604600537486e-01 7.403467312300059389e-01
1.727999999999999980e+00 7.388853275589485348e-01 7.401374294531154474e-01 7.402168612410980897e-01
1.735999999999999988e+00 7.388256844974195880e-01 7.397647861585792128e-01 7.400397955518593918e-01
1.743999999999999995e+00 7.420015485068213179e-01 7.393923304819358666e-01 7.397937163859010790e-01
1.752000000000000002e+00 7.402665397198970876e-01 7.390200623287238590e-01 7.394645032380955385e-01
1.760000000000000009e+00 7.395073139784661409e-01 7.386479816045291580e-01 7.390470464290103125e-01
1.768000000000000016e+00 7.385407530142926724e-01 7.382760882149852488e-01 7.385456340601181946e-01
1.776000000000000023e+00 7.381496764632488050e-01 7.379043820657731345e-01 7.379734097437722351e-01
1.784000000000000030e+00 7.376452534878297218e-01 7.375328630626214466e-01 7.373509778772284751e-01
1.792000000000000037e+00 7.360335757009337510e-01 7.371615311113061120e-01 7.367043072562078354e-01
1.800000000000000044e+00 7.350386379473827780e-01 7.367903861176504643e-01 7.360621509519699179e-01
1.808000000000000052e+00 7.349277781882502802e-01 7.364194279875253546e-01 7.354532515628768863e-01
1.816000000000000059e+00 7.328384675973588225e-01 7.360486566268491515e-01 7.349036226349268119e-01
1.824000000000000066e+00 7.320015737948890600e-01 7.356780719415874081e-01 7.344341790431057060e-01
1.832000000000000073e+00 7.329026111683739630e-01 7.353076738377528621e-01 7.340589321774718679e-01
1.840000000000000080e+00 7.331361326825145408e-01 7.349374622214059904e-01 7.337838834675093347e-01
1.848000000000000087e+00 7.337988203355453320e-01 7.345674369986543439e-01 7.336066630749671358e-01
1.856000000000000094e+00 7.317600468784200007e-01 7.341975980756525466e-01 7.335168880448681428e-01
1.864000000000000101e+00 7.340595021738512971e-01 7.338279453586029621e-01 7.334971637509906106e-01
1.872000000000000108e+00 7.338935137021417310e-01 7.334584787537546946e-01 7.335246197787266276e-01
1.880000000000000115e+00 7.349819139271466240e-01 7.330891981674043656e-01 7.335728456929992980e-01
1.888000000000000123e+00 7.350440256222182667e-01 7.327201035058954481e-01 7.336140655839330504e-01
1.896000000000000130e+00 7.338538951716381264e-01 7.323511946756190438e-01 7.336213646128677546e-01
1.904000000000000137e+00 7.350729727221225751e-01 7.319824715830129946e-01 7.335707669821481813e-01
1.911999999999999922e+00 7.324225932489041302e-01 7.316139341345623270e-01 7.334429758341185490e-01
1.919999999999999929e+00 7.344258157861061065e-01 7.312455822367993630e-01 7.332246272310491975e-01
1.927999999999999936e+00 7.341072468220963820e-01 7.308774157963031648e-01 7.329089756423468049e-01
1.935999999999999943e+00 7.335199029898825662e-01 7.305094347196999793e-01 7.324960001125133680e-01
1.943999999999999950e+00 7.337774287395629758e-01 7.301416389136631269e-01 7.319919798903589125e-01
1.951999999999999957e+00 7.320782099109003349e-01 7.297740282849128901e-01 7.314086253446503427e-01
1.959999999999999964e+00 7.308450661888783451e-01 7.294066027402164032e-01 7.307618666605745217e-01
1.967999999999999972e+00 7.320188790222442732e-01 7.290393621863878737e-01 7.300704103201858253e-01
1.975999999999999979e+00 7.293042538712503076e-01 7.286723065302883606e-01 7.293541827930349886e-01
1.983999999999999986e+00 7.297347561476139610e-01 7.283054356788258854e-01 7.286327944663278933e-01
1.991999999999999993e+00 7.272004156037547018e-01 7.279387495389552099e-01 7.279241657535600041e-01
2.000000000000000000e+00 7.265594219451896318e-01 7.275722480176779472e-01 7.272434472895538127e-01
2.008000000000000007e+00 7.246424130496343929e-01 7.272059310220427841e-01 7.266023278304059030e-01
2.016000000000000014e+00 7.243321727613667438e-01 7.268397984591449257e-01 7.260087606916711955e-01
2.024000000000000021e+00 7.247848051358938282e-01 7.264738502361264283e-01 7.254670695721929796e-01
2.032000000000000028e+00 7.243211819820442043e-01 7.261080862601760888e-01 7.249783402213383354e-01
2.040000000000000036e+00 7.253859209353672455e-01 7.257425064385295554e-01 7.245409820171879733e-01
2.048000000000000043e+00 7.234823592165794404e-01 7.253771106784691058e-01 7.241513545819504571e-01
2.056000000000000050e+00 7.233386503046610461e-01 7.250118988873236470e-01 7.238043856085840666e-01
2.064000000000000057e+00 7.233572628234735680e-01 7.246468709724688262e-01 7.234941373621441851e-01
2.072000000000000064e+00 7.221663106832929557e-01 7.242820268413266982e-01 7.232142966542219886e-01
2.080000000000000071e+00 7.222102353643238271e-01 7.239173664013663911e-01 7.229585655189185722e-01
2.088000000000000078e+00 7.231131112886048928e-01 7.235528895601031074e-01 7.227209284818658652e-01
2.096000000000000085e+00 7.208900320835508468e-01 7.231885962250989008e-01 7.224957813513415150e-01
2.104000000000000092e+00 7.207727735611371145e-01 7.228244863039624546e-01 7.222779320130898739e-01
2.112000000000000099e+00 7.192319412117954558e-01 7.224605597043486371e-01 7.220625182693422017e-01
