1.500000000000000000e+00 1.522602010400500780e-14
1.510000000000000009e+00 6.954226032010623554e-15
1.520000000000000018e+00 6.229819076060647248e-15
1.530000000000000027e+00 5.832995537581734209e-15
1.540000000000000036e+00 5.527869164804109057e-15
1.550000000000000044e+00 5.217457141032282775e-15
1.560000000000000053e+00 5.000144061347176512e-15
1.570000000000000062e+00 4.937195041882897330e-15
1.580000000000000071e+00 4.868162168595587981e-15
1.590000000000000080e+00 4.940683709656838970e-15
1.600000000000000089e+00 5.020917844339343132e-15
1.610000000000000098e+00 5.252458672781364597e-15
1.620000000000000107e+00 5.838757007939756414e-15
1.630000000000000115e+00 6.283633352791130396e-15
1.640000000000000124e+00 6.747279152650847574e-15
1.650000000000000133e+00 7.172749884184414528e-15
1.660000000000000142e+00 7.430685693364244889e-15
1.670000000000000151e+00 8.256747431882242217e-15
1.680000000000000160e+00 8.800537446115147664e-15
1.690000000000000169e+00 8.585140982240098661e-15
1.700000000000000178e+00 9.326763836183413846e-15
1.710000000000000187e+00 1.104831219916864499e-14
1.720000000000000195e+00 1.156993910666953790e-14
1.730000000000000204e+00 1.211875659761274079e-14
1.740000000000000213e+00 1.535731339463789593e-14
1.750000000000000222e+00 1.925867341538158266e-14
1.760000000000000231e+00 1.980130622542649191e-14
1.770000000000000240e+00 2.083632809760113813e-14
1.780000000000000249e+00 2.647053835676075795e-14
1.790000000000000258e+00 3.688013614855504553e-14
1.800000000000000266e+00 4.831005665318386682e-14
1.810000000000000275e+00 6.253001091705485173e-14
1.820000000000000284e+00 9.324600559090046418e-14
1.830000000000000293e+00 1.220072088251671113e-13
1.840000000000000302e+00 6.551315500548851730e-13
1.850000000000000311e+00 2.970818660433659220e-02
1.860000000000000320e+00 9.650816233164627445e-02
1.870000000000000329e+00 2.136951276990931847e-01
1.880000000000000338e+00 4.518822660099824917e-01
1.890000000000000346e+00 9.166514546916912920e-01
1.900000000000000355e+00 1.681535098142535656e+00
1.910000000000000364e+00 2.761398073619685256e+00
1.920000000000000373e+00 4.146094208855474861e+00
1.930000000000000382e+00 5.809566392393530343e+00
1.940000000000000391e+00 7.640521755716052077e+00
1.950000000000000400e+00 9.354197485093724396e+00
1.960000000000000409e+00 1.050758286656355622e+01
1.970000000000000417e+00 1.066954491748580658e+01
1.980000000000000426e+00 9.656087952098543425e+00
1.990000000000000435e+00 7.671247733191929541e+00
2.000000000000000444e+00 5.246128831694761629e+00
2.010000000000000675e+00 3.009127181000379458e+00
2.020000000000000462e+00 1.425760527368236330e+00
2.030000000000000249e+00 6.391723738770077601e-01
2.040000000000000480e+00 4.767827943587974460e-01
2.050000000000000711e+00 6.004249163075020546e-01
2.060000000000000497e+00 6.977190227920904153e-01
2.070000000000000284e+00 6.127312695661187858e-01
2.080000000000000515e+00 3.752455914859677555e-01
2.090000000000000746e+00 1.357866131354580341e-01
2.100000000000000533e+00 4.870689207855956326e-02
2.110000000000000320e+00 1.741336680643157386e-01
2.120000000000000551e+00 4.500136603808076452e-01
2.130000000000000782e+00 7.306832537312081266e-01
2.140000000000000568e+00 8.616259599897505561e-01
2.150000000000000355e+00 7.624416394125574925e-01
2.160000000000000586e+00 4.806485268449368631e-01
2.170000000000000817e+00 1.721368802563305045e-01
2.180000000000000604e+00 1.062376376303465646e-11
2.190000000000000391e+00 4.616601675256458020e-14
2.200000000000000622e+00 1.408243223385270146e-13
2.210000000000000853e+00 8.770545781716222733e-02
2.220000000000000639e+00 3.158772956423330225e-01
2.230000000000000426e+00 5.846828917252594460e-01
2.240000000000000657e+00 7.482091194005904278e-01
2.250000000000000888e+00 7.149158534988510061e-01
2.260000000000000675e+00 5.037245838382859997e-01
2.270000000000000462e+00 2.320605535826652799e-01
2.280000000000000693e+00 4.246078297685535602e-02
2.290000000000000924e+00 7.857169046988126074e-14
2.300000000000000711e+00 7.704543087133123861e-14
2.310000000000000497e+00 3.881253710727013834e-02
2.320000000000000728e+00 2.193501728899462100e-01
2.330000000000000959e+00 4.823184491379837180e-01
2.340000000000000746e+00 6.953225001844416386e-01
2.350000000000000533e+00 7.456794251571664534e-01
2.360000000000000764e+00 6.056786743342229551e-01
2.370000000000000995e+00 3.485090664051478382e-01
2.380000000000000782e+00 1.091666410140075677e-01
2.390000000000000568e+00 1.621648652877438829e-13
2.400000000000000799e+00 5.498911818740478998e-14
2.410000000000001030e+00 6.200697328015163295e-14
2.420000000000000817e+00 5.991180188281315791e-14
2.430000000000000604e+00 6.284134238238830640e-14
2.440000000000000835e+00 6.838657256006879930e-14
2.450000000000001066e+00 2.556192536133472873e-02
2.460000000000000853e+00 1.746461801172304595e-01
2.470000000000000639e+00 3.758123386058521143e-01
2.480000000000000870e+00 5.069280801378985846e-01
2.490000000000001101e+00 4.883685902621037744e-01
2.500000000000000888e+00 3.306103744864249405e-01
2.510000000000000675e+00 1.276643395492749744e-01
2.520000000000000906e+00 4.316579688224789075e-08
2.530000000000001137e+00 5.512081678429208883e-14
2.540000000000000924e+00 6.712494526464235643e-14
2.550000000000000711e+00 5.359180468098649146e-14
2.560000000000000941e+00 4.880864520490589451e-14
2.570000000000001172e+00 4.761389301074265550e-14
2.580000000000000959e+00 4.946986232795903455e-14
2.590000000000000746e+00 5.475233294816792878e-14
2.600000000000000977e+00 6.520078305380192326e-14
2.610000000000001208e+00 7.528655766976476484e-14
2.620000000000000995e+00 1.181808673407475052e-13
2.630000000000000782e+00 3.604997948606540603e-02
2.640000000000001013e+00 1.559505771701907018e-01
2.650000000000001243e+00 3.004766530277129255e-01
2.660000000000001030e+00 3.851421209335628704e-01
2.670000000000000817e+00 3.595761499321177834e-01
2.680000000000001048e+00 2.368714724475500244e-01
2.690000000000001279e+00 8.801587180642712893e-02
2.700000000000001066e+00 1.073566702188231945e-12
2.710000000000000853e+00 6.473362561414612778e-14
2.720000000000001084e+00 6.182258114847759888e-14
2.730000000000001315e+00 4.645787176680138497e-14
2.740000000000001101e+00 3.834384134094166329e-14
2.750000000000000888e+00 3.353477537525392114e-14
2.760000000000001119e+00 3.075088646789885445e-14
2.770000000000001350e+00 2.934366866660654920e-14
2.780000000000001137e+00 2.898332446610563605e-14
2.790000000000000924e+00 2.951893656856017484e-14
2.800000000000001155e+00 3.092090197826393254e-14
2.810000000000001386e+00 3.326607422711835563e-14
2.820000000000001172e+00 3.675503686093225683e-14
2.830000000000000959e+00 4.176837871288285583e-14
2.840000000000001190e+00 4.899141259028474189e-14
2.850000000000001421e+00 5.967729151708231233e-14
2.860000000000001208e+00 7.629402897994341613e-14
2.870000000000000995e+00 1.065988091798573468e-13
2.880000000000001226e+00 1.047642157692126314e-13
2.890000000000001457e+00 3.964836388018515984e-03
2.900000000000001243e+00 7.370726761165344310e-02
2.910000000000001030e+00 1.814253423891347972e-01
2.920000000000001261e+00 2.686762770401015521e-01
2.930000000000001492e+00 2.891209000834257248e-01
2.940000000000001279e+00 2.327754829449713292e-01
2.950000000000001066e+00 1.303921654014324194e-01
2.960000000000001297e+00 3.765324186869483530e-02
2.970000000000001528e+00 2.411384122707686459e-13
2.980000000000001315e+00 9.958900804952544202e-14
2.990000000000001101e+00 8.559216720255904498e-14
3.000000000000001332e+00 6.524028600509436951e-14
3.010000000000001563e+00 5.294231872252150733e-14
3.020000000000001350e+00 4.477188682008278548e-14
3.030000000000001137e+00 3.911243994500336863e-14
3.040000000000001368e+00 3.506045363289076474e-14
3.050000000000001599e+00 3.208511848794558423e-14
3.060000000000001386e+00 2.985564149594476649e-14
3.070000000000001172e+00 2.815599068411601044e-14
3.080000000000001403e+00 2.684002523768352344e-14
3.090000000000001634e+00 2.580666717999748811e-14
3.100000000000001421e+00 2.498555356040784587e-14
3.110000000000001208e+00 2.432833322838650577e-14
3.120000000000001439e+00 2.380303006117330493e-14
3.130000000000001670e+00 2.339007327748205190e-14
3.140000000000001457e+00 2.307926287514460976e-14
3.150000000000001243e+00 2.286732706514118609e-14
3.160000000000001474e+00 2.275594014905742118e-14
3.170000000000001705e+00 2.275016025133486825e-14
3.180000000000001492e+00 2.285726258695496112e-14
3.190000000000001279e+00 2.308592478041928999e-14
3.200000000000001510e+00 2.344569492635350078e-14
3.210000000000001741e+00 2.394665637844054580e-14
3.220000000000001528e+00 2.459919992050577921e-14
3.230000000000001315e+00 2.541382289269067550e-14
3.240000000000001545e+00 2.640089247019811619e-14
3.250000000000001776e+00 2.757033587452513393e-14
3.260000000000001563e+00 2.893125421370660746e-14
3.270000000000001350e+00 3.049150237442376524e-14
3.280000000000001581e+00 3.225733594425210190e-14
3.290000000000001812e+00 3.423329689629747119e-14
3.300000000000001599e+00 3.642258357524534249e-14
3.310000000000001386e+00 3.882821212880016969e-14
3.320000000000001616e+00 4.145530695284589626e-14
3.330000000000001847e+00 4.431484766632910428e-14
3.340000000000001634e+00 4.742917048287487168e-14
3.350000000000001421e+00 5.083954509727385216e-14
3.360000000000001652e+00 5.461636665404293843e-14
3.370000000000001883e+00 5.887314478748353639e-14
3.380000000000001670e+00 6.378691060486915840e-14
3.390000000000001457e+00 6.963062430583788016e-14
3.400000000000001688e+00 7.682962616591309025e-14
3.410000000000001918e+00 8.606777775377442538e-14
3.420000000000001705e+00 9.846990006195548335e-14
3.430000000000001492e+00 1.161530137245189323e-13
3.440000000000001723e+00 1.454356084781860413e-13
3.450000000000001954e+00 1.457181804994371626e-13
3.460000000000001741e+00 3.273912450042049726e-13
3.470000000000001528e+00 2.276104409119076438e-02
3.480000000000001759e+00 9.353155491762260576e-02
3.490000000000001990e+00 1.887038064027616313e-01
