2.800000000000000266e-01 7.597531250938488467e-01 7.666347200271829143e-01 7.507379020334618014e-01
2.880000000000000338e-01 7.460177589296997924e-01 7.670731614787150709e-01 7.403872423560247107e-01
2.960000000000000409e-01 7.342680591266426138e-01 7.675118536766605271e-01 7.335232446465332901e-01
3.040000000000000480e-01 7.277399751662099181e-01 7.679507967644222388e-01 7.302281700608067583e-01
3.120000000000000551e-01 7.242454668183428979e-01 7.683899908854850969e-01 7.299684559551319341e-01
3.200000000000000067e-01 7.241611273676706872e-01 7.688294361834161483e-01 7.322856136858761911e-01
3.280000000000000138e-01 7.296648021332166056e-01 7.692691328018641528e-01 7.374732627973881183e-01
3.360000000000000209e-01 7.406264525799051146e-01 7.697090808845605814e-01 7.468922610491126601e-01
3.440000000000000280e-01 7.625766106363791597e-01 7.701492805753187287e-01 7.626996694773464647e-01
3.520000000000000351e-01 7.921500415608396795e-01 7.705897320180343790e-01 7.870043288514283475e-01
3.600000000000000422e-01 8.287233028213495389e-01 7.710304353566852509e-01 8.207203930477507958e-01
3.679999999999999938e-01 8.711728243927530091e-01 7.714713907353317746e-01 8.625615959714503234e-01
3.760000000000000009e-01 9.142932406879501483e-01 7.719125982981167589e-01 9.086232423070050856e-01
3.840000000000000080e-01 9.541523487399033998e-01 7.723540581892650581e-01 9.528202097333025034e-01
3.920000000000000151e-01 9.857496364399731537e-01 7.727957705530844601e-01 9.881467477480883055e-01
4.000000000000000222e-01 9.979107519649943470e-01 7.732377355339649094e-01 1.008410838327647330e+00
4.080000000000000293e-01 1.000000000000000000e+00 7.732788596933035663e-01 1.009372011635167210e+00
4.160000000000000364e-01 9.840426908321985300e-01 7.728368712067955615e-01 9.907474522547925488e-01
4.240000000000000435e-01 9.552539501711222458e-01 7.723951353507837458e-01 9.565880552791141689e-01
4.320000000000000506e-01 9.190815680958658307e-01 7.719536519808707364e-01 9.129197334783861750e-01
4.400000000000000577e-01 8.774219894337457193e-01 7.715124209527409738e-01 8.667489795798182239e-01
4.480000000000000648e-01 8.370036301441319271e-01 7.710714421221617210e-01 8.243105219989164123e-01
4.560000000000000164e-01 7.947590415501787353e-01 7.706307153449828418e-01 7.897444311662820127e-01
4.640000000000000235e-01 7.668010289027565873e-01 7.701902404771361343e-01 7.645750354310848484e-01
4.720000000000000306e-01 7.426413078391576050e-01 7.697500173746362195e-01 7.480565403548895542e-01
4.800000000000000377e-01 7.308191764117363265e-01 7.693100458935795416e-01 7.381414527522506264e-01
4.879999999999999893e-01 7.249775501068657091e-01 7.688703258901452564e-01 7.326341084245658886e-01
4.959999999999999964e-01 7.233772337606981795e-01 7.684308572205944543e-01 7.300782786701152105e-01
5.040000000000000036e-01 7.249234083651250327e-01 7.679916397412702711e-01 7.300862904701335143e-01
5.120000000000000107e-01 7.338446122741808519e-01 7.675526733085984432e-01 7.330720294914734314e-01
5.200000000000000178e-01 7.437381652571006807e-01 7.671139577790861974e-01 7.395937116606402517e-01
5.280000000000000249e-01 7.601248422667283844e-01 7.666754930093231390e-01 7.496492119989874858e-01
5.360000000000000320e-01 7.688918398409367860e-01 7.662372788559806969e-01 7.622518988677764451e-01
5.440000000000000391e-01 7.812342287349279824e-01 7.657993151758123451e-01 7.754678435580382168e-01
5.520000000000000462e-01 7.896439818109992625e-01 7.653616018256532705e-01 7.868872743699821815e-01
5.600000000000000533e-01 7.939674293790309756e-01 7.649241386624205941e-01 7.943242072753243788e-01
5.680000000000000604e-01 7.955686202516695227e-01 7.644869255431132604e-01 7.964586379415465878e-01
5.760000000000000675e-01 7.943642906170853557e-01 7.640499623248118155e-01 7.931789592909974651e-01
5.840000000000000746e-01 7.853766979243765878e-01 7.636132488646785177e-01 7.855193131458865219e-01
5.920000000000000817e-01 7.761864235645176135e-01 7.631767850199574488e-01 7.752525112760857429e-01
6.000000000000000888e-01 7.672666023035921157e-01 7.627405706479740699e-01 7.643234517088783875e-01
6.080000000000000959e-01 7.562630429000151144e-01 7.623046056061354436e-01 7.543443333625710068e-01
6.160000000000001030e-01 7.463477096050659121e-01 7.618688897519303449e-01 7.463163877288279124e-01
6.239999999999999991e-01 7.400890860525761727e-01 7.614334229429287060e-01 7.406275111596398730e-01
6.320000000000000062e-01 7.350984625536135519e-01 7.609982050367819495e-01 7.372561691395553840e-01
6.400000000000000133e-01 7.328101886940758813e-01 7.605632358912228774e-01 7.360397124450555051e-01
6.480000000000000204e-01 7.346945222862549807e-01 7.601285153640658931e-01 7.368646327558295850e-01
6.560000000000000275e-01 7.375245723985844881e-01 7.596940433132061132e-01 7.396985785365608468e-01
6.640000000000000346e-01 7.422550438439337039e-01 7.592598195966202557e-01 7.444741885185746089e-01
6.720000000000000417e-01 7.519330394685048713e-01 7.588258440723661957e-01 7.509096755514936827e-01
6.800000000000000488e-01 7.597759065473296269e-01 7.583921165985828550e-01 7.583786722133818436e-01
6.879999999999999449e-01 7.663589684739533503e-01 7.579586370334903123e-01 7.659143326712354316e-01
6.959999999999999520e-01 7.735935169513032950e-01 7.575254052353895817e-01 7.723673637322484575e-01
7.039999999999999591e-01 7.771352924443133414e-01 7.570924210626627238e-01 7.766668146022874808e-01
7.119999999999999662e-01 7.757383361923280152e-01 7.566596843737728451e-01 7.780877438415972902e-01
7.199999999999999734e-01 7.764321829159226418e-01 7.562271950272636545e-01 7.764285810068252136e-01
7.279999999999999805e-01 7.708791280271830582e-01 7.557949528817600182e-01 7.720399582077360767e-01
7.359999999999999876e-01 7.666168774291657328e-01 7.553629577959675157e-01 7.657059110803688950e-01
7.439999999999999947e-01 7.581225148606979269e-01 7.549312096286725504e-01 7.584310936204290421e-01
7.520000000000000018e-01 7.509981220347499153e-01 7.544997082387420173e-01 7.512131560599584201e-01
7.600000000000000089e-01 7.454503095875709695e-01 7.540684534851237464e-01 7.448708197983383572e-01
7.680000000000000160e-01 7.381074147413553277e-01 7.536374452268459478e-01 7.399638093426699204e-01
7.760000000000000231e-01 7.339480614039531892e-01 7.532066833230176561e-01 7.367987594901332926e-01
7.840000000000000302e-01 7.345367066893581098e-01 7.527761676328281748e-01 7.354842676850343874e-01
7.920000000000000373e-01 7.339797985321699914e-01 7.523458980155475206e-01 7.359896347641808889e-01
8.000000000000000444e-01 7.375719722687287261e-01 7.519158743305260906e-01 7.381753803657674640e-01
8.080000000000000515e-01 7.392462221436305603e-01 7.514860964371944396e-01 7.417894511430633830e-01
8.160000000000000586e-01 7.446499006415625566e-01 7.510565641950640581e-01 7.464472625240952119e-01
8.240000000000000657e-01 7.526414841111377374e-01 7.506272774637259282e-01 7.516251306006367372e-01
8.320000000000000728e-01 7.562920482506728659e-01 7.501982361028518564e-01 7.566913790109004445e-01
8.400000000000000799e-01 7.603837703114545432e-01 7.497694399721938074e-01 7.609816328101952632e-01
8.479999999999999760e-01 7.649052078200391236e-01 7.493408889315836818e-01 7.639038677143382694e-01
8.559999999999999831e-01 7.643329441188260187e-01 7.489125828409336494e-01 7.650443466546346105e-01
8.639999999999999902e-01 7.641262287987488078e-01 7.484845215602359270e-01 7.642433853329988480e-01
8.719999999999999973e-01 7.608895067075543972e-01 7.480567049495627785e-01 7.616197861491266208e-01
8.800000000000000044e-01 7.553243414290815583e-01 7.476291328690664040e-01 7.575395984769476287e-01
8.880000000000000115e-01 7.502894764029037766e-01 7.472018051789789395e-01 7.525413412906459820e-01
8.960000000000000187e-01 7.448852918935412459e-01 7.467747217396124570e-01 7.472399546041146312e-01
9.040000000000000258e-01 7.393990108534338468e-01 7.463478824113587429e-01 7.422330325438626364e-01
9.120000000000000329e-01 7.380489956433985421e-01 7.459212870546897411e-01 7.380267194519307683e-01
9.200000000000000400e-01 7.333565227389545749e-01 7.454949355301564440e-01 7.349889577918231609e-01
9.280000000000000471e-01 7.338669739945588022e-01 7.450688276983904457e-01 7.333289109958031071e-01
9.360000000000000542e-01 7.307268763338641282e-01 7.446429634201021663e-01 7.330962462785781675e-01
9.440000000000000613e-01 7.339498662125568673e-01 7.442173425560822952e-01 7.341931719737342377e-01
9.520000000000000684e-01 7.344474298764475106e-01 7.437919649672005695e-01 7.363943512160764371e-01
9.600000000000000755e-01 7.403827974407386492e-01 7.433668305144067734e-01 7.393728605927678554e-01
9.679999999999999716e-01 7.412532773454882928e-01 7.429419390587296279e-01 7.427323401392824653e-01
9.759999999999999787e-01 7.454665759027883087e-01 7.425172904612776792e-01 7.460455422986711493e-01
9.839999999999999858e-01 7.493794567834888287e-01 7.420928845832387433e-01 7.488979068002761252e-01
9.919999999999999929e-01 7.493584159145945112e-01 7.416687212858797951e-01 7.509325401270254829e-01
1.000000000000000000e+00 7.512830992282257814e-01 7.412448004305475235e-01 7.518911478732539511e-01
1.008000000000000007e+00 7.526066711600710724e-01 7.408211218786674435e-01 7.516448098356287577e-01
1.016000000000000014e+00 7.520000425836993463e-01 7.403976854917445616e-01 7.502092649041572914e-01
1.024000000000000021e+00 7.477953969093229514e-01 7.399744911313628215e-01 7.477414335452001737e-01
1.032000000000000028e+00 7.429346745145027908e-01 7.395515386591854368e-01 7.445168400751862592e-01
1.040000000000000036e+00 7.401693290160769045e-01 7.391288279369546688e-01 7.408908567891100416e-01
1.048000000000000043e+00 7.381409844117521324e-01 7.387063588264916048e-01 7.372496466979807650e-01
1.056000000000000050e+00 7.337686637647826693e-01 7.382841311896969350e-01 7.339586727370042141e-01
1.064000000000000057e+00 7.328393641710359008e-01 7.378621448885493983e-01 7.313171077153264310e-01
1.072000000000000064e+00 7.270095704841701423e-01 7.374403997851073367e-01 7.295251562014022362e-01
1.080000000000000071e+00 7.287707421231525151e-01 7.370188957415074738e-01 7.286684036732173908e-01
1.088000000000000078e+00 7.293471179541943794e-01 7.365976326199656921e-01 7.287195787329339147e-01
1.096000000000000085e+00 7.309965167708161182e-01 7.361766102827762559e-01 7.295546258104068649e-01
1.104000000000000092e+00 7.320252589585979353e-01 7.357558285923125885e-01 7.309777689381509180e-01
1.112000000000000099e+00 7.329990270478751180e-01 7.353352874110263837e-01 7.327498696715677440e-01
1.120000000000000107e+00 7.344161529656012544e-01 7.349149866014481614e-01 7.346156973554005543e-01
1.128000000000000114e+00 7.367878461968242476e-01 7.344949260261869339e-01 7.363279337035669725e-01
1.136000000000000121e+00 7.403591359570117492e-01 7.340751055479302067e-01 7.376677271611743469e-01
1.144000000000000128e+00 7.396810126904123095e-01 7.336555250294440889e-01 7.384625087867684456e-01
1.152000000000000135e+00 7.394274788430829082e-01 7.332361843335730711e-01 7.386013142043810209e-01
1.160000000000000142e+00 7.383765644490078994e-01 7.328170833232401371e-01 7.380464890049774906e-01
1.168000000000000149e+00 7.380426154599444288e-01 7.323982218614463191e-01 7.368393339603880321e-01
1.176000000000000156e+00 7.351404278117252833e-01 7.319795998112713642e-01 7.350969180384177015e-01
1.184000000000000163e+00 7.348010152741051293e-01 7.315612170358728461e-01 7.329984185962552523e-01
1.192000000000000171e+00 7.333182647872429349e-01 7.311430733984870534e-01 7.307616850038681777e-01
1.200000000000000178e+00 7.292498929072309677e-01 7.307251687624279901e-01 7.286133991046639391e-01
1.208000000000000185e+00 7.267016261223764317e-01 7.303075029910879312e-01 7.267581497497814791e-01
1.216000000000000192e+00 7.270616759149718389e-01 7.298900759479374223e-01 7.253521604655072119e-01
1.223999999999999977e+00 7.246133976677271438e-01 7.294728874965248355e-01 7.244861513357291338e-01
1.231999999999999984e+00 7.221032331515704339e-01 7.290559375004765919e-01 7.241793934136342425e-01
1.239999999999999991e+00 7.248224132382010687e-01 7.286392258234970498e-01 7.243843497004983645e-01
1.247999999999999998e+00 7.275071652602705941e-01 7.282227523293685056e-01 7.249992959033124684e-01
1.256000000000000005e+00 7.266259497649316668e-01 7.278065168819510822e-01 7.258854863283615844e-01
1.264000000000000012e+00 7.263716485029256820e-01 7.273905193451827289e-01 7.268857326944866415e-01
1.272000000000000020e+00 7.280762707375371123e-01 7.269747595830792219e-01 7.278422150466286045e-01
1.280000000000000027e+00 7.298610520876746000e-01 7.265592374597340530e-01 7.286123233071024607e-01
1.288000000000000034e+00 7.295345107691098008e-01 7.261439528393180964e-01 7.290818928130138321e-01
1.296000000000000041e+00 7.296210312169217893e-01 7.257289055860803861e-01 7.291752637022271832e-01
1.304000000000000048e+00 7.308343975345836796e-01 7.253140955643472276e-01 7.288614084708900931e-01
1.312000000000000055e+00 7.292348782660386108e-01 7.248995226385224200e-01 7.281553148020870614e-01
1.320000000000000062e+00 7.286033144770081016e-01 7.244851866730874779e-01 7.271141552331592539e-01
1.328000000000000069e+00 7.269744049665276542e-01 7.240710875326011875e-01 7.258285326662758941e-01
1.336000000000000076e+00 7.250886746458419241e-01 7.236572250816998286e-01 7.244100134651667577e-01
1.344000000000000083e+00 7.233119941970501676e-01 7.232435991850970636e-01 7.229768847200841453e-01
1.352000000000000091e+00 7.188396821109606094e-01 7.228302097075840482e-01 7.216403146088330445e-01
1.360000000000000098e+00 7.188543675041160208e-01 7.224170565140288769e-01 7.204927865795689446e-01
1.368000000000000105e+00 7.176260005018830768e-01 7.220041394693770265e-01 7.195999830869462821e-01
1.376000000000000112e+00 7.182800770389163869e-01 7.215914584386512454e-01 7.189965058405329845e-01
1.384000000000000119e+00 7.183140550363229515e-01 7.211790132869513315e-01 7.186852050723278040e-01
1.392000000000000126e+00 7.180884771250333198e-01 7.207668038794543541e-01 7.186395736665194267e-01
1.400000000000000133e+00 7.195220657596440583e-01 7.203548300814142102e-01 7.188085947055881109e-01
1.407999999999999918e+00 7.194680397086852253e-01 7.199430917581619571e-01 7.191234598822529023e-01
1.415999999999999925e+00 7.207186369122249303e-01 7.195315887751055905e-01 7.195055555783839152e-01
1.423999999999999932e+00 7.202384720515651040e-01 7.191203209977301558e-01 7.198749942388296130e-01
1.431999999999999940e+00 7.175224492810035049e-01 7.187092882915971925e-01 7.201588174898958528e-01
1.439999999999999947e+00 7.191417758631997170e-01 7.182984905223458449e-01 7.202979417269019802e-01
1.447999999999999954e+00 7.211173743060617092e-01 7.178879275556910855e-01 7.202520563388189467e-01
1.455999999999999961e+00 7.186143920038261523e-01 7.174775992574252692e-01 7.200020237360699182e-01
1.463999999999999968e+00 7.201874733706226106e-01 7.170675054934175785e-01 7.195497699739715758e-01
1.471999999999999975e+00 7.195455645531956268e-01 7.166576461296132461e-01 7.189160456322540860e-01
1.479999999999999982e+00 7.175599282792428646e-01 7.162480210320346652e-01 7.181366586148703046e-01
1.487999999999999989e+00 7.171808794877826410e-01 7.158386300667806124e-01 7.172578022939160025e-01
1.495999999999999996e+00 7.149429179695020453e-01 7.154294731000262475e-01 7.163309878897253791e-01
1.504000000000000004e+00 7.173175362327215421e-01 7.150205499980237800e-01 7.154079519626543870e-01
1.512000000000000011e+00 7.133573785427324010e-01 7.146118606271011364e-01 7.145358406012027874e-01
1.520000000000000018e+00 7.112883204161981610e-01 7.142034048536629598e-01 7.137529918613056967e-01
1.528000000000000025e+00 7.117617348292569757e-01 7.137951825441904985e-01 7.130856915851482292e-01
1.536000000000000032e+00 7.134018437143485603e-01 7.133871935652409402e-01 7.125462747307917954e-01
1.544000000000000039e+00 7.119501554364278118e-01 7.129794377834480779e-01 7.121328208657919934e-01
1.552000000000000046e+00 7.095061666898442310e-01 7.125719150655214218e-01 7.118304539889118709e-01
1.560000000000000053e+00 7.116841370675318634e-01 7.121646252782474207e-01 7.116139789004577443e-01
1.568000000000000060e+00 7.112829341338406941e-01 7.117575682884879074e-01 7.114513738300511925e-01
1.576000000000000068e+00 7.102499436447531345e-01 7.113507439631814311e-01 7.113075888471881436e-01
1.584000000000000075e+00 7.098968038492654564e-01 7.109441521693420363e-01 7.111481801912309386e-01
1.592000000000000082e+00 7.117541441705370620e-01 7.105377927740602617e-01 7.109424809484435892e-01
1.600000000000000089e+00 7.099436197772356349e-01 7.101316656445023634e-01 7.106661749383893500e-01
1.608000000000000096e+00 7.091499894937030035e-01 7.097257706479106476e-01 7.103032300154925593e-01
1.616000000000000103e+00 7.101876478417082916e-01 7.093201076516030268e-01 7.098471440631630713e-01
1.624000000000000110e+00 7.111878452567295117e-01 7.089146765229735747e-01 7.093014069112366649e-01
1.632000000000000117e+00 7.114788257216846379e-01 7.085094771294919713e-01 7.086790572977361702e-01
1.640000000000000124e+00 7.086058910581688464e-01 7.081045093387038358e-01 7.080012701983995349e-01
1.648000000000000131e+00 7.071824803509173529e-01 7.076997730182303936e-01 7.072950489455382961e-01
1.655999999999999917e+00 7.042499386450156162e-01 7.072952680357683652e-01 7.065902681622009407e-01
1.663999999999999924e+00 7.059086004478897225e-01 7.068909942590904105e-01 7.059164441475020979e-01
1.671999999999999931e+00 7.083146572257792428e-01 7.064869515560443514e-01 7.052996444462518166e-01
1.679999999999999938e+00 7.054059167964517041e-01 7.060831397945539489e-01 7.047598817071332178e-01
1.687999999999999945e+00 7.013278679257012316e-01 7.056795588426183485e-01 7.043092108241686411e-01
1.695999999999999952e+00 7.035084835676380655e-01 7.052762085683119686e-01 7.039506258488066326e-01
1.703999999999999959e+00 7.030732582358325544e-01 7.048730888397848338e-01 7.036777803881311133e-01
1.711999999999999966e+00 7.029688263856188613e-01 7.044701995252623528e-01 7.034755362467549622e-01
1.719999999999999973e+00 7.016711315534133186e-01 7.040675404930449854e-01 7.033213439475668460e-01
1.727999999999999980e+00 7.036981889576585658e-01 7.036651116115086868e-01 7.031874263070940767e-01
1.735999999999999988e+00 7.039835994256136154e-01 7.032629127491045740e-01 7.030436447375200126e-01
1.743999999999999995e+00 7.041315233905509618e-01 7.028609437743590371e-01 7.028607922593023138e-01
1.752000000000000002e+00 7.042978335327599870e-01 7.024592045558735176e-01 7.026139294760692655e-01
1.760000000000000009e+00 7.034954673589607355e-01 7.020576949623247298e-01 7.022853209013625309e-01
1.768000000000000016e+00 7.030272992515695929e-01 7.016564148624641062e-01 7.018665740242220341e-01
1.776000000000000023e+00 7.046503858818961019e-01 7.012553641251185743e-01 7.013597211038753443e-01
1.784000000000000030e+00 7.021037528816057582e-01 7.008545426191894467e-01 7.007771623364836833e-01
1.792000000000000037e+00 7.018707103328571950e-01 7.004539502136535312e-01 7.001405453359039743e-01
1.800000000000000044e+00 6.994113300961765090e-01 7.000535867775622423e-01 6.994787485784625947e-01
1.808000000000000052e+00 6.996474489514592499e-01 6.996534521800418238e-01 6.988251660861535264e-01
1.816000000000000059e+00 6.991397711534717008e-01 6.992535462902934595e-01 6.982144934058138741e-01
1.824000000000000066e+00 6.962620409171801361e-01 6.988538689775929402e-01 6.976792354661496276e-01
1.832000000000000073e+00 6.968100995476368409e-01 6.984544201112908857e-01 6.972462162457265800e-01
1.840000000000000080e+00 6.944788476200208782e-01 6.980551995608127447e-01 6.969334492066902031e-01
1.848000000000000087e+00 6.960461933428158110e-01 6.976562071956582400e-01 6.967477755741162682e-01
1.856000000000000094e+00 6.952227148934521095e-01 6.972574428854018125e-01 6.966836423823190572e-01
1.864000000000000101e+00 6.961733148240049074e-01 6.968589064996926208e-01 6.967232525869286874e-01
1.872000000000000108e+00 6.967708557907275058e-01 6.964605979082543197e-01 6.968381023119587514e-01
1.880000000000000115e+00 6.968678795450563568e-01 6.960625169808846158e-01 6.969916906173672100e-01
1.888000000000000123e+00 6.968652909467322187e-01 6.956646635874562667e-01 6.971430172072951015e-01
1.896000000000000130e+00 6.989450110214127099e-01 6.952670375979158601e-01 6.972504171942786044e-01
1.904000000000000137e+00 6.994193954720643314e-01 6.948696388822845904e-01 6.972753157411384350e-01
1.911999999999999922e+00 7.005961376826667086e-01 6.944724673106580370e-01 6.971855750028381760e-01
1.919999999999999929e+00 6.982426718074193905e-01 6.940755227532056093e-01 6.969581954990544670e-01
1.927999999999999936e+00 6.989948606632099271e-01 6.936788050801714345e-01 6.965811895695261935e-01
1.935999999999999943e+00 6.986561226873213570e-01 6.932823141618735807e-01 6.960544710208389496e-01
1.943999999999999950e+00 6.971509895222632869e-01 6.928860498687040570e-01 6.953896393707972301e-01
1.951999999999999957e+00 6.936493113464643478e-01 6.924900120711291462e-01 6.946086197562332254e-01
1.959999999999999964e+00 6.958824559069749505e-01 6.920942006396894053e-01 6.937412634312405402e-01
1.967999999999999972e+00 6.907956447585550386e-01 6.916986154449989987e-01 6.928221890305149566e-01
1.975999999999999979e+00 6.916561858481095060e-01 6.913032563577460321e-01 6.918872901869522751e-01
1.983999999999999986e+00 6.872813355663914825e-01 6.909081232486927737e-01 6.909703898034269542e-01
1.991999999999999993e+00 6.899246067086802769e-01 6.905132159886754328e-01 6.901004588373222948e-01
2.000000000000000000e+00 6.874696629553189720e-01 6.901185344486036044e-01 6.892996621550691039e-01
2.008000000000000007e+00 6.868389565948732622e-01 6.897240784994611573e-01 6.885823093581007193e-01
2.016000000000000014e+00 6.871952257372744288e-01 6.893298480123052352e-01 6.879546438652259788e-01
2.024000000000000021e+00 6.855584042350761909e-01 6.889358428582671445e-01 6.874153380398951851e-01
2.032000000000000028e+00 6.879168697546831357e-01 6.885420629085515776e-01 6.869565663302735770e-01
2.040000000000000036e+00 6.867653964709542480e-01 6.881485080344368344e-01 6.865655546148349275e-01
2.048000000000000043e+00 6.869481835282132964e-01 6.877551781072750448e-01 6.862264991320820018e-01
2.056000000000000050e+00 6.848706863157650870e-01 6.873620729984913913e-01 6.859226895973171700e-01
2.064000000000000057e+00 6.882381119639727762e-01 6.869691925795851084e-01 6.856385825433863879e-01
2.072000000000000064e+00 6.862170286495589133e-01 6.865765367221283721e-01 6.853615112346044258e-01
2.080000000000000071e+00 6.852175379966202184e-01 6.861841052977672994e-01 6.850827453355974317e-01
2.088000000000000078e+00 6.839955272530565678e-01 6.857918981782208379e-01 6.847977456621747727e-01
2.096000000000000085e+00 6.839920884778359911e-01 6.853999152352814317e-01 6.845056594627743074e-01
2.104000000000000092e+00 6.800244510431513456e-01 6.850081563408151331e-01 6.842082911516444987e-01
2.112000000000000099e+00 6.820949443203885298e-01 6.846166213667607137e-01 6.839088823496872749e-01
