1.500000000000000000e+00 2.875542314085324062e-14
1.510000000000000009e+00 1.389455575708036099e-14
1.520000000000000018e+00 1.270756720974041234e-14
1.530000000000000027e+00 1.215167865714965122e-14
1.540000000000000036e+00 1.178751117791929683e-14
1.550000000000000044e+00 1.132835554978021404e-14
1.560000000000000053e+00 1.062672653548336786e-14
1.570000000000000062e+00 1.056217718219432438e-14
1.580000000000000071e+00 1.061855662627379278e-14
1.590000000000000080e+00 1.036494806661577576e-14
1.600000000000000089e+00 1.041435483077816082e-14
1.610000000000000098e+00 1.070865879278823929e-14
1.620000000000000107e+00 1.143132919668201520e-14
1.630000000000000115e+00 1.204637181204888932e-14
1.640000000000000124e+00 1.249617479567658115e-14
1.650000000000000133e+00 1.337694127676790016e-14
1.660000000000000142e+00 1.424529035911621223e-14
1.670000000000000151e+00 1.518435425470721973e-14
1.680000000000000160e+00 1.601850077658409277e-14
1.690000000000000169e+00 1.644689394972969621e-14
1.700000000000000178e+00 1.761863943973871701e-14
1.710000000000000187e+00 1.982644434906022091e-14
1.720000000000000195e+00 2.185193459997292791e-14
1.730000000000000204e+00 2.412938149860067569e-14
1.740000000000000213e+00 2.733475178363482647e-14
1.750000000000000222e+00 2.933260745467759378e-14
1.760000000000000231e+00 3.082723103261925290e-14
1.770000000000000240e+00 3.542088195975897563e-14
1.780000000000000249e+00 4.276618237967336724e-14
1.790000000000000258e+00 4.690935064854041877e-14
1.800000000000000266e+00 4.814148095186919378e-14
1.810000000000000275e+00 5.286418425464642613e-14
1.820000000000000284e+00 5.680945291216224136e-14
1.830000000000000293e+00 5.512571333700047903e-14
1.840000000000000302e+00 5.678731977578409697e-14
1.850000000000000311e+00 7.578780220797665481e-14
1.860000000000000320e+00 1.271201032171958542e-13
1.870000000000000329e+00 1.785928426057560959e-13
1.880000000000000338e+00 6.192642948187531806e-14
1.890000000000000346e+00 5.874282243787799256e-13
1.900000000000000355e+00 6.118691291889157835e-01
1.910000000000000364e+00 1.941924018103093008e+00
1.920000000000000373e+00 3.673602810496799265e+00
1.930000000000000382e+00 5.477863168078728862e+00
1.940000000000000391e+00 7.232724144622536322e+00
1.950000000000000400e+00 8.900758038821782847e+00
1.960000000000000409e+00 1.027085455377901901e+01
1.970000000000000417e+00 1.089847190561486379e+01
1.980000000000000426e+00 1.034524579266256161e+01
1.990000000000000435e+00 8.530252182879491940e+00
2.000000000000000444e+00 5.891622353672709700e+00
2.010000000000000675e+00 3.204713401092567526e+00
2.020000000000000462e+00 1.190041567217442031e+00
2.030000000000000249e+00 1.763251505255606644e-01
2.040000000000000480e+00 2.684494727693877552e-13
2.050000000000000711e+00 1.555532059824635549e-01
2.060000000000000497e+00 3.343899346095539071e-01
2.070000000000000284e+00 3.560869714278577236e-01
2.080000000000000515e+00 2.286013138117297672e-01
2.090000000000000746e+00 8.433835863275714051e-02
2.100000000000000533e+00 6.195224331512787230e-02
2.110000000000000320e+00 2.118442463523109442e-01
2.120000000000000551e+00 4.747137524658942009e-01
2.130000000000000782e+00 7.265767036982442306e-01
2.140000000000000568e+00 8.488528991656144607e-01
2.150000000000000355e+00 7.872747671013137216e-01
2.160000000000000586e+00 5.775677596284998216e-01
2.170000000000000817e+00 3.261806343239769812e-01
2.180000000000000604e+00 1.554359671942733834e-01
2.190000000000000391e+00 1.453424602460019199e-01
2.200000000000000622e+00 3.021839725594980819e-01
2.210000000000000853e+00 5.607018922302936526e-01
2.220000000000000639e+00 8.110802274360700004e-01
2.230000000000000426e+00 9.419320736346792344e-01
2.240000000000000657e+00 8.886452211548289126e-01
2.250000000000000888e+00 6.666819721659495990e-01
2.260000000000000675e+00 3.680881777144959233e-01
2.270000000000000462e+00 1.167792320052171429e-01
2.280000000000000693e+00 6.060818173290382640e-12
2.290000000000000924e+00 2.008582147809967777e-13
2.300000000000000711e+00 3.388803348559382846e-13
2.310000000000000497e+00 7.689848460609526890e-13
2.320000000000000728e+00 6.260570797265493925e-02
2.330000000000000959e+00 2.302302208661501093e-01
2.340000000000000746e+00 4.407449186084883008e-01
2.350000000000000533e+00 6.012594934108598244e-01
2.360000000000000764e+00 6.480162773436611845e-01
2.370000000000000995e+00 5.726449664994059940e-01
2.380000000000000782e+00 4.143604752007942205e-01
2.390000000000000568e+00 2.340172192638289572e-01
2.400000000000000799e+00 8.815609220793305112e-02
2.410000000000001030e+00 1.091186124992392023e-02
2.420000000000000817e+00 4.324096817992755331e-13
2.430000000000000604e+00 6.146262814908907578e-13
2.440000000000000835e+00 2.931117526266078729e-02
2.450000000000001066e+00 1.476430069762794950e-01
2.460000000000000853e+00 3.337712134634755468e-01
2.470000000000000639e+00 5.138557576706059837e-01
2.480000000000000870e+00 6.062258151213729684e-01
2.490000000000001101e+00 5.657240393940711209e-01
2.500000000000000888e+00 4.088279048212344891e-01
2.510000000000000675e+00 2.077821674437335953e-01
2.520000000000000906e+00 5.379376058492545826e-02
2.530000000000001137e+00 1.085291882343547904e-12
2.540000000000000924e+00 3.258732741681095735e-13
2.550000000000000711e+00 5.837572510339474489e-13
2.560000000000000941e+00 5.915852918086674001e-13
2.570000000000001172e+00 6.530312412509226869e-13
2.580000000000000959e+00 7.264752559535329334e-13
2.590000000000000746e+00 8.308772293900075582e-13
2.600000000000000977e+00 1.170342364956552935e-12
2.610000000000001208e+00 2.123736425426810910e-13
2.620000000000000995e+00 4.469529558371671679e-03
2.630000000000000782e+00 7.350425959555331734e-02
2.640000000000001013e+00 1.972033051996039676e-01
2.650000000000001243e+00 3.282533588126762547e-01
2.660000000000001030e+00 4.128971751724999639e-01
2.670000000000000817e+00 4.158709318010322953e-01
2.680000000000001048e+00 3.351100465865728406e-01
2.690000000000001279e+00 2.033098164472580682e-01
2.700000000000001066e+00 7.540451682223091312e-02
2.710000000000000853e+00 3.172754286681013849e-03
2.720000000000001084e+00 2.760874305375269518e-13
2.730000000000001315e+00 9.483094946578060197e-13
2.740000000000001101e+00 6.795416856764480432e-13
2.750000000000000888e+00 6.009247563447283838e-13
2.760000000000001119e+00 5.643395293741231274e-13
2.770000000000001350e+00 5.547809911152029135e-13
2.780000000000001137e+00 5.672789904819131072e-13
2.790000000000000924e+00 6.004781501764885807e-13
2.800000000000001155e+00 6.562989033539115448e-13
2.810000000000001386e+00 7.404260160071849369e-13
2.820000000000001172e+00 8.658571297348639834e-13
2.830000000000000959e+00 1.081640946493712212e-12
2.840000000000001190e+00 1.620623762702485944e-12
2.850000000000001421e+00 3.174752320528846559e-13
2.860000000000001208e+00 5.344969438846065152e-03
2.870000000000000995e+00 5.599215741864981000e-02
2.880000000000001226e+00 1.464462933010955148e-01
2.890000000000001457e+00 2.474673224573455677e-01
2.900000000000001243e+00 3.243078543949940440e-01
2.910000000000001030e+00 3.506108454026000132e-01
2.920000000000001261e+00 3.171792818360355537e-01
2.930000000000001492e+00 2.349919690809374184e-01
2.940000000000001279e+00 1.320896914997700400e-01
2.950000000000001066e+00 4.428213147040786779e-02
2.960000000000001297e+00 3.594879284216108559e-09
2.970000000000001528e+00 2.382368745526787750e-13
2.980000000000001315e+00 2.096223412914680503e-12
2.990000000000001101e+00 1.135800552791709911e-12
3.000000000000001332e+00 9.352694463831871006e-13
3.010000000000001563e+00 8.094000227093897429e-13
3.020000000000001350e+00 7.301859196933173041e-13
3.030000000000001137e+00 6.824992233633290772e-13
3.040000000000001368e+00 6.577313838026724587e-13
3.050000000000001599e+00 6.511592279897437347e-13
3.060000000000001386e+00 6.603510691915701745e-13
3.070000000000001172e+00 6.843719814014143142e-13
3.080000000000001403e+00 7.233743799808887356e-13
3.090000000000001634e+00 7.784146341403451187e-13
3.100000000000001421e+00 8.514143849400696852e-13
3.110000000000001208e+00 9.452458213911657297e-13
3.120000000000001439e+00 1.063966337690099338e-12
3.130000000000001670e+00 1.213272983187234420e-12
3.140000000000001457e+00 1.401310894527911187e-12
3.150000000000001243e+00 1.640580440048570642e-12
3.160000000000001474e+00 1.950225180955556525e-12
3.170000000000001705e+00 2.346492456842742799e-12
3.180000000000001492e+00 2.879202568270289527e-12
3.190000000000001279e+00 4.181904705648508300e-12
3.200000000000001510e+00 3.187546612663627217e-12
3.210000000000001741e+00 2.565693112868634903e-12
3.220000000000001528e+00 7.839524674445305652e-03
3.230000000000001315e+00 3.964721330992020815e-02
3.240000000000001545e+00 9.259966377721710884e-02
3.250000000000001776e+00 1.534651244018500615e-01
3.260000000000001563e+00 2.057454192688574768e-01
3.270000000000001350e+00 2.352576604073190469e-01
3.280000000000001581e+00 2.339989098865067896e-01
3.290000000000001812e+00 2.021542094717869442e-01
3.300000000000001599e+00 1.481413010863821544e-01
3.310000000000001386e+00 8.663228593594546334e-02
3.320000000000001616e+00 3.455046042970728870e-02
3.330000000000001847e+00 5.105736104195074919e-03
3.340000000000001634e+00 5.198563424934892013e-13
3.350000000000001421e+00 3.888332802763775472e-12
3.360000000000001652e+00 3.338749900906624311e-12
3.370000000000001883e+00 2.591227603717086619e-12
3.380000000000001670e+00 2.252958535232267073e-12
3.390000000000001457e+00 2.003957008398478820e-12
3.400000000000001688e+00 1.823808689620127049e-12
3.410000000000001918e+00 1.698439808676067291e-12
3.420000000000001705e+00 1.614390525422609171e-12
3.430000000000001492e+00 1.563562607533474061e-12
3.440000000000001723e+00 1.541143108209045823e-12
3.450000000000001954e+00 1.544293197553184305e-12
3.460000000000001741e+00 1.574219790810677118e-12
3.470000000000001528e+00 1.682190671577677248e-12
3.480000000000001759e+00 1.588200440529892395e-12
3.490000000000001990e+00 3.808443467340412403e-12
