1.500000000000000000e+00 7.393314008018101809e-14
1.510000000000000009e+00 3.487391858817912951e-14
1.520000000000000018e+00 3.237508737309184501e-14
1.530000000000000027e+00 3.112567431312765046e-14
1.540000000000000036e+00 2.946903542260923608e-14
1.550000000000000044e+00 2.783050055377067901e-14
1.560000000000000053e+00 2.662399466275817140e-14
1.570000000000000062e+00 2.557224446358069799e-14
1.580000000000000071e+00 2.502902142254002280e-14
1.590000000000000080e+00 2.486092534760690200e-14
1.600000000000000089e+00 2.516869584643721197e-14
1.610000000000000098e+00 2.513275606997797195e-14
1.620000000000000107e+00 2.538728435126403386e-14
1.630000000000000115e+00 2.531132117281864917e-14
1.640000000000000124e+00 2.569388900687952586e-14
1.650000000000000133e+00 2.760542483525080682e-14
1.660000000000000142e+00 2.875361404959536001e-14
1.670000000000000151e+00 2.853750300043253462e-14
1.680000000000000160e+00 2.931889729818845478e-14
1.690000000000000169e+00 3.068606232229346033e-14
1.700000000000000178e+00 3.171493884638845317e-14
1.710000000000000187e+00 3.301134529441618725e-14
1.720000000000000195e+00 3.489363235572509268e-14
1.730000000000000204e+00 3.662185098432921569e-14
1.740000000000000213e+00 3.788103625300767401e-14
1.750000000000000222e+00 3.911441722305181883e-14
1.760000000000000231e+00 4.143866444628072626e-14
1.770000000000000240e+00 4.502607551227291632e-14
1.780000000000000249e+00 4.816744057921882092e-14
1.790000000000000258e+00 4.934618825462818618e-14
1.800000000000000266e+00 5.087226163148103916e-14
1.810000000000000275e+00 5.490135230040242416e-14
1.820000000000000284e+00 5.987886374435740161e-14
1.830000000000000293e+00 6.413143982026863859e-14
1.840000000000000302e+00 6.897651685988636525e-14
1.850000000000000311e+00 7.926379202274135175e-14
1.860000000000000320e+00 9.758019539879127135e-14
1.870000000000000329e+00 1.221315961894588895e-13
1.880000000000000338e+00 1.255790250879634927e-13
1.890000000000000346e+00 1.544141631895843886e-13
1.900000000000000355e+00 2.071246044549705512e-01
1.910000000000000364e+00 1.079443424194184820e+00
1.920000000000000373e+00 2.715240382504107153e+00
1.930000000000000382e+00 5.005025027342218102e+00
1.940000000000000391e+00 7.661401075159591123e+00
1.950000000000000400e+00 1.020469374365159432e+01
1.960000000000000409e+00 1.203059774733555187e+01
1.970000000000000417e+00 1.261572333339482377e+01
1.980000000000000426e+00 1.175790645170892645e+01
1.990000000000000435e+00 9.687581477750644154e+00
2.000000000000000444e+00 6.974440013053315290e+00
2.010000000000000675e+00 4.285330071968493471e+00
2.020000000000000462e+00 2.136956806110343887e+00
2.030000000000000249e+00 7.635002746478046776e-01
2.040000000000000480e+00 1.238018871844584617e-01
2.050000000000000711e+00 1.210214335977361259e-12
2.060000000000000497e+00 1.119104725294917946e-01
2.070000000000000284e+00 2.986428005868597690e-01
2.080000000000000515e+00 4.425270613331973024e-01
2.090000000000000746e+00 4.825744363920145830e-01
2.100000000000000533e+00 4.154809051460270353e-01
2.110000000000000320e+00 2.797650355654626164e-01
2.120000000000000551e+00 1.321232154052789931e-01
2.130000000000000782e+00 2.717332158594731872e-02
2.140000000000000568e+00 5.109748192871483379e-12
2.150000000000000355e+00 5.085865030969635714e-02
2.160000000000000586e+00 1.668093663269859805e-01
2.170000000000000817e+00 3.074228886932452998e-01
2.180000000000000604e+00 4.276679014107949706e-01
2.190000000000000391e+00 4.985494214878874453e-01
2.200000000000000622e+00 5.157497255690633997e-01
2.210000000000000853e+00 4.945789259809357796e-01
2.220000000000000639e+00 4.570517054116222666e-01
2.230000000000000426e+00 4.201774785573157978e-01
2.240000000000000657e+00 3.912691629804170290e-01
2.250000000000000888e+00 3.693185610175170330e-01
2.260000000000000675e+00 3.482005390438033809e-01
2.270000000000000462e+00 3.199199610280326622e-01
2.280000000000000693e+00 2.790731268687933753e-01
2.290000000000000924e+00 2.282119111326777472e-01
2.300000000000000711e+00 1.801705256938569144e-01
2.310000000000000497e+00 1.536035232604419654e-01
2.320000000000000728e+00 1.631921802115637310e-01
2.330000000000000959e+00 2.109134834871476960e-01
2.340000000000000746e+00 2.841676336138764802e-01
2.350000000000000533e+00 3.611824162334960064e-01
2.360000000000000764e+00 4.193504455546749332e-01
2.370000000000000995e+00 4.419081700694842407e-01
2.380000000000000782e+00 4.214812984196839585e-01
2.390000000000000568e+00 3.615066857762244679e-01
2.400000000000000799e+00 2.761675237003844985e-01
2.410000000000001030e+00 1.877034149021076237e-01
2.420000000000000817e+00 1.197642971392073041e-01
2.430000000000000604e+00 8.797523423511179053e-02
2.440000000000000835e+00 9.212132736052772164e-02
2.450000000000001066e+00 1.152058618865788864e-01
2.460000000000000853e+00 1.316088051671267800e-01
2.470000000000000639e+00 1.211891807151939393e-01
2.480000000000000870e+00 8.179961580437966617e-02
2.490000000000001101e+00 3.211105443548410709e-02
2.500000000000000888e+00 2.988860903042776709e-04
2.510000000000000675e+00 1.207379447101201015e-12
2.520000000000000906e+00 1.505707426828765654e-12
2.530000000000001137e+00 1.356155324982453993e-12
2.540000000000000924e+00 1.440211235530547673e-12
2.550000000000000711e+00 1.626898628842849570e-12
2.560000000000000941e+00 1.494890353918224815e-12
2.570000000000001172e+00 4.251070721133229542e-03
2.580000000000000959e+00 4.298682262244394453e-02
2.590000000000000746e+00 1.086697283074240516e-01
2.600000000000000977e+00 1.753202088886065269e-01
2.610000000000001208e+00 2.150771478932168301e-01
2.620000000000000995e+00 2.108022559187270328e-01
2.630000000000000782e+00 1.634416014472116208e-01
2.640000000000001013e+00 9.268026619167049618e-02
2.650000000000001243e+00 2.952643937225509635e-02
2.660000000000001030e+00 4.160039494326821580e-12
2.670000000000000817e+00 9.759366582628929964e-13
2.680000000000001048e+00 9.251054092461702129e-13
2.690000000000001279e+00 7.105449652755688577e-13
2.700000000000001066e+00 5.838278286182172502e-13
2.710000000000000853e+00 5.033811181361252167e-13
2.720000000000001084e+00 4.513440399796935369e-13
2.730000000000001315e+00 4.183575903613854240e-13
2.740000000000001101e+00 3.993167283443667317e-13
2.750000000000000888e+00 3.914885326409468023e-13
2.760000000000001119e+00 3.935809717448135459e-13
2.770000000000001350e+00 4.052565061848282596e-13
2.780000000000001137e+00 4.268395642304048180e-13
2.790000000000000924e+00 4.590571900203710173e-13
2.800000000000001155e+00 5.026491269140401832e-13
2.810000000000001386e+00 5.576314151792776116e-13
2.820000000000001172e+00 6.219824949808767269e-13
2.830000000000000959e+00 6.897929231104879515e-13
2.840000000000001190e+00 7.498850702318746090e-13
2.850000000000001421e+00 7.873328774156472711e-13
2.860000000000001208e+00 7.897314115788757380e-13
2.870000000000000995e+00 7.548779140659476306e-13
2.880000000000001226e+00 6.922836481655228636e-13
2.890000000000001457e+00 6.167834878217517680e-13
2.900000000000001243e+00 5.410549325996136511e-13
2.910000000000001030e+00 4.725149981575629568e-13
2.920000000000001261e+00 4.140226422238435892e-13
2.930000000000001492e+00 3.657350470949997839e-13
2.940000000000001279e+00 3.266082196032320464e-13
2.950000000000001066e+00 2.952572423528388535e-13
2.960000000000001297e+00 2.703526290733597012e-13
2.970000000000001528e+00 2.507632201267009919e-13
2.980000000000001315e+00 2.355822266848829618e-13
2.990000000000001101e+00 2.241078027720669231e-13
3.000000000000001332e+00 2.158109249358174388e-13
3.010000000000001563e+00 2.103039401147886725e-13
3.020000000000001350e+00 2.073142856856698531e-13
3.030000000000001137e+00 2.066641837846772518e-13
3.040000000000001368e+00 2.082557451303258705e-13
3.050000000000001599e+00 2.120605267110301726e-13
3.060000000000001386e+00 2.181125532471525502e-13
3.070000000000001172e+00 2.265038490099279865e-13
3.080000000000001403e+00 2.373814941105081697e-13
3.090000000000001634e+00 2.509450263401353455e-13
3.100000000000001421e+00 2.674425619414956015e-13
3.110000000000001208e+00 2.871631975032860721e-13
3.120000000000001439e+00 3.104219498014044250e-13
3.130000000000001670e+00 3.375316020142666224e-13
3.140000000000001457e+00 3.687534467993886435e-13
3.150000000000001243e+00 4.042166760074038682e-13
3.160000000000001474e+00 4.437958280547464986e-13
3.170000000000001705e+00 4.869410021168020545e-13
3.180000000000001492e+00 5.324724958017532283e-13
3.190000000000001279e+00 5.783862006013391510e-13
3.200000000000001510e+00 6.217664994545096101e-13
3.210000000000001741e+00 6.589448063400754098e-13
3.220000000000001528e+00 6.860184022404938385e-13
3.230000000000001315e+00 6.996995736548622476e-13
3.240000000000001545e+00 6.982284001981625963e-13
3.250000000000001776e+00 6.819267733914012494e-13
3.260000000000001563e+00 6.530912440077521931e-13
3.270000000000001350e+00 6.152843860945305629e-13
3.280000000000001581e+00 5.723971917920187183e-13
3.290000000000001812e+00 5.278816266671586921e-13
3.300000000000001599e+00 4.843473290597018981e-13
3.310000000000001386e+00 4.434943920343385254e-13
3.320000000000001616e+00 4.062484251614792570e-13
3.330000000000001847e+00 3.729676772358729276e-13
3.340000000000001634e+00 3.436412040909937026e-13
3.350000000000001421e+00 3.180443049217118050e-13
3.360000000000001652e+00 2.958464743688100808e-13
3.370000000000001883e+00 2.766797963553236512e-13
3.380000000000001670e+00 2.601787087373203571e-13
3.390000000000001457e+00 2.460008164449151437e-13
3.400000000000001688e+00 2.338359804323624019e-13
3.410000000000001918e+00 2.234085971988598416e-13
3.420000000000001705e+00 2.144762086352202723e-13
3.430000000000001492e+00 2.068263588570633958e-13
3.440000000000001723e+00 2.002728227704683527e-13
3.450000000000001954e+00 1.946518306357614261e-13
3.460000000000001741e+00 1.898185138631431549e-13
3.470000000000001528e+00 1.856772548517488961e-13
3.480000000000001759e+00 1.819518330243577418e-13
3.490000000000001990e+00 3.575654483383170944e-13
