2.800000000000000266e-01 7.653883830094255769e-01 7.728439574570318271e-01
2.880000000000000338e-01 7.397705527316592589e-01 7.733151238377329317e-01
2.960000000000000409e-01 7.261385577351218146e-01 7.737865774662752161e-01
3.040000000000000480e-01 7.173781295746579634e-01 7.742583185177800420e-01
3.120000000000000551e-01 7.117999800121337373e-01 7.747303471674754638e-01
3.200000000000000067e-01 7.112602705006124681e-01 7.752026635906966723e-01
3.280000000000000138e-01 7.227431991029132918e-01 7.756752679628855507e-01
3.360000000000000209e-01 7.363018711685369588e-01 7.761481604595907857e-01
3.440000000000000280e-01 7.665649189702854471e-01 7.766213412564684226e-01
3.520000000000000351e-01 8.034471572001604667e-01 7.770948105292814212e-01
3.600000000000000422e-01 8.420423567759267591e-01 7.775685684538997666e-01
3.679999999999999938e-01 8.860237452391377388e-01 7.780426152063009138e-01
3.760000000000000009e-01 9.243536646025065640e-01 7.785169509625695650e-01
3.840000000000000080e-01 9.579700674520973402e-01 7.789915758988975591e-01
3.920000000000000151e-01 9.853308630514183708e-01 7.794664901915843158e-01
4.000000000000000222e-01 1.000000000000000000e+00 7.799416940170367241e-01
4.080000000000000293e-01 9.984230031618034351e-01 7.798063240387065331e-01
4.160000000000000364e-01 9.791696591049919851e-01 7.793312026916394686e-01
4.240000000000000435e-01 9.502713780316950354e-01 7.788563708270854757e-01
4.320000000000000506e-01 9.158016053493056585e-01 7.783818282686683077e-01
4.400000000000000577e-01 8.747836048111635732e-01 7.779075748401192980e-01
4.480000000000000648e-01 8.349492593233283078e-01 7.774336103652769170e-01
4.560000000000000164e-01 7.926943479952419658e-01 7.769599346680871044e-01
4.640000000000000235e-01 7.586096472342792607e-01 7.764865475726032695e-01
4.720000000000000306e-01 7.336579222529535649e-01 7.760134489029855143e-01
4.800000000000000377e-01 7.206384341195412047e-01 7.755406384835015210e-01
4.879999999999999893e-01 7.142122223627287436e-01 7.750681161385258866e-01
4.959999999999999964e-01 7.103400434588412748e-01 7.745958816925402335e-01
5.040000000000000036e-01 7.185364344474537424e-01 7.741239349701332095e-01
5.120000000000000107e-01 7.307677902126962222e-01 7.736522757960000440e-01
5.200000000000000178e-01 7.441614633827345893e-01 7.731809039949429918e-01
5.280000000000000249e-01 7.642196166528221202e-01 7.727098193918712221e-01
5.360000000000000320e-01 7.788724538517022289e-01 7.722390218118002636e-01
5.440000000000000391e-01 7.947659805531827049e-01 7.717685110798524484e-01
5.520000000000000462e-01 8.060914336615626619e-01 7.712982870212564679e-01
5.600000000000000533e-01 8.112271223283108457e-01 7.708283494613478171e-01
5.680000000000000604e-01 8.148152044612650968e-01 7.703586982255681281e-01
5.760000000000000675e-01 8.103337343838252771e-01 7.698893331394653927e-01
5.840000000000000746e-01 7.966519889858617587e-01 7.694202540286941838e-01
5.920000000000000817e-01 7.859135731993527330e-01 7.689514607190151008e-01
6.000000000000000888e-01 7.730922423099577667e-01 7.684829530362947692e-01
6.080000000000000959e-01 7.609595718271970899e-01 7.680147308065060630e-01
6.160000000000001030e-01 7.501291916379592140e-01 7.675467938557279934e-01
6.239999999999999991e-01 7.422163415057665414e-01 7.670791420101451541e-01
6.320000000000000062e-01 7.330980433346254710e-01 7.666117750960486088e-01
6.400000000000000133e-01 7.301487463416566071e-01 7.661446929398347816e-01
6.480000000000000204e-01 7.343865588723713644e-01 7.656778953680061228e-01
6.560000000000000275e-01 7.400531765562931019e-01 7.652113822071706650e-01
6.640000000000000346e-01 7.483645609922273678e-01 7.647451532840421340e-01
6.720000000000000417e-01 7.596701634358742350e-01 7.642792084254398377e-01
6.800000000000000488e-01 7.677034653981793522e-01 7.638135474582886664e-01
6.879999999999999449e-01 7.773691120352875794e-01 7.633481702096188704e-01
6.959999999999999520e-01 7.838580209033266799e-01 7.628830765065659492e-01
7.039999999999999591e-01 7.884140352312677402e-01 7.624182661763710955e-01
7.119999999999999662e-01 7.888185835536647428e-01 7.619537390463803073e-01
7.199999999999999734e-01 7.849522938437103470e-01 7.614894949440452754e-01
7.279999999999999805e-01 7.792232541285113445e-01 7.610255336969223849e-01
7.359999999999999876e-01 7.732996645079751596e-01 7.605618551326733812e-01
7.439999999999999947e-01 7.655593714655950510e-01 7.600984590790648143e-01
7.520000000000000018e-01 7.547510626344562379e-01 7.596353453639683728e-01
7.600000000000000089e-01 7.487692710235933635e-01 7.591725138153604391e-01
7.680000000000000160e-01 7.404276594347485307e-01 7.587099642613222006e-01
7.760000000000000231e-01 7.371624651853420085e-01 7.582476965300397609e-01
7.840000000000000302e-01 7.359752838445356993e-01 7.577857104498036955e-01
7.920000000000000373e-01 7.365740492436736453e-01 7.573240058490094961e-01
8.000000000000000444e-01 7.397511732170708454e-01 7.568625825561569043e-01
8.080000000000000515e-01 7.446485609148336682e-01 7.564014403998501335e-01
8.160000000000000586e-01 7.527729676903369693e-01 7.559405792087983134e-01
8.240000000000000657e-01 7.581192879443070520e-01 7.554799988118142684e-01
8.320000000000000728e-01 7.643217899367709123e-01 7.550196990378155171e-01
8.400000000000000799e-01 7.661142456942451329e-01 7.545596797158239388e-01
8.479999999999999760e-01 7.703506912427794395e-01 7.540999406749652190e-01
8.559999999999999831e-01 7.725861721181510600e-01 7.536404817444694038e-01
8.639999999999999902e-01 7.718077619249475996e-01 7.531813027536703453e-01
8.719999999999999973e-01 7.693794574237701189e-01 7.527224035320063678e-01
8.800000000000000044e-01 7.645891960628233841e-01 7.522637839090190459e-01
8.880000000000000115e-01 7.550037915774788777e-01 7.518054437143543156e-01
8.960000000000000187e-01 7.514115728486172596e-01 7.513473827777618075e-01
9.040000000000000258e-01 7.435655882492049340e-01 7.508896009290947360e-01
9.120000000000000329e-01 7.408218150873178143e-01 7.504320979983100104e-01
9.200000000000000400e-01 7.375301059586655272e-01 7.499748738154683458e-01
9.280000000000000471e-01 7.362912665174126126e-01 7.495179282107337082e-01
9.360000000000000542e-01 7.365853059233343769e-01 7.490612610143738692e-01
9.440000000000000613e-01 7.371009003894632983e-01 7.486048720567597403e-01
9.520000000000000684e-01 7.385088328429223470e-01 7.481487611683657057e-01
9.600000000000000755e-01 7.436285260408840303e-01 7.476929281797692894e-01
9.679999999999999716e-01 7.473628856050914537e-01 7.472373729216514882e-01
9.759999999999999787e-01 7.492822925601881900e-01 7.467820952247963273e-01
9.839999999999999858e-01 7.537329875402334345e-01 7.463270949200908611e-01
9.919999999999999929e-01 7.549276483812180638e-01 7.458723718385255053e-01
1.000000000000000000e+00 7.574519997884285871e-01 7.454179258111930384e-01
1.008000000000000007e+00 7.575392468249432243e-01 7.449637566692897117e-01
1.016000000000000014e+00 7.528252005590143625e-01 7.445098642441145831e-01
1.024000000000000021e+00 7.524760295088942508e-01 7.440562483670690730e-01
1.032000000000000028e+00 7.488276043980156560e-01 7.436029088696577416e-01
1.040000000000000036e+00 7.470507593109988465e-01 7.431498455834876227e-01
1.048000000000000043e+00 7.434763072633048253e-01 7.426970583402685566e-01
1.056000000000000050e+00 7.391734278487214205e-01 7.422445469718125244e-01
1.064000000000000057e+00 7.327482581831221697e-01 7.417923113100343135e-01
1.072000000000000064e+00 7.324528392890569117e-01 7.413403511869509632e-01
1.080000000000000071e+00 7.322929141097642702e-01 7.408886664346819861e-01
1.088000000000000078e+00 7.328337679199290466e-01 7.404372568854492576e-01
1.096000000000000085e+00 7.336459850282615047e-01 7.399861223715764602e-01
1.104000000000000092e+00 7.363837662395890105e-01 7.395352627254898614e-01
1.112000000000000099e+00 7.374684944620591986e-01 7.390846777797177580e-01
1.120000000000000107e+00 7.422866431130116238e-01 7.386343673668901433e-01
1.128000000000000114e+00 7.444796605364969455e-01 7.381843313197395950e-01
1.136000000000000121e+00 7.461954586357769648e-01 7.377345694711000545e-01
1.144000000000000128e+00 7.461041931334300159e-01 7.372850816539074925e-01
1.152000000000000135e+00 7.440221655306724635e-01 7.368358677011997981e-01
1.160000000000000142e+00 7.440381123550782183e-01 7.363869274461163350e-01
1.168000000000000149e+00 7.415362770394005043e-01 7.359382607218984962e-01
1.176000000000000156e+00 7.439005708472025136e-01 7.354898673618890381e-01
1.184000000000000163e+00 7.400342527444842000e-01 7.350417471995320806e-01
1.192000000000000171e+00 7.355070754276701317e-01 7.345939000683735509e-01
1.200000000000000178e+00 7.339211388200759245e-01 7.341463258020605176e-01
1.208000000000000185e+00 7.303280092210789887e-01 7.336990242343418567e-01
1.216000000000000192e+00 7.287711294325637246e-01 7.332519951990672524e-01
1.223999999999999977e+00 7.294118890007524891e-01 7.328052385301878635e-01
1.231999999999999984e+00 7.246216043726723122e-01 7.323587540617558789e-01
1.239999999999999991e+00 7.244344230223523917e-01 7.319125416279247398e-01
1.247999999999999998e+00 7.254557022321181936e-01 7.314666010629488069e-01
1.256000000000000005e+00 7.308830644228949680e-01 7.310209322011836930e-01
1.264000000000000012e+00 7.323304323585250186e-01 7.305755348770854862e-01
1.272000000000000020e+00 7.338622960330069001e-01 7.301304089252115270e-01
1.280000000000000027e+00 7.348034032658314896e-01 7.296855541802197420e-01
1.288000000000000034e+00 7.345017251679124559e-01 7.292409704768688661e-01
1.296000000000000041e+00 7.354820271376548702e-01 7.287966576500183313e-01
1.304000000000000048e+00 7.382962017288984269e-01 7.283526155346283781e-01
1.312000000000000055e+00 7.331612058968689505e-01 7.279088439657592779e-01
1.320000000000000062e+00 7.332699175183878815e-01 7.274653427785722215e-01
1.328000000000000069e+00 7.269598674834455432e-01 7.270221118083288747e-01
1.336000000000000076e+00 7.261108260282778115e-01 7.265791508903910456e-01
1.344000000000000083e+00 7.246790533700139258e-01 7.261364598602207954e-01
1.352000000000000091e+00 7.245890045437907157e-01 7.256940385533807714e-01
1.360000000000000098e+00 7.211149521418449559e-01 7.252518868055334300e-01
1.368000000000000105e+00 7.190645841812368655e-01 7.248100044524418140e-01
1.376000000000000112e+00 7.199371392852375040e-01 7.243683913299684418e-01
1.384000000000000119e+00 7.195546054961253768e-01 7.239270472740763074e-01
1.392000000000000126e+00 7.228259515446382455e-01 7.234859721208283245e-01
1.400000000000000133e+00 7.213547002485457549e-01 7.230451657063868831e-01
1.407999999999999918e+00 7.200329106615552810e-01 7.226046278670147371e-01
1.415999999999999925e+00 7.219408333151414725e-01 7.221643584390740056e-01
1.423999999999999932e+00 7.218892049255705157e-01 7.217243572590266165e-01
1.431999999999999940e+00 7.248143243850486694e-01 7.212846241634341959e-01
1.439999999999999947e+00 7.249650237237758033e-01 7.208451589889579569e-01
1.447999999999999954e+00 7.284262302936959088e-01 7.204059615723585885e-01
1.455999999999999961e+00 7.248169339629106922e-01 7.199670317504961448e-01
1.463999999999999968e+00 7.250936489086055037e-01 7.195283693603303776e-01
1.471999999999999975e+00 7.236724025508664004e-01 7.190899742389200711e-01
1.479999999999999982e+00 7.218983799792415557e-01 7.186518462234233739e-01
1.487999999999999989e+00 7.187442884278330002e-01 7.182139851510976891e-01
1.495999999999999996e+00 7.151809968301454656e-01 7.177763908592994513e-01
1.504000000000000004e+00 7.161245801095657004e-01 7.173390631854845712e-01
1.512000000000000011e+00 7.158040710358960501e-01 7.169020019672074362e-01
1.520000000000000018e+00 7.128060704721654872e-01 7.164652070421217989e-01
1.528000000000000025e+00 7.116672520399828228e-01 7.160286782479802214e-01
1.536000000000000032e+00 7.132136861332742939e-01 7.155924154226341871e-01
1.544000000000000039e+00 7.106486285353096344e-01 7.151564184040337668e-01
1.552000000000000046e+00 7.117271063194001712e-01 7.147206870302279524e-01
1.560000000000000053e+00 7.157292114091730051e-01 7.142852211393644346e-01
1.568000000000000060e+00 7.139501498583311623e-01 7.138500205696892698e-01
1.576000000000000068e+00 7.102176077054226377e-01 7.134150851595474352e-01
1.584000000000000075e+00 7.134522357804845560e-01 7.129804147473822740e-01
1.592000000000000082e+00 7.153130664179049303e-01 7.125460091717351618e-01
1.600000000000000089e+00 7.169155270311979855e-01 7.121118682712463954e-01
1.608000000000000096e+00 7.124304995186405698e-01 7.116779918846543040e-01
1.616000000000000103e+00 7.131713932714618398e-01 7.112443798507956938e-01
1.624000000000000110e+00 7.103917609567392821e-01 7.108110320086052925e-01
1.632000000000000117e+00 7.119415718588752995e-01 7.103779481971160825e-01
1.640000000000000124e+00 7.095228777699877920e-01 7.099451282554590792e-01
1.648000000000000131e+00 7.083357948290931461e-01 7.095125720228633304e-01
1.655999999999999917e+00 7.090487088142859440e-01 7.090802793386559166e-01
1.663999999999999924e+00 7.044025012601533575e-01 7.086482500422618402e-01
1.671999999999999931e+00 7.046998119895244717e-01 7.082164839732038031e-01
1.679999999999999938e+00 7.056306101929825658e-01 7.077849809711022067e-01
1.687999999999999945e+00 7.030002113804717512e-01 7.073537408756753742e-01
1.695999999999999952e+00 7.048114939558425274e-01 7.069227635267393284e-01
1.703999999999999959e+00 7.054879127147088980e-01 7.064920487642072366e-01
1.711999999999999966e+00 7.083252504911528025e-01 7.060615964280906320e-01
1.719999999999999973e+00 7.075716251016883618e-01 7.056314063584975260e-01
1.727999999999999980e+00 7.084509035390046394e-01 7.052014783956341848e-01
1.735999999999999988e+00 7.053830560104880076e-01 7.047718123798037970e-01
1.743999999999999995e+00 7.061792773632856735e-01 7.043424081514069179e-01
1.752000000000000002e+00 7.035534042265961796e-01 7.039132655509414693e-01
1.760000000000000009e+00 7.023450538948000643e-01 7.034843844190024065e-01
1.768000000000000016e+00 7.049102556857714807e-01 7.030557645962818292e-01
1.776000000000000023e+00 7.039541108660724023e-01 7.026274059235689817e-01
1.784000000000000030e+00 7.051027240449061484e-01 7.021993082417500309e-01
1.792000000000000037e+00 7.025920305734091320e-01 7.017714713918082881e-01
1.800000000000000044e+00 7.009970880881187805e-01 7.013438952148235428e-01
1.808000000000000052e+00 7.008403811074483958e-01 7.009165795519728404e-01
1.816000000000000059e+00 6.991082402820270048e-01 7.004895242445297043e-01
1.824000000000000066e+00 7.034965731658997523e-01 7.000627291338645808e-01
1.832000000000000073e+00 6.994549885341090345e-01 6.996361940614445052e-01
1.840000000000000080e+00 6.985747336398118179e-01 6.992099188688327693e-01
1.848000000000000087e+00 6.961523467761612238e-01 6.987839033976898095e-01
1.856000000000000094e+00 6.970579667785380407e-01 6.983581474897719854e-01
1.864000000000000101e+00 6.949652502066102633e-01 6.979326509869323569e-01
1.872000000000000108e+00 6.987645441906266131e-01 6.975074137311204625e-01
1.880000000000000115e+00 6.990493354207821808e-01 6.970824355643817638e-01
1.888000000000000123e+00 6.990440034120878332e-01 6.966577163288580898e-01
1.896000000000000130e+00 6.974372130105074286e-01 6.962332558667877480e-01
1.904000000000000137e+00 6.965757076622575150e-01 6.958090540205047470e-01
1.911999999999999922e+00 6.997949044108670025e-01 6.953851106324394626e-01
1.919999999999999929e+00 6.946978876790951274e-01 6.949614255451180833e-01
1.927999999999999936e+00 6.931075153642525244e-01 6.945379986011628315e-01
1.935999999999999943e+00 6.919376657680179621e-01 6.941148296432918530e-01
1.943999999999999950e+00 6.929960024825784215e-01 6.936919185143189948e-01
1.951999999999999957e+00 6.929157592196641957e-01 6.932692650571539161e-01
1.959999999999999964e+00 6.909243465649602678e-01 6.928468691148021996e-01
1.967999999999999972e+00 6.902583367928455393e-01 6.924247305303647959e-01
1.975999999999999979e+00 6.880134795314896134e-01 6.920028491470382459e-01
1.983999999999999986e+00 6.913112497576039406e-01 6.915812248081149027e-01
1.991999999999999993e+00 6.881950527225156877e-01 6.911598573569824877e-01
2.000000000000000000e+00 6.908049681221539728e-01 6.907387466371239793e-01
2.008000000000000007e+00 6.880243280786578763e-01 6.903178924921178350e-01
2.016000000000000014e+00 6.920973713347771117e-01 6.898972947656378807e-01
2.024000000000000021e+00 6.878206863611746602e-01 6.894769533014529772e-01
2.032000000000000028e+00 6.888014839194893657e-01 6.890568679434275756e-01
2.040000000000000036e+00 6.871386502069167790e-01 6.886370385355208290e-01
2.048000000000000043e+00 6.874327287147294907e-01 6.882174649217870366e-01
2.056000000000000050e+00 6.894059196954712698e-01 6.877981469463758657e-01
2.064000000000000057e+00 6.852529434744156767e-01 6.873790844535314637e-01
2.072000000000000064e+00 6.868703311237018827e-01 6.869602772875933461e-01
2.080000000000000071e+00 6.867854189955793220e-01 6.865417252929953973e-01
2.088000000000000078e+00 6.863279313376865476e-01 6.861234283142665369e-01
2.096000000000000085e+00 6.840886474234186831e-01 6.857053861960304975e-01
2.104000000000000092e+00 6.797169837777152779e-01 6.852875987830056026e-01
2.112000000000000099e+00 6.791099361495263054e-01 6.848700659200045449e-01
