2.800000000000000266e-01 8.772751770123784487e-01 7.686680088572526159e-01
2.880000000000000338e-01 8.821267970053278118e-01 7.690044139456160277e-01
2.960000000000000409e-01 8.938127143237447614e-01 7.693409662605872334e-01
3.040000000000000480e-01 8.981337688278226983e-01 7.696776658665995807e-01
3.120000000000000551e-01 9.029992919328572176e-01 7.700145128281142837e-01
3.200000000000000067e-01 9.175193966807152490e-01 7.703515072096213112e-01
3.280000000000000138e-01 9.368379198816630948e-01 7.706886490756383878e-01
3.360000000000000209e-01 9.466913067128069903e-01 7.710259384907116598e-01
3.440000000000000280e-01 9.518522118705977642e-01 7.713633755194153618e-01
3.520000000000000351e-01 9.555295974029577311e-01 7.717009602263523727e-01
3.600000000000000422e-01 9.634138406514265451e-01 7.720386926761535484e-01
3.679999999999999938e-01 9.766438255162417370e-01 7.723765729334778340e-01
3.760000000000000009e-01 9.891916923751856716e-01 7.727146010630129291e-01
3.840000000000000080e-01 9.911249232966871103e-01 7.730527771294747330e-01
3.920000000000000151e-01 9.877289876113906075e-01 7.733911011976071226e-01
4.000000000000000222e-01 9.909781250647382578e-01 7.737295733321827296e-01
4.080000000000000293e-01 9.973087589864014779e-01 7.735227623904531447e-01
4.160000000000000364e-01 1.000000000000000000e+00 7.731843807264286994e-01
4.240000000000000435e-01 9.954599215462686113e-01 7.728461470892705742e-01
4.320000000000000506e-01 9.818660527418486828e-01 7.725080614142235680e-01
4.400000000000000577e-01 9.707117831974410027e-01 7.721701236365610121e-01
4.480000000000000648e-01 9.723014491102864865e-01 7.718323336915842159e-01
4.560000000000000164e-01 9.645094255317469001e-01 7.714946915146231321e-01
4.640000000000000235e-01 9.569336031196666870e-01 7.711571970410358023e-01
4.720000000000000306e-01 9.400657329395696316e-01 7.708198502062086899e-01
4.800000000000000377e-01 9.300341818413376815e-01 7.704826509455563466e-01
4.879999999999999893e-01 9.218074734890425725e-01 7.701455991945215240e-01
4.959999999999999964e-01 9.174436365409720517e-01 7.698086948885756176e-01
5.040000000000000036e-01 9.105378001994067771e-01 7.694719379632177780e-01
5.120000000000000107e-01 8.942708351555159751e-01 7.691353283539756891e-01
5.200000000000000178e-01 8.804737194749986395e-01 7.687988659964050120e-01
5.280000000000000249e-01 8.721490961734538194e-01 7.684625508260898297e-01
5.360000000000000320e-01 8.638677766499132105e-01 7.681263827786423137e-01
5.440000000000000391e-01 8.585245102129837047e-01 7.677903617897028354e-01
5.520000000000000462e-01 8.477949284183947665e-01 7.674544877949395216e-01
5.600000000000000533e-01 8.348794576219451535e-01 7.671187607300493649e-01
5.680000000000000604e-01 8.241120575494067513e-01 7.667831805307570026e-01
5.760000000000000675e-01 8.184656827327200235e-01 7.664477471328151603e-01
5.840000000000000746e-01 8.092756004893396637e-01 7.661124604720048747e-01
5.920000000000000817e-01 8.023403208657458041e-01 7.657773204841352710e-01
6.000000000000000888e-01 7.866686298978495806e-01 7.654423271050434519e-01
6.080000000000000959e-01 7.705990175874902759e-01 7.651074802705947198e-01
6.160000000000001030e-01 7.695058150034889133e-01 7.647727799166821328e-01
6.239999999999999991e-01 7.613551451740840914e-01 7.644382259792270595e-01
6.320000000000000062e-01 7.531141515949358878e-01 7.641038183941788464e-01
6.400000000000000133e-01 7.384022074784973855e-01 7.637695570975150394e-01
6.480000000000000204e-01 7.259158522167853400e-01 7.634354420252407181e-01
6.560000000000000275e-01 7.186875191382772199e-01 7.631014731133893836e-01
6.640000000000000346e-01 7.192765153990611227e-01 7.627676502980224038e-01
6.720000000000000417e-01 7.123573435714199986e-01 7.624339735152290132e-01
6.800000000000000488e-01 6.994719487581508854e-01 7.621004427011266458e-01
6.879999999999999449e-01 6.907847340458904695e-01 7.617670577918602692e-01
6.959999999999999520e-01 6.876736771648971347e-01 7.614338187236031619e-01
7.039999999999999591e-01 6.878614241925740114e-01 7.611007254325564686e-01
7.119999999999999662e-01 6.863602034944958907e-01 7.607677778549489789e-01
7.199999999999999734e-01 6.794028144231476496e-01 7.604349759270379039e-01
7.279999999999999805e-01 6.721066340296890651e-01 7.601023195851075442e-01
7.359999999999999876e-01 6.688740147374289124e-01 7.597698087654709553e-01
7.439999999999999947e-01 6.701680696473991672e-01 7.594374434044683930e-01
7.520000000000000018e-01 6.724726996554308833e-01 7.591052234384682018e-01
7.600000000000000089e-01 6.698035747484739622e-01 7.587731488038665928e-01
7.680000000000000160e-01 6.631998189687072776e-01 7.584412194370877547e-01
7.760000000000000231e-01 6.621868568050477410e-01 7.581094352745832987e-01
7.840000000000000302e-01 6.689650271564381301e-01 7.577777962528328137e-01
7.920000000000000373e-01 6.772591249173675054e-01 7.574463023083438662e-01
8.000000000000000444e-01 6.741358072469402218e-01 7.571149533776514451e-01
8.080000000000000515e-01 6.737948516626105500e-01 7.567837493973186280e-01
8.160000000000000586e-01 6.735409218838191991e-01 7.564526903039361372e-01
8.240000000000000657e-01 6.801138123952720216e-01 7.561217760341223393e-01
8.320000000000000728e-01 6.871981610622708292e-01 7.557910065245233566e-01
8.400000000000000799e-01 6.919699346384587946e-01 7.554603817118130671e-01
8.479999999999999760e-01 6.948906552459626074e-01 7.551299015326929931e-01
8.559999999999999831e-01 6.952616663396963270e-01 7.547995659238925237e-01
8.639999999999999902e-01 7.003490879963650828e-01 7.544693748221685814e-01
8.719999999999999973e-01 7.137330814171336524e-01 7.541393281643057334e-01
8.800000000000000044e-01 7.260390098535347558e-01 7.538094258871161912e-01
8.880000000000000115e-01 7.210418915380908400e-01 7.534796679274399223e-01
8.960000000000000187e-01 7.201388125190534284e-01 7.531500542221444272e-01
9.040000000000000258e-01 7.275547615021603631e-01 7.528205847081250734e-01
9.120000000000000329e-01 7.448033461761324192e-01 7.524912593223042068e-01
9.200000000000000400e-01 7.562311132530097346e-01 7.521620780016323726e-01
9.280000000000000471e-01 7.563902432928223396e-01 7.518330406830876500e-01
9.360000000000000542e-01 7.536515335900879631e-01 7.515041473036754294e-01
9.440000000000000613e-01 7.614191255368818467e-01 7.511753978004286347e-01
9.520000000000000684e-01 7.776596690635441123e-01 7.508467921104081677e-01
9.600000000000000755e-01 7.820664257641326556e-01 7.505183301707017973e-01
9.679999999999999716e-01 7.871169518510912066e-01 7.501900119184253812e-01
9.759999999999999787e-01 7.869223170399103351e-01 7.498618372907221996e-01
9.839999999999999858e-01 7.915010885714132138e-01 7.495338062247626221e-01
9.919999999999999929e-01 7.972778237194122486e-01 7.492059186577449958e-01
1.000000000000000000e+00 8.065575201414761919e-01 7.488781745268950907e-01
1.008000000000000007e+00 8.108455606874007682e-01 7.485505737694655437e-01
1.016000000000000014e+00 8.159154626864377757e-01 7.482231163227373028e-01
1.024000000000000021e+00 8.080475495213137460e-01 7.478958021240181830e-01
1.032000000000000028e+00 8.190624171578166912e-01 7.475686311106435333e-01
1.040000000000000036e+00 8.262362168729123768e-01 7.472416032199762359e-01
1.048000000000000043e+00 8.268885498975570014e-01 7.469147183894063735e-01
1.056000000000000050e+00 8.282698528412776318e-01 7.465879765563516735e-01
1.064000000000000057e+00 8.237105476644891455e-01 7.462613776582570635e-01
1.072000000000000064e+00 8.249907541093314256e-01 7.459349216325950049e-01
1.080000000000000071e+00 8.296115934530654545e-01 7.456086084168649375e-01
1.088000000000000078e+00 8.329359864175865935e-01 7.452824379485940565e-01
1.096000000000000085e+00 8.297640542412252351e-01 7.449564101653367576e-01
1.104000000000000092e+00 8.232789270813098970e-01 7.446305250046746371e-01
1.112000000000000099e+00 8.200997974479901087e-01 7.443047824042166027e-01
1.120000000000000107e+00 8.219754341020802935e-01 7.439791823015990957e-01
1.128000000000000114e+00 8.234619855660538779e-01 7.436537246344856467e-01
1.136000000000000121e+00 8.246081695454834382e-01 7.433284093405669868e-01
1.144000000000000128e+00 8.106634521779150226e-01 7.430032363575612697e-01
1.152000000000000135e+00 8.059144024789982597e-01 7.426782056232138496e-01
1.160000000000000142e+00 8.102084612583655421e-01 7.423533170752972810e-01
1.168000000000000149e+00 8.049149542107196798e-01 7.420285706516112079e-01
1.176000000000000156e+00 8.030233828754361758e-01 7.417039662899828079e-01
1.184000000000000163e+00 7.932273934852144270e-01 7.413795039282662369e-01
1.192000000000000171e+00 7.880779865015032914e-01 7.410551835043428515e-01
1.200000000000000178e+00 7.855087332045780357e-01 7.407310049561210974e-01
1.208000000000000185e+00 7.821085162871481700e-01 7.404069682215369541e-01
1.216000000000000192e+00 7.767032026284081958e-01 7.400830732385530464e-01
1.223999999999999977e+00 7.686554286165351302e-01 7.397593199451594215e-01
1.231999999999999984e+00 7.592621622910435963e-01 7.394357082793733271e-01
1.239999999999999991e+00 7.539045798491004202e-01 7.391122381792388785e-01
1.247999999999999998e+00 7.534050468387225585e-01 7.387889095828276131e-01
1.256000000000000005e+00 7.503356961676757031e-01 7.384657224282377141e-01
1.264000000000000012e+00 7.428259771637116815e-01 7.381426766535948980e-01
1.272000000000000020e+00 7.308560524176410667e-01 7.378197721970516376e-01
1.280000000000000027e+00 7.266763303118246586e-01 7.374970089967876063e-01
1.288000000000000034e+00 7.237556650767960065e-01 7.371743869910095670e-01
1.296000000000000041e+00 7.197473068754929315e-01 7.368519061179511498e-01
1.304000000000000048e+00 7.190778954526334532e-01 7.365295663158731854e-01
1.312000000000000055e+00 7.073149214125424855e-01 7.362073675230632608e-01
1.320000000000000062e+00 6.998680444202373119e-01 7.358853096778361635e-01
1.328000000000000069e+00 7.029008097513231856e-01 7.355633927185337706e-01
1.336000000000000076e+00 7.048788994056516266e-01 7.352416165835247153e-01
1.344000000000000083e+00 7.010152007898101667e-01 7.349199812112044983e-01
1.352000000000000091e+00 6.910943142452549148e-01 7.345984865399959318e-01
1.360000000000000098e+00 6.880577491551704838e-01 7.342771325083484735e-01
1.368000000000000105e+00 6.883149997559361299e-01 7.339559190547385592e-01
1.376000000000000112e+00 6.904476614716889005e-01 7.336348461176697144e-01
1.384000000000000119e+00 6.878570083815611635e-01 7.333139136356721099e-01
1.392000000000000126e+00 6.862584639983977386e-01 7.329931215473028949e-01
1.400000000000000133e+00 6.815474080552371694e-01 7.326724697911461970e-01
1.407999999999999918e+00 6.861006479340431286e-01 7.323519583058129001e-01
1.415999999999999925e+00 6.849167287668868065e-01 7.320315870299409777e-01
1.423999999999999932e+00 6.900464497469659397e-01 7.317113559021947156e-01
1.431999999999999940e+00 6.837630512624017776e-01 7.313912648612658218e-01
1.439999999999999947e+00 6.832583913021569311e-01 7.310713138458724281e-01
1.447999999999999954e+00 6.799210259586193628e-01 7.307515027947596442e-01
1.455999999999999961e+00 6.939387747967837861e-01 7.304318316466993366e-01
1.463999999999999968e+00 6.965941290525237140e-01 7.301123003404903500e-01
1.471999999999999975e+00 6.975787001445755697e-01 7.297929088149579524e-01
1.479999999999999982e+00 6.957698585585462281e-01 7.294736570089542793e-01
1.487999999999999989e+00 6.977130234329697034e-01 7.291545448613584446e-01
1.495999999999999996e+00 7.003928844450284519e-01 7.288355723110760964e-01
1.504000000000000004e+00 7.116383938090043992e-01 7.285167392970395284e-01
1.512000000000000011e+00 7.077573652136973648e-01 7.281980457582077904e-01
1.520000000000000018e+00 7.076244114712488820e-01 7.278794916335670218e-01
1.528000000000000025e+00 7.098872691788518097e-01 7.275610768621295632e-01
1.536000000000000032e+00 7.171112893865548843e-01 7.272428013829346227e-01
1.544000000000000039e+00 7.316885858209591920e-01 7.269246651350480537e-01
1.552000000000000046e+00 7.302118620217038503e-01 7.266066680575623549e-01
1.560000000000000053e+00 7.293742116299801737e-01 7.262888100895966703e-01
1.568000000000000060e+00 7.329060226202802619e-01 7.259710911702969005e-01
1.576000000000000068e+00 7.363980928853380847e-01 7.256535112388353692e-01
1.584000000000000075e+00 7.404613904518525525e-01 7.253360702344112676e-01
1.592000000000000082e+00 7.469799091118215495e-01 7.250187680962499881e-01
1.600000000000000089e+00 7.489186698129303155e-01 7.247016047636039016e-01
1.608000000000000096e+00 7.479118363058505636e-01 7.243845801757516911e-01
1.616000000000000103e+00 7.518082724189356636e-01 7.240676942719987963e-01
1.624000000000000110e+00 7.599282945451636406e-01 7.237509469916771909e-01
1.632000000000000117e+00 7.638438695710662030e-01 7.234343382741449391e-01
1.640000000000000124e+00 7.669154624753103944e-01 7.231178680587874164e-01
1.648000000000000131e+00 7.690152047020364368e-01 7.228015362850160885e-01
1.655999999999999917e+00 7.653109583462958110e-01 7.224853428922687337e-01
1.663999999999999924e+00 7.703312162700275412e-01 7.221692878200098864e-01
1.671999999999999931e+00 7.730097845839739579e-01 7.218533710077305043e-01
1.679999999999999938e+00 7.758603096465489513e-01 7.215375923949480796e-01
1.687999999999999945e+00 7.758669486216323019e-01 7.212219519212065277e-01
1.695999999999999952e+00 7.756606031783236377e-01 7.209064495260761873e-01
1.703999999999999959e+00 7.757853816850769357e-01 7.205910851491537095e-01
1.711999999999999966e+00 7.726858957009815621e-01 7.202758587300623905e-01
1.719999999999999973e+00 7.787593994982863199e-01 7.199607702084518390e-01
1.727999999999999980e+00 7.737206105075423723e-01 7.196458195239979760e-01
1.735999999999999988e+00 7.702541796472146540e-01 7.193310066164033678e-01
1.743999999999999995e+00 7.707198010727113191e-01 7.190163314253966709e-01
1.752000000000000002e+00 7.737302309722894345e-01 7.187017938907330761e-01
1.760000000000000009e+00 7.698410049813564360e-01 7.183873939521939755e-01
1.768000000000000016e+00 7.674272814014190258e-01 7.180731315495872957e-01
1.776000000000000023e+00 7.641348797782285818e-01 7.177590066227472754e-01
1.784000000000000030e+00 7.585305805746759278e-01 7.174450191115342435e-01
1.792000000000000037e+00 7.630530310192634724e-01 7.171311689558351743e-01
1.800000000000000044e+00 7.603965878460494654e-01 7.168174560955631325e-01
1.808000000000000052e+00 7.536894727807780248e-01 7.165038804706573838e-01
1.816000000000000059e+00 7.477138528100372161e-01 7.161904420210836175e-01
1.824000000000000066e+00 7.435181522351482775e-01 7.158771406868338349e-01
1.832000000000000073e+00 7.485949634233125538e-01 7.155639764079261278e-01
1.840000000000000080e+00 7.413282121214413989e-01 7.152509491244050110e-01
1.848000000000000087e+00 7.371321327100459619e-01 7.149380587763409789e-01
1.856000000000000094e+00 7.302323039370182123e-01 7.146253053038309488e-01
1.864000000000000101e+00 7.274538082490165092e-01 7.143126886469980397e-01
1.872000000000000108e+00 7.221849056503746311e-01 7.140002087459913493e-01
1.880000000000000115e+00 7.197329035413584375e-01 7.136878655409863992e-01
1.888000000000000123e+00 7.141705752039797517e-01 7.133756589721848007e-01
1.896000000000000130e+00 7.079576522789429172e-01 7.130635889798144778e-01
1.904000000000000137e+00 7.087617587519550177e-01 7.127516555041290003e-01
1.911999999999999922e+00 7.041048382499409675e-01 7.124398584854086947e-01
1.919999999999999929e+00 7.061198446534383555e-01 7.121281978639595334e-01
1.927999999999999936e+00 7.012434739053369226e-01 7.118166735801139122e-01
1.935999999999999943e+00 6.895370872126521666e-01 7.115052855742303173e-01
1.943999999999999950e+00 6.927353811218059931e-01 7.111940337866929918e-01
1.951999999999999957e+00 6.866297902907736450e-01 7.108829181579126022e-01
1.959999999999999964e+00 6.857351812239808053e-01 7.105719386283257943e-01
1.967999999999999972e+00 6.876762860262135568e-01 7.102610951383953042e-01
1.975999999999999979e+00 6.779611006452970212e-01 7.099503876286097359e-01
1.983999999999999986e+00 6.790310047309228159e-01 7.096398160394840060e-01
1.991999999999999993e+00 6.772556997543758284e-01 7.093293803115586771e-01
2.000000000000000000e+00 6.790620831668072732e-01 7.090190803854007351e-01
2.008000000000000007e+00 6.760532678820503349e-01 7.087089162016028121e-01
2.016000000000000014e+00 6.733052212684610405e-01 7.083988877007838525e-01
2.024000000000000021e+00 6.746713485334743243e-01 7.080889948235885578e-01
2.032000000000000028e+00 6.718472290507508937e-01 7.077792375106874978e-01
2.040000000000000036e+00 6.739699482219022597e-01 7.074696157027776655e-01
2.048000000000000043e+00 6.754632480543620865e-01 7.071601293405813671e-01
2.056000000000000050e+00 6.717933817917046690e-01 7.068507783648472209e-01
2.064000000000000057e+00 6.720253180992182829e-01 7.065415627163498247e-01
2.072000000000000064e+00 6.734287965264724729e-01 7.062324823358894221e-01
2.080000000000000071e+00 6.779718204988876007e-01 7.059235371642923473e-01
2.088000000000000078e+00 6.780389093660453836e-01 7.056147271424106915e-01
2.096000000000000085e+00 6.763306351705303809e-01 7.053060522111227471e-01
2.104000000000000092e+00 6.766320650017024763e-01 7.049975123113320086e-01
2.112000000000000099e+00 6.795934069121739585e-01 7.046891073839685049e-01
2.120000000000000107e+00 6.817974423704769027e-01 7.043808373699878000e-01
2.128000000000000114e+00 6.874823626209971561e-01 7.040727022103713262e-01
2.136000000000000121e+00 6.879623654491007212e-01 7.037647018461262727e-01
2.144000000000000128e+00 6.858041894006036143e-01 7.034568362182855861e-01
2.152000000000000135e+00 6.906008556913881824e-01 7.031491052679083031e-01
2.160000000000000142e+00 6.967017932796527591e-01 7.028415089360787738e-01
2.168000000000000149e+00 7.012020334034260172e-01 7.025340471639077711e-01
2.176000000000000156e+00 6.991685600784505183e-01 7.022267198925310483e-01
2.184000000000000163e+00 7.022818576453193629e-01 7.019195270631108929e-01
2.192000000000000171e+00 7.034240222433835177e-01 7.016124686168345725e-01
2.200000000000000178e+00 7.063860639752232995e-01 7.013055444949158890e-01
2.208000000000000185e+00 7.148467586334801283e-01 7.009987546385936241e-01
2.216000000000000192e+00 7.120257026705184566e-01 7.006920989891326501e-01
2.224000000000000199e+00 7.108333777702258161e-01 7.003855774878233742e-01
2.232000000000000206e+00 7.136917905754448510e-01 7.000791900759822939e-01
2.240000000000000213e+00 7.199297768385123364e-01 6.997729366949508867e-01
2.248000000000000220e+00 7.219182901334236790e-01 6.994668172860968314e-01
2.256000000000000227e+00 7.249084337333532302e-01 6.991608317908132308e-01
2.264000000000000234e+00 7.232748821790294658e-01 6.988549801505189452e-01
2.272000000000000242e+00 7.247185811329008853e-01 6.985492623066583695e-01
2.280000000000000249e+00 7.270659223851160258e-01 6.982436782007014342e-01
2.288000000000000256e+00 7.315725606146508131e-01 6.979382277741438267e-01
2.296000000000000263e+00 7.322646682274244201e-01 6.976329109685069918e-01
2.304000000000000270e+00 7.329306831695159286e-01 6.973277277253374651e-01
2.312000000000000277e+00 7.312453384728935246e-01 6.970226779862077615e-01
2.320000000000000284e+00 7.354368089453867663e-01 6.967177616927157091e-01
2.328000000000000291e+00 7.361000645585302760e-01 6.964129787864851151e-01
2.336000000000000298e+00 7.366553419752506215e-01 6.961083292091645447e-01
2.344000000000000306e+00 7.342497966914218743e-01 6.958038129024289864e-01
2.352000000000000313e+00 7.320344271928096447e-01 6.954994298079781867e-01
2.360000000000000320e+00 7.281041146750468762e-01 6.951951798675379823e-01
2.368000000000000327e+00 7.348807286343357337e-01 6.948910630228591900e-01
2.376000000000000334e+00 7.304780633018581604e-01 6.945870792157184948e-01
2.384000000000000341e+00 7.285378337805662463e-01 6.942832283879180055e-01
2.392000000000000348e+00 7.255897566230856688e-01 6.939795104812850335e-01
2.400000000000000355e+00 7.242972832193577126e-01 6.936759254376725359e-01
2.408000000000000362e+00 7.246203294731823341e-01 6.933724731989588941e-01
2.416000000000000369e+00 7.240325418702064919e-01 6.930691537070480246e-01
2.424000000000000377e+00 7.238333195113521024e-01 6.927659669038689350e-01
2.432000000000000384e+00 7.161725313272174764e-01 6.924629127313763899e-01
2.440000000000000391e+00 7.141243768207825582e-01 6.921599911315501341e-01
2.448000000000000398e+00 7.099309720879972696e-01 6.918572020463958916e-01
2.456000000000000405e+00 7.110269885068325468e-01 6.915545454179440332e-01
2.464000000000000412e+00 7.091058486361546676e-01 6.912520211882510202e-01
2.472000000000000419e+00 7.033853411926198618e-01 6.909496292993981825e-01
2.480000000000000426e+00 6.991946960824438895e-01 6.906473696934921636e-01
2.488000000000000433e+00 6.975418552599527144e-01 6.903452423126653636e-01
2.496000000000000441e+00 6.995253352462418306e-01 6.900432470990749412e-01
2.504000000000000448e+00 6.957382795963963362e-01 6.897413839949038117e-01
2.512000000000000455e+00 6.897004367916821366e-01 6.894396529423598707e-01
2.520000000000000462e+00 6.848916883270982359e-01 6.891380538836765490e-01
2.528000000000000469e+00 6.830650387503479637e-01 6.888365867611123683e-01
2.535999999999999588e+00 6.807531214953022047e-01 6.885352515169511634e-01
2.543999999999999595e+00 6.829789590340112904e-01 6.882340480935020821e-01
2.551999999999999602e+00 6.759292731086918860e-01 6.879329764330993635e-01
2.559999999999999609e+00 6.698834060678965363e-01 6.876320364781026706e-01
2.567999999999999616e+00 6.703341582159566547e-01 6.873312281708966465e-01
2.575999999999999623e+00 6.693169869131128102e-01 6.870305514538913583e-01
2.583999999999999631e+00 6.718241061872491926e-01 6.867300062695218532e-01
2.591999999999999638e+00 6.647577548567692451e-01 6.864295925602486026e-01
2.599999999999999645e+00 6.630345590224940855e-01 6.861293102685570577e-01
2.607999999999999652e+00 6.633127905719301554e-01 6.858291593369579831e-01
2.615999999999999659e+00 6.607915504513485194e-01 6.855291397079871230e-01
2.623999999999999666e+00 6.644847659179415889e-01 6.852292513242053129e-01
2.631999999999999673e+00 6.618631430614154709e-01 6.849294941281988125e-01
2.639999999999999680e+00 6.549079334110438078e-01 6.846298680625788613e-01
2.647999999999999687e+00 6.569735920391995831e-01 6.843303730699817899e-01
2.655999999999999694e+00 6.532121502679224534e-01 6.840310090930687981e-01
2.663999999999999702e+00 6.565583784866871886e-01 6.837317760745265094e-01
2.671999999999999709e+00 6.612465026453221428e-01 6.834326739570665277e-01
2.679999999999999716e+00 6.522732405707855063e-01 6.831337026834253257e-01
2.687999999999999723e+00 6.553547984527503534e-01 6.828348621963648002e-01
2.695999999999999730e+00 6.547477175324052379e-01 6.825361524386713841e-01
2.703999999999999737e+00 6.589192244188132319e-01 6.822375733531571562e-01
2.711999999999999744e+00 6.635113240801387979e-01 6.819391248826586205e-01
2.719999999999999751e+00 6.592491807488269906e-01 6.816408069700375938e-01
2.727999999999999758e+00 6.585439109301204352e-01 6.813426195581807621e-01
2.735999999999999766e+00 6.551624859212091812e-01 6.810445625900000133e-01
2.743999999999999773e+00 6.624946604678789708e-01 6.807466360084319934e-01
2.751999999999999780e+00 6.662020151466000462e-01 6.804488397564385505e-01
2.759999999999999787e+00 6.649595468376160445e-01 6.801511737770059574e-01
2.767999999999999794e+00 6.634734906251975595e-01 6.798536380131461332e-01
2.775999999999999801e+00 6.690504613615184670e-01 6.795562324078953109e-01
2.783999999999999808e+00 6.736156104929005295e-01 6.792589569043151476e-01
2.791999999999999815e+00 6.772325764871697240e-01 6.789618114454917253e-01
2.799999999999999822e+00 6.743497547587510299e-01 6.786647959745365499e-01
2.807999999999999829e+00 6.721134207117299697e-01 6.783679104345855526e-01
2.815999999999999837e+00 6.708455939179105432e-01 6.780711547687996443e-01
2.823999999999999844e+00 6.827027374893920308e-01 6.777745289203649381e-01
2.831999999999999851e+00 6.839871173081306654e-01 6.774780328324919720e-01
2.839999999999999858e+00 6.818293309916866329e-01 6.771816664484163750e-01
2.847999999999999865e+00 6.839716469128738208e-01 6.768854297113983121e-01
2.855999999999999872e+00 6.819223358937077650e-01 6.765893225647232612e-01
2.863999999999999879e+00 6.853110933930248727e-01 6.762933449517011253e-01
2.871999999999999886e+00 6.952469288986997675e-01 6.759974968156666764e-01
2.879999999999999893e+00 6.941363250580095956e-01 6.757017780999795553e-01
2.887999999999999901e+00 6.882766562556797973e-01 6.754061887480241611e-01
2.895999999999999908e+00 6.868840203196185934e-01 6.751107287032095394e-01
2.903999999999999915e+00 6.918467998650840167e-01 6.748153979089697163e-01
2.911999999999999922e+00 6.996293544125854469e-01 6.745201963087632535e-01
2.919999999999999929e+00 6.988414493137512506e-01 6.742251238460735818e-01
2.927999999999999936e+00 6.967015970283303439e-01 6.739301804644087790e-01
2.935999999999999943e+00 6.964155819467512387e-01 6.736353661073016807e-01
2.943999999999999950e+00 6.894207456496895814e-01 6.733406807183097698e-01
2.951999999999999957e+00 6.982044354054827151e-01 6.730461242410152867e-01
2.959999999999999964e+00 7.006999685526279498e-01 6.727516966190251191e-01
2.967999999999999972e+00 6.955770593527343948e-01 6.724573977959708015e-01
2.975999999999999979e+00 6.939627721786022496e-01 6.721632277155086266e-01
2.983999999999999986e+00 6.949622915161737247e-01 6.718691863213193116e-01
2.991999999999999993e+00 6.971299414948667339e-01 6.715752735571084431e-01
3.000000000000000000e+00 6.988356019990050738e-01 6.712814893666062543e-01
3.008000000000000007e+00 6.975619761904049421e-01 6.709878336935672927e-01
3.016000000000000014e+00 6.901931908246364822e-01 6.706943064817710853e-01
3.024000000000000021e+00 6.908106416256690752e-01 6.704009076750214735e-01
3.032000000000000028e+00 6.894164232841475393e-01 6.701076372171469453e-01
3.040000000000000036e+00 6.918583077418308802e-01 6.698144950520007468e-01
3.048000000000000043e+00 6.878578030757608319e-01 6.695214811234603269e-01
3.056000000000000050e+00 6.846844217129542942e-01 6.692285953754281147e-01
3.064000000000000057e+00 6.764194945651532676e-01 6.689358377518308529e-01
3.072000000000000064e+00 6.788232444330183357e-01 6.686432081966195984e-01
3.080000000000000071e+00 6.801047469338873386e-01 6.683507066537703878e-01
3.088000000000000078e+00 6.770477897636199005e-01 6.680583330672832387e-01
3.096000000000000085e+00 6.714713776396902256e-01 6.677660873811833708e-01
3.104000000000000092e+00 6.654686336023075688e-01 6.674739695395197625e-01
3.112000000000000099e+00 6.714673628395091409e-01 6.671819794863663722e-01
3.120000000000000107e+00 6.729874326003842944e-01 6.668901171658211391e-01
3.128000000000000114e+00 6.713821834552341494e-01 6.665983825220072045e-01
3.136000000000000121e+00 6.634654247032526486e-01 6.663067754990713576e-01
3.144000000000000128e+00 6.557140049916064806e-01 6.660152960411852563e-01
3.152000000000000135e+00 6.604350402516798724e-01 6.657239440925447616e-01
3.160000000000000142e+00 6.587552346480224363e-01 6.654327195973704923e-01
3.168000000000000149e+00 6.612735178854109996e-01 6.651416224999071591e-01
3.176000000000000156e+00 6.494962993481714353e-01 6.648506527444238978e-01
3.184000000000000163e+00 6.495449739996994598e-01 6.645598102752143799e-01
3.192000000000000171e+00 6.475291998836770757e-01 6.642690950365964797e-01
3.200000000000000178e+00 6.472195708584429497e-01 6.639785069729126077e-01
3.208000000000000185e+00 6.502044786736360660e-01 6.636880460285291550e-01
3.216000000000000192e+00 6.457649144378465600e-01 6.633977121478373817e-01
3.224000000000000199e+00 6.372141037617998771e-01 6.631075052752524179e-01
3.232000000000000206e+00 6.359600308152310033e-01 6.628174253552139294e-01
3.240000000000000213e+00 6.412079004180123443e-01 6.625274723321858961e-01
3.248000000000000220e+00 6.444468098643865162e-01 6.622376461506565004e-01
3.256000000000000227e+00 6.379160328106601163e-01 6.619479467551383500e-01
3.264000000000000234e+00 6.325952604138206370e-01 6.616583740901680333e-01
3.272000000000000242e+00 6.348769916563355986e-01 6.613689281003066744e-01
3.280000000000000249e+00 6.360391845688645462e-01 6.610796087301397117e-01
3.288000000000000256e+00 6.409443756536116199e-01 6.607904159242764530e-01
3.296000000000000263e+00 6.411087178847909573e-01 6.605013496273508533e-01
3.304000000000000270e+00 6.367180955785978202e-01 6.602124097840208483e-01
3.312000000000000277e+00 6.354945365941263580e-01 6.599235963389685766e-01
3.320000000000000284e+00 6.341044955595817045e-01 6.596349092369004907e-01
3.328000000000000291e+00 6.385071224579063065e-01 6.593463484225472460e-01
3.336000000000000298e+00 6.387415402614375903e-01 6.590579138406633675e-01
3.344000000000000306e+00 6.347643225069083961e-01 6.587696054360281384e-01
3.352000000000000313e+00 6.330337525350706596e-01 6.584814231534443785e-01
3.360000000000000320e+00 6.394305824968335994e-01 6.581933669377393326e-01
3.368000000000000327e+00 6.394913403109496741e-01 6.579054367337645592e-01
3.376000000000000334e+00 6.429337528201689578e-01 6.576176324863952649e-01
3.384000000000000341e+00 6.412063968091735733e-01 6.573299541405314139e-01
3.392000000000000348e+00 6.368043740785277462e-01 6.570424016410965073e-01
3.400000000000000355e+00 6.448329524065368190e-01 6.567549749330382491e-01
3.408000000000000362e+00 6.449151147968921194e-01 6.564676739613288792e-01
3.416000000000000369e+00 6.473281307833473885e-01 6.561804986709639520e-01
3.424000000000000377e+00 6.471351666894581411e-01 6.558934490069637802e-01
3.432000000000000384e+00 6.439257361902750443e-01 6.556065249143722129e-01
3.440000000000000391e+00 6.486093979324026870e-01 6.553197263382576354e-01
3.448000000000000398e+00 6.538506248493450856e-01 6.550330532237120806e-01
3.456000000000000405e+00 6.561420300880993484e-01 6.547465055158516734e-01
3.464000000000000412e+00 6.529999099603694956e-01 6.544600831598165191e-01
3.472000000000000419e+00 6.520561644496755127e-01 6.541737861007709265e-01
3.480000000000000426e+00 6.540428864021375910e-01 6.538876142839029626e-01
3.488000000000000433e+00 6.577983224906451820e-01 6.536015676544248976e-01
3.496000000000000441e+00 6.624154800483063044e-01 6.533156461575727603e-01
3.504000000000000448e+00 6.631229677995570393e-01 6.530298497386065604e-01
3.512000000000000455e+00 6.596548422901219455e-01 6.527441783428103994e-01
3.520000000000000462e+00 6.609044111608703975e-01 6.524586319154921377e-01
3.528000000000000469e+00 6.605915057253323175e-01 6.521732104019837273e-01
3.535999999999999588e+00 6.654684490577807976e-01 6.518879137476409902e-01
3.543999999999999595e+00 6.668264608001990279e-01 6.516027418978433960e-01
3.551999999999999602e+00 6.625236393539274404e-01 6.513176947979948395e-01
3.559999999999999609e+00 6.596467984506931836e-01 6.510327723935225297e-01
3.567999999999999616e+00 6.661866444276840493e-01 6.507479746298779899e-01
3.575999999999999623e+00 6.676137397262522644e-01 6.504633014525362800e-01
3.583999999999999631e+00 6.651789186133720833e-01 6.501787528069965516e-01
3.591999999999999638e+00 6.663883133224385302e-01 6.498943286387817153e-01
3.599999999999999645e+00 6.615780280121587031e-01 6.496100288934384404e-01
3.607999999999999652e+00 6.601390848785035903e-01 6.493258535165372658e-01
3.615999999999999659e+00 6.636284433906624036e-01 6.490418024536724895e-01
3.623999999999999666e+00 6.674928380867261035e-01 6.487578756504625010e-01
3.631999999999999673e+00 6.636960963362189547e-01 6.484740730525490049e-01
3.639999999999999680e+00 6.592971635120071783e-01 6.481903946055979082e-01
3.647999999999999687e+00 6.575571583272327159e-01 6.479068402552987660e-01
3.655999999999999694e+00 6.611257250298134824e-01 6.476234099473645589e-01
3.663999999999999702e+00 6.598132902155903201e-01 6.473401036275324705e-01
3.671999999999999709e+00 6.611254515883714378e-01 6.470569212415632210e-01
3.679999999999999716e+00 6.544396221520195622e-01 6.467738627352412895e-01
3.687999999999999723e+00 6.514939419563401390e-01 6.464909280543748027e-01
3.695999999999999730e+00 6.529526595807602085e-01 6.462081171447957573e-01
3.703999999999999737e+00 6.566503562150136641e-01 6.459254299523595755e-01
3.711999999999999744e+00 6.480260793965048061e-01 6.456428664229457715e-01
3.719999999999999751e+00 6.435143152689116741e-01 6.453604265024570630e-01
3.727999999999999758e+00 6.425422119826468270e-01 6.450781101368202597e-01
3.735999999999999766e+00 6.480847057367686848e-01 6.447959172719854859e-01
3.743999999999999773e+00 6.453157667716847845e-01 6.445138478539268467e-01
3.751999999999999780e+00 6.427564263992123772e-01 6.442319018286415400e-01
3.759999999999999787e+00 6.417697886170280475e-01 6.439500791421510772e-01
3.767999999999999794e+00 6.365169859587328505e-01 6.436683797405000629e-01
3.775999999999999801e+00 6.346758467340668508e-01 6.433868035697569709e-01
3.783999999999999808e+00 6.373748671084068507e-01 6.431053505760137012e-01
3.791999999999999815e+00 6.379542044459779460e-01 6.428240207053860233e-01
3.799999999999999822e+00 6.267261173815553699e-01 6.425428139040127995e-01
3.807999999999999829e+00 6.282833505449026967e-01 6.422617301180568727e-01
3.815999999999999837e+00 6.266504331699549457e-01 6.419807692937045118e-01
3.823999999999999844e+00 6.290512957418561424e-01 6.416999313771653002e-01
3.831999999999999851e+00 6.310958148271533785e-01 6.414192163146728021e-01
3.839999999999999858e+00 6.231781069437912768e-01 6.411386240524837854e-01
3.847999999999999865e+00 6.201943366435385130e-01 6.408581545368786658e-01
3.855999999999999872e+00 6.220808305173236574e-01 6.405778077141610627e-01
3.863999999999999879e+00 6.212577401272083577e-01 6.402975835306585761e-01
3.871999999999999886e+00 6.233170593329683262e-01 6.400174819327220099e-01
3.879999999999999893e+00 6.196883060324378523e-01 6.397375028667254826e-01
3.887999999999999901e+00 6.162577294413410511e-01 6.394576462790667604e-01
3.895999999999999908e+00 6.157477426200146375e-01 6.391779121161671462e-01
3.903999999999999915e+00 6.147342501103268964e-01 6.388983003244712577e-01
3.911999999999999922e+00 6.191519521876128751e-01 6.386188108504471383e-01
3.919999999999999929e+00 6.174035079896613709e-01 6.383394436405862571e-01
3.927999999999999936e+00 6.125955866388070881e-01 6.380601986414035087e-01
3.935999999999999943e+00 6.101769688594478325e-01 6.377810757994372137e-01
3.943999999999999950e+00 6.135715162885911900e-01 6.375020750612490072e-01
3.951999999999999957e+00 6.228029994621901988e-01 6.372231963734239502e-01
3.959999999999999964e+00 6.153690181072714038e-01 6.369444396825704180e-01
3.967999999999999972e+00 6.134699595712125308e-01 6.366658049353202120e-01
3.975999999999999979e+00 6.136624040658696932e-01 6.363872920783284481e-01
3.983999999999999986e+00 6.213177437097185951e-01 6.361089010582736680e-01
3.991999999999999993e+00 6.196092212847891245e-01 6.358306318218576170e-01
4.000000000000000000e+00 6.193210771819759319e-01 6.355524843158052439e-01
4.008000000000000007e+00 6.147868413699975054e-01 6.352744584868651456e-01
4.016000000000000014e+00 6.145584791883320630e-01 6.349965542818089004e-01
4.024000000000000021e+00 6.209512424924198415e-01 6.347187716474315122e-01
4.032000000000000028e+00 6.242337811241759349e-01 6.344411105305512999e-01
4.040000000000000036e+00 6.254610717829532929e-01 6.341635708780096747e-01
4.048000000000000043e+00 6.209571665344011393e-01 6.338861526366714738e-01
4.056000000000000050e+00 6.220334738843774636e-01 6.336088557534248489e-01
4.064000000000000057e+00 6.195424009416811151e-01 6.333316801751808223e-01
4.072000000000000064e+00 6.271845805203196678e-01 6.330546258488739531e-01
4.080000000000000071e+00 6.283487360900195107e-01 6.327776927214620040e-01
4.088000000000000078e+00 6.247675232513618671e-01 6.325008807399258304e-01
4.096000000000000085e+00 6.259237929846587223e-01 6.322241898512694913e-01
4.104000000000000092e+00 6.286293185686899765e-01 6.319476200025202495e-01
4.112000000000000099e+00 6.347144069373478192e-01 6.316711711407286822e-01
