2.000000000000000000e+00 1.219423434579346460e-12
2.015000000000000124e+00 5.739669481672389623e-13
2.030000000000000249e+00 5.455707740449431513e-13
2.045000000000000373e+00 3.809297898882473373e-13
2.060000000000000497e+00 3.517783561114342235e-13
2.075000000000000622e+00 3.374822373226251642e-13
2.090000000000000746e+00 2.724499624527908717e-13
2.105000000000000870e+00 2.540686610038339189e-13
2.120000000000000995e+00 2.087023709223941793e-13
2.135000000000001119e+00 1.882143842691409445e-13
2.150000000000001243e+00 1.613539955772531786e-13
2.165000000000001368e+00 1.515097741368065356e-13
2.180000000000001492e+00 1.300091204064888671e-13
2.195000000000001616e+00 1.072247987240819989e-13
2.210000000000001741e+00 9.769455090354121169e-14
2.225000000000001865e+00 8.103363712878373070e-14
2.240000000000001990e+00 7.013317782623085162e-14
2.255000000000002114e+00 6.343691724402936136e-14
2.270000000000002238e+00 5.353336557283709566e-14
2.285000000000002363e+00 4.765933092542395154e-14
2.300000000000002487e+00 4.477410745715573696e-14
2.315000000000002611e+00 3.947169569127966217e-14
2.330000000000002736e+00 3.452929594657067133e-14
2.345000000000002860e+00 3.155473593900704303e-14
2.360000000000002984e+00 2.794646734674126016e-14
2.375000000000003109e+00 2.433608017078079322e-14
2.390000000000003233e+00 2.177606434774372518e-14
2.405000000000003357e+00 1.952071197784318770e-14
2.420000000000003482e+00 1.690840846758209246e-14
2.435000000000003606e+00 1.460599420246039302e-14
2.450000000000003730e+00 1.299235394156296130e-14
2.465000000000003855e+00 1.152896581134612253e-14
2.480000000000003979e+00 9.914166314425473199e-15
2.495000000000004103e+00 8.445834999086494443e-15
2.510000000000004228e+00 7.281622945632384470e-15
2.525000000000004352e+00 6.361969204498532621e-15
2.540000000000004476e+00 5.624099626832302299e-15
2.555000000000004601e+00 5.128254862821445801e-15
2.570000000000004725e+00 4.896184949516236287e-15
2.585000000000004849e+00 4.866519292334438381e-15
2.600000000000004974e+00 4.877261747782156590e-15
2.615000000000005098e+00 4.772641529315073002e-15
2.630000000000005222e+00 4.587363780696951281e-15
2.645000000000005347e+00 4.440823176122177976e-15
2.660000000000005471e+00 4.392877019994206059e-15
2.675000000000005596e+00 4.418316517314162330e-15
2.690000000000005720e+00 4.422581885944500624e-15
2.705000000000005844e+00 4.341481377187789209e-15
2.720000000000005969e+00 4.209259765676584039e-15
2.735000000000006093e+00 4.100215532303343889e-15
2.750000000000006217e+00 4.065713254394365212e-15
2.765000000000006342e+00 4.106016182918545050e-15
2.780000000000006466e+00 4.163015756499862348e-15
2.795000000000006590e+00 4.166959083599018075e-15
2.810000000000006715e+00 4.103839631063457973e-15
2.825000000000006839e+00 4.016112890233750498e-15
2.840000000000006963e+00 3.958162466624029484e-15
2.855000000000007088e+00 3.969451770017569824e-15
2.870000000000007212e+00 4.059942940158522903e-15
2.885000000000007336e+00 4.198027866415418896e-15
2.900000000000007461e+00 4.321769900372325026e-15
2.915000000000007585e+00 4.382238863816551853e-15
2.930000000000007709e+00 4.379203683889686136e-15
2.945000000000007834e+00 4.353357243390840411e-15
2.960000000000007958e+00 4.359343150616534021e-15
2.975000000000008082e+00 4.450295420631122440e-15
2.990000000000008207e+00 4.671943466371331453e-15
3.005000000000008331e+00 5.056856469204311247e-15
3.020000000000008455e+00 5.618265767930398618e-15
3.035000000000008580e+00 6.351587902124015004e-15
3.050000000000008704e+00 7.254824589482742110e-15
3.065000000000008828e+00 8.366979718145745544e-15
3.080000000000008953e+00 9.814549151323632333e-15
3.095000000000009077e+00 1.188219555477460715e-14
3.110000000000009202e+00 1.526439509170407385e-14
3.125000000000009326e+00 1.866038792701759525e-14
3.140000000000009450e+00 3.049339603288411371e-14
3.155000000000009575e+00 3.813082194066757413e+00
3.170000000000009699e+00 1.370484753855973992e+01
3.185000000000009823e+00 2.105970260802999761e+01
3.200000000000009948e+00 1.901786544996554795e+01
3.215000000000010072e+00 9.027140014786260380e+00
3.230000000000010196e+00 4.402886125240142862e-02
3.245000000000010321e+00 8.295197253719307272e-15
3.260000000000010445e+00 1.014616946566697465e-14
3.275000000000010569e+00 6.443699529942833864e-15
3.290000000000010694e+00 4.777427376407333069e-15
3.305000000000010818e+00 3.795164165736765284e-15
3.320000000000010942e+00 3.172037912986009856e-15
3.335000000000011067e+00 2.755291919296072099e-15
3.350000000000011191e+00 2.464342819550399781e-15
3.365000000000011315e+00 2.252969457974168220e-15
3.380000000000011440e+00 2.093361975407989985e-15
3.395000000000011564e+00 1.968520021400590868e-15
3.410000000000011688e+00 1.868072384903507290e-15
3.425000000000011813e+00 1.785620132588163084e-15
3.440000000000011937e+00 1.716946653543501690e-15
3.455000000000012061e+00 1.658915093515121439e-15
3.470000000000012186e+00 1.608960722123129873e-15
3.485000000000012310e+00 1.565014324897853334e-15
3.500000000000012434e+00 1.525618953026453543e-15
3.515000000000012559e+00 1.490009226920504424e-15
3.530000000000012683e+00 1.458022135800581588e-15
3.545000000000012808e+00 1.429846116103650191e-15
3.560000000000012932e+00 1.405710450284995956e-15
3.575000000000013056e+00 1.385630030294185154e-15
3.590000000000013181e+00 1.369274705401124532e-15
3.605000000000013305e+00 1.355975265386613888e-15
3.620000000000013429e+00 1.344837957264511955e-15
3.635000000000013554e+00 1.334918883405359893e-15
3.650000000000013678e+00 1.325402604676544276e-15
3.665000000000013802e+00 1.315734031962845526e-15
3.680000000000013927e+00 1.305670583539815572e-15
3.695000000000014051e+00 1.295249369605519069e-15
3.710000000000014175e+00 1.284691571770326430e-15
3.725000000000014300e+00 1.274282052921442525e-15
3.740000000000014424e+00 1.264262208907486963e-15
3.755000000000014548e+00 1.254762072792453735e-15
3.770000000000014673e+00 1.245781168602281938e-15
3.785000000000014797e+00 1.237212560029575159e-15
3.800000000000014921e+00 1.228894018655464095e-15
3.815000000000015046e+00 1.220665585959943713e-15
3.830000000000015170e+00 1.212414496649924960e-15
3.845000000000015294e+00 1.204095579521269297e-15
3.860000000000015419e+00 1.195725079413820244e-15
3.875000000000015543e+00 1.187354555111800547e-15
3.890000000000015667e+00 1.179036200374109217e-15
3.905000000000015792e+00 1.170790941110893518e-15
3.920000000000015916e+00 1.162587347057268293e-15
3.935000000000016041e+00 1.154334908425551043e-15
3.950000000000016165e+00 1.145891291756763391e-15
3.965000000000016289e+00 1.137080603609204716e-15
3.980000000000016414e+00 1.127718454989910660e-15
3.995000000000016538e+00 1.117639325829401923e-15
4.010000000000016662e+00 1.106721948366933690e-15
4.025000000000016342e+00 1.094908951600426873e-15
4.040000000000016911e+00 1.082217883267900919e-15
4.055000000000017479e+00 1.068742075743085781e-15
4.070000000000017160e+00 1.054641590115694759e-15
4.085000000000016840e+00 1.040126290122563031e-15
4.100000000000017408e+00 1.025434427720002234e-15
4.115000000000017977e+00 1.010810560273845617e-15
4.130000000000017657e+00 9.964861187224482989e-16
4.145000000000017337e+00 9.826648062579146410e-16
4.160000000000017906e+00 9.695136800284415698e-16
4.175000000000018474e+00 9.571596396288967783e-16
4.190000000000018154e+00 9.456903173565384775e-16
4.205000000000017835e+00 9.351580549375988832e-16
4.220000000000018403e+00 9.255856650006049677e-16
4.235000000000018971e+00 9.169728814091641877e-16
4.250000000000018652e+00 9.093026846158382621e-16
4.265000000000018332e+00 9.025469671614796663e-16
4.280000000000018900e+00 8.966712385875220742e-16
4.295000000000019469e+00 8.916382454184626560e-16
4.310000000000019149e+00 8.874105044572269809e-16
4.325000000000018829e+00 8.839518281848095235e-16
4.340000000000019398e+00 8.812279719824723330e-16
4.355000000000019966e+00 8.792065639407010789e-16
4.370000000000019647e+00 8.778564947527901912e-16
4.385000000000019327e+00 8.771469505202822856e-16
4.400000000000019895e+00 8.770462658237502555e-16
4.415000000000020464e+00 8.775207593782905063e-16
4.430000000000020144e+00 8.785336935435807634e-16
4.445000000000019824e+00 8.800444359301866067e-16
4.460000000000020393e+00 8.820565021520303169e-16
4.475000000000020961e+00 8.842777188421333926e-16
4.490000000000020641e+00 1.778901835435098046e-15
