2.800000000000000266e-01 8.827489963677372931e-01 8.487847895238003204e-01
2.880000000000000338e-01 8.904267578837933295e-01 8.490398811317607652e-01
2.960000000000000409e-01 8.999997971608842962e-01 8.492950494042998955e-01
3.040000000000000480e-01 9.046695620422762207e-01 8.495502943644587246e-01
3.120000000000000551e-01 9.105071700919731281e-01 8.498056160352843724e-01
3.200000000000000067e-01 9.166515770664881435e-01 8.500610144398313972e-01
3.280000000000000138e-01 9.261983113471039530e-01 8.503164896011612406e-01
3.360000000000000209e-01 9.372368785454159301e-01 8.505720415423421166e-01
3.440000000000000280e-01 9.457191927938041198e-01 8.508276702864492336e-01
3.520000000000000351e-01 9.525782324005512836e-01 8.510833758565646834e-01
3.600000000000000422e-01 9.585867964921118700e-01 8.513391582757777742e-01
3.679999999999999938e-01 9.681666386110687750e-01 8.515950175671842537e-01
3.760000000000000009e-01 9.781428443460391531e-01 8.518509537538873078e-01
3.840000000000000080e-01 9.864062098184939176e-01 8.521069668589967838e-01
3.920000000000000151e-01 9.907775221995526183e-01 8.523630569056295236e-01
4.000000000000000222e-01 9.932196917269672243e-01 8.526192239169093634e-01
4.080000000000000293e-01 9.966002869821898313e-01 8.528754679159670227e-01
4.160000000000000364e-01 1.000000000000000000e+00 8.531317889259402154e-01
4.240000000000000435e-01 9.997936995968781382e-01 8.530155268261351287e-01
4.320000000000000506e-01 9.967600984585383017e-01 8.527592407467777802e-01
4.400000000000000577e-01 9.907177218101813621e-01 8.525030316678412490e-01
4.480000000000000648e-01 9.839516156381821199e-01 8.522468995661909297e-01
4.560000000000000164e-01 9.796370855071300232e-01 8.519908444186991003e-01
4.640000000000000235e-01 9.751465386597600871e-01 8.517348662022452555e-01
4.720000000000000306e-01 9.654132673058737346e-01 8.514789648937156619e-01
4.800000000000000377e-01 9.570142018225701319e-01 8.512231404700034698e-01
4.879999999999999893e-01 9.488105452227387770e-01 8.509673929080089350e-01
4.959999999999999964e-01 9.424862755308603957e-01 8.507117221846390853e-01
5.040000000000000036e-01 9.381352395299367153e-01 8.504561282768081654e-01
5.120000000000000107e-01 9.299381277890379494e-01 8.502006111614369699e-01
5.200000000000000178e-01 9.209852800276433493e-01 8.499451708154535101e-01
5.280000000000000249e-01 9.124621610224471491e-01 8.496898072157925697e-01
5.360000000000000320e-01 9.043390627370084811e-01 8.494345203393960375e-01
5.440000000000000391e-01 9.012825163616760005e-01 8.491793101632124641e-01
5.520000000000000462e-01 8.953909469307811397e-01 8.489241766641978382e-01
5.600000000000000533e-01 8.874456769829425218e-01 8.486691198193142549e-01
5.680000000000000604e-01 8.779718958628348613e-01 8.484141396055315809e-01
5.760000000000000675e-01 8.727580397596109707e-01 8.481592359998260111e-01
5.840000000000000746e-01 8.678309260737432362e-01 8.479044089791809569e-01
5.920000000000000817e-01 8.640276894080554104e-01 8.476496585205866019e-01
6.000000000000000888e-01 8.574341764732095195e-01 8.473949846010401243e-01
6.080000000000000959e-01 8.507577782338424655e-01 8.471403871975455857e-01
6.160000000000001030e-01 8.463182605544851134e-01 8.468858662871140419e-01
6.239999999999999991e-01 8.421672008080436367e-01 8.466314218467632102e-01
6.320000000000000062e-01 8.404815343939485706e-01 8.463770538535179133e-01
6.400000000000000133e-01 8.364631875461315813e-01 8.461227622844098573e-01
6.480000000000000204e-01 8.317195411535492910e-01 8.458685471164777425e-01
6.560000000000000275e-01 8.260442946237029904e-01 8.456144083267669309e-01
6.640000000000000346e-01 8.245184895010276849e-01 8.453603458923297786e-01
6.720000000000000417e-01 8.237511377169265403e-01 8.451063597902257474e-01
6.800000000000000488e-01 8.240962844958152900e-01 8.448524499975207380e-01
6.879999999999999449e-01 8.206499002891154415e-01 8.445986164912878680e-01
6.959999999999999520e-01 8.166113483625757619e-01 8.443448592486073601e-01
7.039999999999999591e-01 8.157786260163755188e-01 8.440911782465656543e-01
7.119999999999999662e-01 8.169566658621965072e-01 8.438375734622567403e-01
7.199999999999999734e-01 8.181100380531851624e-01 8.435840448727811580e-01
7.279999999999999805e-01 8.170552303509424075e-01 8.433305924552463306e-01
7.359999999999999876e-01 8.141555373958578867e-01 8.430772161867665648e-01
7.439999999999999947e-01 8.133038113373004530e-01 8.428239160444633837e-01
7.520000000000000018e-01 8.149398563419828490e-01 8.425706920054645277e-01
7.600000000000000089e-01 8.173179595598314418e-01 8.423175440469051756e-01
7.680000000000000160e-01 8.164772365254479025e-01 8.420644721459271675e-01
7.760000000000000231e-01 8.141004491478196492e-01 8.418114762796792272e-01
7.840000000000000302e-01 8.131386776876807776e-01 8.415585564253168505e-01
7.920000000000000373e-01 8.140608718568720370e-01 8.413057125600025277e-01
8.000000000000000444e-01 8.168415589187658643e-01 8.410529446609055215e-01
8.080000000000000515e-01 8.154123535984491022e-01 8.408002527052022002e-01
8.160000000000000586e-01 8.148473697119380521e-01 8.405476366700753710e-01
8.240000000000000657e-01 8.125936220222258477e-01 8.402950965327149468e-01
8.320000000000000728e-01 8.135289232556756067e-01 8.400426322703177240e-01
8.400000000000000799e-01 8.150472387327616364e-01 8.397902438600872710e-01
8.479999999999999760e-01 8.169607966113260344e-01 8.395379312792340398e-01
8.559999999999999831e-01 8.171053183582005497e-01 8.392856945049752548e-01
8.639999999999999902e-01 8.133079181357200094e-01 8.390335335145350237e-01
8.719999999999999973e-01 8.141959346831334488e-01 8.387814482851443376e-01
8.800000000000000044e-01 8.169619000324174207e-01 8.385294387940410710e-01
8.880000000000000115e-01 8.190389372082953479e-01 8.382775050184697596e-01
8.960000000000000187e-01 8.201165306994480098e-01 8.380256469356820448e-01
9.040000000000000258e-01 8.192117007229571257e-01 8.377738645229362291e-01
9.120000000000000329e-01 8.198289816752361014e-01 8.375221577574972764e-01
9.200000000000000400e-01 8.224496645416423668e-01 8.372705266166371452e-01
9.280000000000000471e-01 8.266515577006315896e-01 8.370189710776350100e-01
9.360000000000000542e-01 8.285460942665983097e-01 8.367674911177761521e-01
9.440000000000000613e-01 8.269491608133298088e-01 8.365160867143532908e-01
9.520000000000000684e-01 8.280717280212770426e-01 8.362647578446654739e-01
9.600000000000000755e-01 8.305487654788064056e-01 8.360135044860189657e-01
9.679999999999999716e-01 8.354432015178392401e-01 8.357623266157266917e-01
9.759999999999999787e-01 8.374178960858862375e-01 8.355112242111082388e-01
9.839999999999999858e-01 8.392653485673826630e-01 8.352601972494902993e-01
9.919999999999999929e-01 8.378996939350318307e-01 8.350092457082062269e-01
1.000000000000000000e+00 8.401544814815901097e-01 8.347583695645961477e-01
1.008000000000000007e+00 8.449960042102634405e-01 8.345075687960069599e-01
1.016000000000000014e+00 8.476703630488392482e-01 8.342568433797927785e-01
1.024000000000000021e+00 8.490432626566933871e-01 8.340061932933138245e-01
1.032000000000000028e+00 8.485231935714655505e-01 8.337556185139377574e-01
1.040000000000000036e+00 8.493314927711320683e-01 8.335051190190385650e-01
1.048000000000000043e+00 8.536001875725479637e-01 8.332546947859974518e-01
1.056000000000000050e+00 8.558034375468113186e-01 8.330043457922020611e-01
1.064000000000000057e+00 8.584113239368866832e-01 8.327540720150470310e-01
1.072000000000000064e+00 8.570677815584526460e-01 8.325038734319336609e-01
1.080000000000000071e+00 8.568501084973457749e-01 8.322537500202702443e-01
1.088000000000000078e+00 8.587625744606230960e-01 8.320037017574716254e-01
1.096000000000000085e+00 8.601473315402823339e-01 8.317537286209596425e-01
1.104000000000000092e+00 8.591952176445538658e-01 8.315038305881626846e-01
1.112000000000000099e+00 8.589609088625445033e-01 8.312540076365162456e-01
1.120000000000000107e+00 8.570425219710792186e-01 8.310042597434621481e-01
1.128000000000000114e+00 8.570139620606767039e-01 8.307545868864494309e-01
1.136000000000000121e+00 8.579270768615263609e-01 8.305049890429337944e-01
1.144000000000000128e+00 8.574155807623885517e-01 8.302554661903773781e-01
1.152000000000000135e+00 8.562833665438245312e-01 8.300060183062496488e-01
1.160000000000000142e+00 8.519998326488976703e-01 8.297566453680264020e-01
1.168000000000000149e+00 8.512280417269921795e-01 8.295073473531904273e-01
1.176000000000000156e+00 8.516921558907973866e-01 8.292581242392310648e-01
1.184000000000000163e+00 8.495713585817070701e-01 8.290089760036448707e-01
1.192000000000000171e+00 8.496256854870909425e-01 8.287599026239343969e-01
1.200000000000000178e+00 8.422622357482323352e-01 8.285109040776098555e-01
1.208000000000000185e+00 8.414506015752263313e-01 8.282619803421874538e-01
1.216000000000000192e+00 8.408644500756486950e-01 8.280131313951906158e-01
1.223999999999999977e+00 8.415602821119262389e-01 8.277643572141494266e-01
1.231999999999999984e+00 8.378159745182022222e-01 8.275156577766005217e-01
1.239999999999999991e+00 8.340695565951150581e-01 8.272670330600875310e-01
1.247999999999999998e+00 8.303081266180334374e-01 8.270184830421606348e-01
1.256000000000000005e+00 8.311810180722375430e-01 8.267700077003770076e-01
1.264000000000000012e+00 8.291032827880253642e-01 8.265216070123002634e-01
1.272000000000000020e+00 8.280699450036033138e-01 8.262732809555010105e-01
1.280000000000000027e+00 8.247886513054958346e-01 8.260250295075564075e-01
1.288000000000000034e+00 8.218564004082985486e-01 8.257768526460504965e-01
1.296000000000000041e+00 8.211466566788210297e-01 8.255287503485740919e-01
1.304000000000000048e+00 8.210255216033193193e-01 8.252807225927244472e-01
1.312000000000000055e+00 8.196964577025955823e-01 8.250327693561058107e-01
1.320000000000000062e+00 8.174525295396669611e-01 8.247848906163292027e-01
1.328000000000000069e+00 8.151060146431884368e-01 8.245370863510120829e-01
1.336000000000000076e+00 8.134494153023403840e-01 8.242893565377790166e-01
1.344000000000000083e+00 8.128739684407909616e-01 8.240417011542608972e-01
1.352000000000000091e+00 8.132546048157232033e-01 8.237941201780956124e-01
1.360000000000000098e+00 8.127999841137074633e-01 8.235466135869277116e-01
1.368000000000000105e+00 8.091505750934255836e-01 8.232991813584084051e-01
1.376000000000000112e+00 8.073192115660817736e-01 8.230518234701955649e-01
1.384000000000000119e+00 8.099743636216538700e-01 8.228045398999540572e-01
1.392000000000000126e+00 8.098322847882909459e-01 8.225573306253550765e-01
1.400000000000000133e+00 8.088661938642006666e-01 8.223101956240767008e-01
1.407999999999999918e+00 8.065594414060474060e-01 8.220631348738038913e-01
1.415999999999999925e+00 8.047467533171838161e-01 8.218161483522280486e-01
1.423999999999999932e+00 8.051516383514663033e-01 8.215692360370473457e-01
1.431999999999999940e+00 8.070385936153015027e-01 8.213223979059667279e-01
1.439999999999999947e+00 8.081650930206401018e-01 8.210756339366978018e-01
1.447999999999999954e+00 8.057660789077961683e-01 8.208289441069588355e-01
1.455999999999999961e+00 8.047173998227997727e-01 8.205823283944748692e-01
1.463999999999999968e+00 8.041272033856727841e-01 8.203357867769774936e-01
1.471999999999999975e+00 8.069328199512871835e-01 8.200893192322050718e-01
1.479999999999999982e+00 8.082405364911185996e-01 8.198429257379027391e-01
1.487999999999999989e+00 8.084142299438066281e-01 8.195966062718221812e-01
1.495999999999999996e+00 8.060693416063948735e-01 8.193503608117219672e-01
1.504000000000000004e+00 8.063102368073707948e-01 8.191041893353669945e-01
1.512000000000000011e+00 8.085346798721103623e-01 8.188580918205293768e-01
1.520000000000000018e+00 8.099940747674032604e-01 8.186120682449872232e-01
1.528000000000000025e+00 8.093073367160361631e-01 8.183661185865259702e-01
1.536000000000000032e+00 8.093311171050349140e-01 8.181202428229371604e-01
1.544000000000000039e+00 8.105879123097190497e-01 8.178744409320196640e-01
1.552000000000000046e+00 8.116329558503192487e-01 8.176287128915783464e-01
1.560000000000000053e+00 8.147495323320560479e-01 8.173830586794250674e-01
1.568000000000000060e+00 8.152101672232198171e-01 8.171374782733784592e-01
1.576000000000000068e+00 8.157235050617931416e-01 8.168919716512635931e-01
1.584000000000000075e+00 8.150007936818521870e-01 8.166465387909123130e-01
1.592000000000000082e+00 8.171745738323442643e-01 8.164011796701631241e-01
1.600000000000000089e+00 8.196308959496966251e-01 8.161558942668613037e-01
1.608000000000000096e+00 8.216366779421225841e-01 8.159106825588584577e-01
1.616000000000000103e+00 8.218898745668533623e-01 8.156655445240129643e-01
1.624000000000000110e+00 8.213560656601753829e-01 8.154204801401901959e-01
1.632000000000000117e+00 8.228678844346889454e-01 8.151754893852618533e-01
1.640000000000000124e+00 8.256237688222958226e-01 8.149305722371061877e-01
1.648000000000000131e+00 8.274259364461662436e-01 8.146857286736084447e-01
1.655999999999999917e+00 8.283991477715116902e-01 8.144409586726601979e-01
1.663999999999999924e+00 8.263291369090327576e-01 8.141962622121597937e-01
1.671999999999999931e+00 8.267632856755487980e-01 8.139516392700122394e-01
1.679999999999999938e+00 8.301164261826013968e-01 8.137070898241292038e-01
1.687999999999999945e+00 8.322334298492372051e-01 8.134626138524289063e-01
1.695999999999999952e+00 8.323140762463767661e-01 8.132182113328363382e-01
1.703999999999999959e+00 8.305925271795562281e-01 8.129738822432827083e-01
1.711999999999999966e+00 8.299905351086164229e-01 8.127296265617065529e-01
1.719999999999999973e+00 8.302136600139113920e-01 8.124854442660524034e-01
1.727999999999999980e+00 8.318424151997816374e-01 8.122413353342717857e-01
1.735999999999999988e+00 8.321562877652758372e-01 8.119972997443226648e-01
1.743999999999999995e+00 8.308724455032927558e-01 8.117533374741696672e-01
1.752000000000000002e+00 8.291644007761707069e-01 8.115094485017843029e-01
1.760000000000000009e+00 8.297245372970832866e-01 8.112656328051441879e-01
1.768000000000000016e+00 8.312231001135956809e-01 8.110218903622339326e-01
1.776000000000000023e+00 8.301254194295827338e-01 8.107782211510446979e-01
1.784000000000000030e+00 8.274851598307773060e-01 8.105346251495741949e-01
1.792000000000000037e+00 8.260152210944705642e-01 8.102911023358267961e-01
1.800000000000000044e+00 8.251171765575189276e-01 8.100476526878134242e-01
1.808000000000000052e+00 8.251394156632013699e-01 8.098042761835516634e-01
1.816000000000000059e+00 8.256509467877846120e-01 8.095609728010657591e-01
1.824000000000000066e+00 8.229216285553677679e-01 8.093177425183862850e-01
1.832000000000000073e+00 8.199637149434979566e-01 8.090745853135508092e-01
1.840000000000000080e+00 8.182233704195306379e-01 8.088315011646031172e-01
1.848000000000000087e+00 8.182484183689149315e-01 8.085884900495938776e-01
1.856000000000000094e+00 8.176646518560214405e-01 8.083455519465804207e-01
1.864000000000000101e+00 8.166929007319357892e-01 8.081026868336261826e-01
1.872000000000000108e+00 8.137916462464457323e-01 8.078598946888017052e-01
1.880000000000000115e+00 8.102308557280237800e-01 8.076171754901838584e-01
1.888000000000000123e+00 8.105480563565867769e-01 8.073745292158562847e-01
1.896000000000000130e+00 8.104951637067646653e-01 8.071319558439088437e-01
1.904000000000000137e+00 8.089835176160095065e-01 8.068894553524385005e-01
1.911999999999999922e+00 8.055743635550989268e-01 8.066470277195482153e-01
1.919999999999999929e+00 8.029953970005069275e-01 8.064046729233481647e-01
1.927999999999999936e+00 8.030971345694001284e-01 8.061623909419545209e-01
1.935999999999999943e+00 8.034584826892487985e-01 8.059201817534905610e-01
1.943999999999999950e+00 8.032267055942177159e-01 8.056780453360854466e-01
1.951999999999999957e+00 7.999385301055386144e-01 8.054359816678756667e-01
1.959999999999999964e+00 7.980076898128540819e-01 8.051939907270038166e-01
1.967999999999999972e+00 7.967671667530247248e-01 8.049520724916191527e-01
1.975999999999999979e+00 7.968564816672879525e-01 8.047102269398775931e-01
1.983999999999999986e+00 7.970113524059658783e-01 8.044684540499413838e-01
1.991999999999999993e+00 7.957062812213100411e-01 8.042267537999797655e-01
2.000000000000000000e+00 7.928135632852492121e-01 8.039851261681679739e-01
2.008000000000000007e+00 7.926607460846902820e-01 8.037435711326883503e-01
2.016000000000000014e+00 7.934660617539182059e-01 8.035020886717292310e-01
2.024000000000000021e+00 7.926975950908640156e-01 8.032606787634861689e-01
2.032000000000000028e+00 7.934210234910920034e-01 8.030193413861606011e-01
2.040000000000000036e+00 7.910254643165068877e-01 8.027780765179609590e-01
2.048000000000000043e+00 7.900604302519361744e-01 8.025368841371020023e-01
2.056000000000000050e+00 7.899141277761753122e-01 8.022957642218052632e-01
2.064000000000000057e+00 7.924799696949508254e-01 8.020547167502986019e-01
2.072000000000000064e+00 7.917929875264012596e-01 8.018137417008165402e-01
2.080000000000000071e+00 7.898366522188854377e-01 8.015728390515998170e-01
2.088000000000000078e+00 7.881900290528046638e-01 8.013320087808962766e-01
2.096000000000000085e+00 7.904858984059472959e-01 8.010912508669600918e-01
2.104000000000000092e+00 7.907390049763680651e-01 8.008505652880514303e-01
2.112000000000000099e+00 7.922044043355512821e-01 8.006099520224377875e-01
2.120000000000000107e+00 7.921776207911097600e-01 8.003694110483928759e-01
2.128000000000000114e+00 7.903673158328515802e-01 8.001289423441966253e-01
2.136000000000000121e+00 7.921268003625766552e-01 7.998885458881360710e-01
2.144000000000000128e+00 7.926404607598908081e-01 7.996482216585041325e-01
2.152000000000000135e+00 7.935740123558568948e-01 7.994079696336009455e-01
2.160000000000000142e+00 7.936028780532957683e-01 7.991677897917325302e-01
2.168000000000000149e+00 7.947479062808894268e-01 7.989276821112117899e-01
2.176000000000000156e+00 7.935948199289046823e-01 7.986876465703581784e-01
2.184000000000000163e+00 7.949899743185148138e-01 7.984476831474972558e-01
2.192000000000000171e+00 7.963834932608735429e-01 7.982077918209616874e-01
2.200000000000000178e+00 7.990121748066804086e-01 7.979679725690901337e-01
2.208000000000000185e+00 7.980440292094342913e-01 7.977282253702281389e-01
2.216000000000000192e+00 7.967457748861925815e-01 7.974885502027273532e-01
2.224000000000000199e+00 7.992765295539906445e-01 7.972489470449463100e-01
2.232000000000000206e+00 8.013404043765476326e-01 7.970094158752498714e-01
2.240000000000000213e+00 8.019502482499187845e-01 7.967699566720094495e-01
2.248000000000000220e+00 8.023406259165269949e-01 7.965305694136027848e-01
2.256000000000000227e+00 8.017584737912402115e-01 7.962912540784145010e-01
2.264000000000000234e+00 8.029041145289365078e-01 7.960520106448352173e-01
2.272000000000000242e+00 8.044637843908704067e-01 7.958128390912625472e-01
2.280000000000000249e+00 8.054166597665225469e-01 7.955737393961000992e-01
2.288000000000000256e+00 8.042088509359954784e-01 7.953347115377584764e-01
2.296000000000000263e+00 8.042513996013563871e-01 7.950957554946542771e-01
2.304000000000000270e+00 8.045248600149637053e-01 7.948568712452109830e-01
2.312000000000000277e+00 8.063277971411869638e-01 7.946180587678582929e-01
2.320000000000000284e+00 8.070841162203803432e-01 7.943793180410324561e-01
2.328000000000000291e+00 8.077550646855268246e-01 7.941406490431764942e-01
2.336000000000000298e+00 8.058966038042759683e-01 7.939020517527393128e-01
2.344000000000000306e+00 8.059728621498956080e-01 7.936635261481768122e-01
2.352000000000000313e+00 8.064022878717606035e-01 7.934250722079509988e-01
2.360000000000000320e+00 8.074929228919097701e-01 7.931866899105307622e-01
2.368000000000000327e+00 8.071598959717303234e-01 7.929483792343910986e-01
2.376000000000000334e+00 8.063090191544549645e-01 7.927101401580135542e-01
2.384000000000000341e+00 8.042313546363717425e-01 7.924719726598864478e-01
2.392000000000000348e+00 8.058317764511127024e-01 7.922338767185038710e-01
2.400000000000000355e+00 8.051820997952726655e-01 7.919958523123671323e-01
2.408000000000000362e+00 8.042665339738666042e-01 7.917578994199835352e-01
2.416000000000000369e+00 8.041303801884932545e-01 7.915200180198670443e-01
2.424000000000000377e+00 8.024126668073374713e-01 7.912822080905378419e-01
2.432000000000000384e+00 8.022900741534533253e-01 7.910444696105231044e-01
2.440000000000000391e+00 8.021528375777501330e-01 7.908068025583556704e-01
2.448000000000000398e+00 8.006906905619113335e-01 7.905692069125755950e-01
2.456000000000000405e+00 8.003459032249277127e-01 7.903316826517287064e-01
2.464000000000000412e+00 7.979976358376659196e-01 7.900942297543678272e-01
2.472000000000000419e+00 7.965470312810417619e-01 7.898568481990519974e-01
2.480000000000000426e+00 7.958164501828446369e-01 7.896195379643465850e-01
2.488000000000000433e+00 7.953329330293568145e-01 7.893822990288236197e-01
2.496000000000000441e+00 7.942416390758957334e-01 7.891451313710614590e-01
2.504000000000000448e+00 7.921370306532296013e-01 7.889080349696446781e-01
2.512000000000000455e+00 7.909711998072764816e-01 7.886710098031648464e-01
2.520000000000000462e+00 7.898700329866544800e-01 7.884340558502195284e-01
2.528000000000000469e+00 7.893010285512701563e-01 7.881971730894127282e-01
2.535999999999999588e+00 7.888761112060924674e-01 7.879603614993551108e-01
2.543999999999999595e+00 7.865452205043794720e-01 7.877236210586634479e-01
2.551999999999999602e+00 7.850917794635174918e-01 7.874869517459611723e-01
2.559999999999999609e+00 7.848990033646541242e-01 7.872503535398782670e-01
2.567999999999999616e+00 7.839611698226872649e-01 7.870138264190507105e-01
2.575999999999999623e+00 7.831695592628620251e-01 7.867773703621212533e-01
2.583999999999999631e+00 7.824174271972962336e-01 7.865409853477388635e-01
2.591999999999999638e+00 7.809432444788960703e-01 7.863046713545591704e-01
2.599999999999999645e+00 7.793929652474239633e-01 7.860684283612437984e-01
2.607999999999999652e+00 7.781420066232165311e-01 7.858322563464613664e-01
2.615999999999999659e+00 7.802661233056512602e-01 7.855961552888863775e-01
2.623999999999999666e+00 7.773642870949607486e-01 7.853601251671999961e-01
2.631999999999999673e+00 7.762055464028303486e-01 7.851241659600897149e-01
2.639999999999999680e+00 7.768449037922642297e-01 7.848882776462493549e-01
2.647999999999999687e+00 7.751911802267077434e-01 7.846524602043795094e-01
2.655999999999999694e+00 7.760195068129035478e-01 7.844167136131865448e-01
2.663999999999999702e+00 7.766794202876345921e-01 7.841810378513839330e-01
2.671999999999999709e+00 7.752463605069700447e-01 7.839454328976909192e-01
2.679999999999999716e+00 7.756601472706010636e-01 7.837098987308336318e-01
2.687999999999999723e+00 7.749347658551956064e-01 7.834744353295439723e-01
2.695999999999999730e+00 7.746293462965303522e-01 7.832390426725611698e-01
2.703999999999999737e+00 7.747578580379579360e-01 7.830037207386298936e-01
2.711999999999999744e+00 7.744438132330220270e-01 7.827684695065016962e-01
2.719999999999999751e+00 7.738841194747291263e-01 7.825332889549345694e-01
2.727999999999999758e+00 7.734598768075713338e-01 7.822981790626926113e-01
2.735999999999999766e+00 7.738403583528326024e-01 7.820631398085463593e-01
2.743999999999999773e+00 7.752243872379658285e-01 7.818281711712730120e-01
2.751999999999999780e+00 7.733154943217881438e-01 7.815932731296556524e-01
2.759999999999999787e+00 7.741107548372208047e-01 7.813584456624842467e-01
2.767999999999999794e+00 7.741436473956897490e-01 7.811236887485548674e-01
2.775999999999999801e+00 7.743128724135119878e-01 7.808890023666699154e-01
2.783999999999999808e+00 7.770502813575538292e-01 7.806543864956383416e-01
2.791999999999999815e+00 7.767333126209664540e-01 7.804198411142753145e-01
2.799999999999999822e+00 7.759002079783288153e-01 7.801853662014023305e-01
2.807999999999999829e+00 7.759351920914779877e-01 7.799509617358474367e-01
2.815999999999999837e+00 7.764415289562461853e-01 7.797166276964450082e-01
2.823999999999999844e+00 7.774747825068019091e-01 7.794823640620354155e-01
2.831999999999999851e+00 7.781278390628131314e-01 7.792481708114660233e-01
2.839999999999999858e+00 7.795389446562034363e-01 7.790140479235900806e-01
2.847999999999999865e+00 7.796645066208781616e-01 7.787799953772670536e-01
2.855999999999999872e+00 7.810915963884085267e-01 7.785460131513635140e-01
2.863999999999999879e+00 7.798119601211865870e-01 7.783121012247514736e-01
2.871999999999999886e+00 7.816808304833013921e-01 7.780782595763100495e-01
2.879999999999999893e+00 7.814594684831274174e-01 7.778444881849240211e-01
2.887999999999999901e+00 7.798944322900751569e-01 7.776107870294851621e-01
2.895999999999999908e+00 7.820269806280817360e-01 7.773771560888910193e-01
2.903999999999999915e+00 7.816854453965763616e-01 7.771435953420460230e-01
2.911999999999999922e+00 7.829725008188909152e-01 7.769101047678603766e-01
2.919999999999999929e+00 7.848878301172651506e-01 7.766766843452511671e-01
2.927999999999999936e+00 7.839692956518171663e-01 7.764433340531413652e-01
2.935999999999999943e+00 7.828102950504000068e-01 7.762100538704604924e-01
2.943999999999999950e+00 7.836227392279276893e-01 7.759768437761445092e-01
2.951999999999999957e+00 7.833931688207363964e-01 7.757437037491352605e-01
2.959999999999999964e+00 7.844272170525443677e-01 7.755106337683815854e-01
2.967999999999999972e+00 7.840635380994906978e-01 7.752776338128380962e-01
2.975999999999999979e+00 7.824947549250592660e-01 7.750447038614659556e-01
2.983999999999999986e+00 7.829548315756305055e-01 7.748118438932326546e-01
2.991999999999999993e+00 7.837579517158235198e-01 7.745790538871117903e-01
3.000000000000000000e+00 7.836371826099179927e-01 7.743463338220836212e-01
3.008000000000000007e+00 7.828544872003290189e-01 7.741136836771344010e-01
3.016000000000000014e+00 7.819631677070087994e-01 7.738811034312570447e-01
3.024000000000000021e+00 7.811960789456920962e-01 7.736485930634504626e-01
3.032000000000000028e+00 7.821368283042750003e-01 7.734161525527198933e-01
3.040000000000000036e+00 7.824660278677196823e-01 7.731837818780772364e-01
3.048000000000000043e+00 7.811186148616977576e-01 7.729514810185400542e-01
3.056000000000000050e+00 7.796604486439274728e-01 7.727192499531329029e-01
3.064000000000000057e+00 7.779833120238808242e-01 7.724870886608863341e-01
3.072000000000000064e+00 7.786216391359195299e-01 7.722549971208370057e-01
3.080000000000000071e+00 7.779574023616047107e-01 7.720229753120282368e-01
3.088000000000000078e+00 7.771522583182700616e-01 7.717910232135093418e-01
3.096000000000000085e+00 7.757832913989738399e-01 7.715591408043361854e-01
3.104000000000000092e+00 7.732992881325405632e-01 7.713273280635707385e-01
3.112000000000000099e+00 7.726402238219201024e-01 7.710955849702814113e-01
3.120000000000000107e+00 7.738054229079022184e-01 7.708639115035426093e-01
3.128000000000000114e+00 7.725169686545781955e-01 7.706323076424355101e-01
3.136000000000000121e+00 7.719028203712441361e-01 7.704007733660471757e-01
3.144000000000000128e+00 7.688074009567706923e-01 7.701693086534709964e-01
3.152000000000000135e+00 7.695507884555630174e-01 7.699379134838068017e-01
3.160000000000000142e+00 7.689009569849398762e-01 7.697065878361606384e-01
3.168000000000000149e+00 7.683325091490571523e-01 7.694753316896447703e-01
3.176000000000000156e+00 7.673173796757911669e-01 7.692441450233777900e-01
3.184000000000000163e+00 7.646587505319424327e-01 7.690130278164845068e-01
3.192000000000000171e+00 7.647662811353740375e-01 7.687819800480961696e-01
3.200000000000000178e+00 7.637702553061903599e-01 7.685510016973501335e-01
3.208000000000000185e+00 7.639854915046515593e-01 7.683200927433899707e-01
3.216000000000000192e+00 7.628877712699336788e-01 7.680892531653659150e-01
3.224000000000000199e+00 7.613681824029346901e-01 7.678584829424337510e-01
3.232000000000000206e+00 7.603607833708527775e-01 7.676277820537561469e-01
3.240000000000000213e+00 7.612245808704687366e-01 7.673971504785018771e-01
3.248000000000000220e+00 7.593176043401514974e-01 7.671665881958458222e-01
3.256000000000000227e+00 7.578142691498251926e-01 7.669360951849690800e-01
3.264000000000000234e+00 7.594220593489584559e-01 7.667056714250596317e-01
3.272000000000000242e+00 7.570016420343489427e-01 7.664753168953106766e-01
3.280000000000000249e+00 7.572868911794891078e-01 7.662450315749224083e-01
3.288000000000000256e+00 7.584273799916467773e-01 7.660148154431012379e-01
3.296000000000000263e+00 7.576633536094242727e-01 7.657846684790595715e-01
3.304000000000000270e+00 7.567203565925444408e-01 7.655545906620159213e-01
3.312000000000000277e+00 7.555373682068692309e-01 7.653245819711954612e-01
3.320000000000000284e+00 7.559426331222555140e-01 7.650946423858294709e-01
3.328000000000000291e+00 7.569899817876822867e-01 7.648647718851553368e-01
3.336000000000000298e+00 7.582976283979110388e-01 7.646349704484167731e-01
3.344000000000000306e+00 7.557262692981457919e-01 7.644052380548637116e-01
3.352000000000000313e+00 7.553083933214481682e-01 7.641755746837523011e-01
3.360000000000000320e+00 7.557194876010863149e-01 7.639459803143449079e-01
3.368000000000000327e+00 7.571539133796698628e-01 7.637164549259102264e-01
3.376000000000000334e+00 7.578778217550605767e-01 7.634869984977232793e-01
3.384000000000000341e+00 7.568906922093705525e-01 7.632576110090648625e-01
3.392000000000000348e+00 7.562040849294703326e-01 7.630282924392224331e-01
3.400000000000000355e+00 7.565600597701641616e-01 7.627990427674895546e-01
3.408000000000000362e+00 7.587508692511443220e-01 7.625698619731660077e-01
3.416000000000000369e+00 7.583108493304666631e-01 7.623407500355575683e-01
3.424000000000000377e+00 7.588245026110593816e-01 7.621117069339766736e-01
3.432000000000000384e+00 7.577263514094996211e-01 7.618827326477416451e-01
3.440000000000000391e+00 7.581656591953971347e-01 7.616538271561771323e-01
3.448000000000000398e+00 7.590832672417738847e-01 7.614249904386138912e-01
3.456000000000000405e+00 7.604763485911891774e-01 7.611962224743890060e-01
3.464000000000000412e+00 7.603260812913973377e-01 7.609675232428458891e-01
3.472000000000000419e+00 7.598273581781782582e-01 7.607388927233338372e-01
3.480000000000000426e+00 7.606810214220427468e-01 7.605103308952084751e-01
3.488000000000000433e+00 7.599821008300038372e-01 7.602818377378317560e-01
3.496000000000000441e+00 7.612525383402933832e-01 7.600534132305717394e-01
3.504000000000000448e+00 7.612575707138137249e-01 7.598250573528027019e-01
3.512000000000000455e+00 7.606655078958213245e-01 7.595967700839050263e-01
3.520000000000000462e+00 7.608753393480427452e-01 7.593685514032656458e-01
3.528000000000000469e+00 7.617423098197656506e-01 7.591404012902769338e-01
3.535999999999999588e+00 7.626703067934162972e-01 7.589123197243384800e-01
3.543999999999999595e+00 7.624106995703995304e-01 7.586843066848552031e-01
3.551999999999999602e+00 7.636188890185067191e-01 7.584563621512384612e-01
3.559999999999999609e+00 7.617726500450600069e-01 7.582284861029060519e-01
3.567999999999999616e+00 7.609165777025604926e-01 7.580006785192815455e-01
3.575999999999999623e+00 7.624735793153810670e-01 7.577729393797952850e-01
3.583999999999999631e+00 7.635080172301754731e-01 7.575452686638831645e-01
3.591999999999999638e+00 7.618351875269385731e-01 7.573176663509875173e-01
3.599999999999999645e+00 7.601473910046789850e-01 7.570901324205567828e-01
3.607999999999999652e+00 7.601363628095961777e-01 7.568626668520458400e-01
3.615999999999999659e+00 7.611436982008076280e-01 7.566352696249154519e-01
3.623999999999999666e+00 7.627855165521938430e-01 7.564079407186327098e-01
3.631999999999999673e+00 7.603176274251635114e-01 7.561806801126707001e-01
3.639999999999999680e+00 7.593454458562710618e-01 7.559534877865087266e-01
3.647999999999999687e+00 7.587985043136790120e-01 7.557263637196325323e-01
3.655999999999999694e+00 7.594830535233034752e-01 7.554993078915337446e-01
3.663999999999999702e+00 7.602416172388094529e-01 7.552723202817102077e-01
3.671999999999999709e+00 7.593737381723272284e-01 7.550454008696657615e-01
3.679999999999999716e+00 7.571335337062697901e-01 7.548185496349109069e-01
3.687999999999999723e+00 7.563335802568955657e-01 7.545917665569615851e-01
3.695999999999999730e+00 7.560525570859645272e-01 7.543650516153406205e-01
3.703999999999999737e+00 7.565556430494723150e-01 7.541384047895764997e-01
3.711999999999999744e+00 7.575625028992674093e-01 7.539118260592040377e-01
3.719999999999999751e+00 7.554453659995281622e-01 7.536853154037641556e-01
3.727999999999999758e+00 7.531549227604100727e-01 7.534588728028037696e-01
3.735999999999999766e+00 7.529774708982569509e-01 7.532324982358764576e-01
3.743999999999999773e+00 7.531500600715419491e-01 7.530061916825412371e-01
3.751999999999999780e+00 7.537272859202903685e-01 7.527799531223640095e-01
3.759999999999999787e+00 7.522092930733127458e-01 7.525537825349160048e-01
3.767999999999999794e+00 7.504537380952236436e-01 7.523276798997751147e-01
3.775999999999999801e+00 7.494682308978322105e-01 7.521016451965255589e-01
3.783999999999999808e+00 7.504529983959862260e-01 7.518756784047569974e-01
3.791999999999999815e+00 7.513158327402665870e-01 7.516497795040658625e-01
3.799999999999999822e+00 7.500452716763745808e-01 7.514239484740544706e-01
3.807999999999999829e+00 7.470498122771428440e-01 7.511981852943312443e-01
3.815999999999999837e+00 7.459214483390270711e-01 7.509724899445106017e-01
3.823999999999999844e+00 7.482798875548312134e-01 7.507468624042135108e-01
3.831999999999999851e+00 7.481105808956978187e-01 7.505213026530664910e-01
3.839999999999999858e+00 7.478232555265913462e-01 7.502958106707028341e-01
3.847999999999999865e+00 7.448787897547888281e-01 7.500703864367612717e-01
3.855999999999999872e+00 7.445625091399875606e-01 7.498450299308871969e-01
3.863999999999999879e+00 7.458568398938246746e-01 7.496197411327317761e-01
3.871999999999999886e+00 7.474329169892492963e-01 7.493945200219525038e-01
3.879999999999999893e+00 7.471627149012177727e-01 7.491693665782128697e-01
3.887999999999999901e+00 7.442215903680619027e-01 7.489442807811825809e-01
3.895999999999999908e+00 7.446171287105771697e-01 7.487192626105372284e-01
3.903999999999999915e+00 7.452657148298369449e-01 7.484943120459587318e-01
3.911999999999999922e+00 7.458978784524342709e-01 7.482694290671350057e-01
3.919999999999999929e+00 7.465326621065940804e-01 7.480446136537602930e-01
3.927999999999999936e+00 7.447220443823943103e-01 7.478198657855343878e-01
3.935999999999999943e+00 7.418589571208658029e-01 7.475951854421638565e-01
3.943999999999999950e+00 7.420959029674334406e-01 7.473705726033610386e-01
3.951999999999999957e+00 7.433632477809215544e-01 7.471460272488441579e-01
3.959999999999999964e+00 7.441395825509162787e-01 7.469215493583379883e-01
3.967999999999999972e+00 7.428828119270176611e-01 7.466971389115729663e-01
3.975999999999999979e+00 7.400033319112978569e-01 7.464727958882859671e-01
3.983999999999999986e+00 7.400533638403634651e-01 7.462485202682196395e-01
3.991999999999999993e+00 7.402889254283735454e-01 7.460243120311230713e-01
4.000000000000000000e+00 7.416122106828919591e-01 7.458001711567510128e-01
4.008000000000000007e+00 7.394005705290216390e-01 7.455760976248647642e-01
4.016000000000000014e+00 7.375367414919891118e-01 7.453520914152312882e-01
4.024000000000000021e+00 7.361642632944040976e-01 7.451281525076239864e-01
4.032000000000000028e+00 7.374963836159624808e-01 7.449042808818219230e-01
4.040000000000000036e+00 7.394850429408615922e-01 7.446804765176106011e-01
4.048000000000000043e+00 7.394505592026685559e-01 7.444567393947815193e-01
4.056000000000000050e+00 7.384918735833538861e-01 7.442330694931321711e-01
4.064000000000000057e+00 7.363497199788835434e-01 7.440094667924660454e-01
4.072000000000000064e+00 7.377340875453340940e-01 7.437859312725928485e-01
4.080000000000000071e+00 7.401568531481290680e-01 7.435624629133282815e-01
4.088000000000000078e+00 7.403805318693538196e-01 7.433390616944942630e-01
4.096000000000000085e+00 7.378500163725868477e-01 7.431157275959185959e-01
4.104000000000000092e+00 7.359644560589186923e-01 7.428924605974350781e-01
4.112000000000000099e+00 7.375797871266488448e-01 7.426692606788837248e-01
