2.000000000000000000e+00 5.005391250616678667e-01
2.015000000000000124e+00 4.041585089387368379e-01
2.030000000000000249e+00 4.248109261979774454e-01
2.045000000000000373e+00 4.428657617724509610e-01
2.060000000000000497e+00 4.819369856591246837e-01
2.075000000000000622e+00 5.184495686000452075e-01
2.090000000000000746e+00 5.165517320043743199e-01
2.105000000000000870e+00 4.162932129657749836e-01
2.120000000000000995e+00 3.616693209939523812e-01
2.135000000000001119e+00 2.563565419287773817e-01
2.150000000000001243e+00 1.564922961635458742e-01
2.165000000000001368e+00 2.485377231186183533e-01
2.180000000000001492e+00 2.701185779978730883e-01
2.195000000000001616e+00 3.022014201234151098e-01
2.210000000000001741e+00 2.178354547775017414e-01
2.225000000000001865e+00 3.260923449806840679e-02
2.240000000000001990e+00 1.585358818185532703e-01
2.255000000000002114e+00 2.755839949628371421e-01
2.270000000000002238e+00 1.708020850166414306e-01
2.285000000000002363e+00 1.947799249816740685e-01
2.300000000000002487e+00 1.753755415498420289e-01
2.315000000000002611e+00 2.940846771636562804e-03
2.330000000000002736e+00 1.436932979899182561e-01
2.345000000000002860e+00 4.327173574204312700e-01
2.360000000000002984e+00 2.716637904608123488e-01
2.375000000000003109e+00 1.779798716805072457e-11
2.390000000000003233e+00 9.028576646516697779e-02
2.405000000000003357e+00 2.887355778257040817e-01
2.420000000000003482e+00 1.149176495393710862e-01
2.435000000000003606e+00 7.157111262092014152e-11
2.450000000000003730e+00 3.697016269430284940e-01
2.465000000000003855e+00 7.942062742931306207e-01
2.480000000000003979e+00 6.311134661813193603e-01
2.495000000000004103e+00 1.986876707326273861e-01
2.510000000000004228e+00 2.295694916718356848e-01
2.525000000000004352e+00 6.582399277249288971e-01
2.540000000000004476e+00 7.564534763306071108e-01
2.555000000000004601e+00 3.312194155450340904e-01
2.570000000000004725e+00 2.994816484420188019e-12
2.585000000000004849e+00 4.884934401689221273e-02
2.600000000000004974e+00 5.453957198357450853e-01
2.615000000000005098e+00 7.247447449908822614e-01
2.630000000000005222e+00 3.349289689748229937e-01
2.645000000000005347e+00 2.895038095313110098e-12
2.660000000000005471e+00 1.115071732977038012e-12
2.675000000000005596e+00 1.758738036385408208e-10
2.690000000000005720e+00 3.142570328434277083e-01
2.705000000000005844e+00 3.907695961363363280e-01
2.720000000000005969e+00 1.026514010586628278e-01
2.735000000000006093e+00 1.333618970221466398e-12
2.750000000000006217e+00 8.965130151018478523e-13
2.765000000000006342e+00 1.037877323031801974e-12
2.780000000000006466e+00 4.944586647945505625e-12
2.795000000000006590e+00 1.591877625554876940e-01
2.810000000000006715e+00 2.107141750152880522e-01
2.825000000000006839e+00 2.502732088166214480e-02
2.840000000000006963e+00 1.289351118562251199e-12
2.855000000000007088e+00 8.005754784393349159e-13
2.870000000000007212e+00 6.963526369278959221e-13
2.885000000000007336e+00 7.930462211782766131e-13
2.900000000000007461e+00 1.118233303785256898e-12
2.915000000000007585e+00 1.810421754465247038e-12
2.930000000000007709e+00 2.472776608877579758e-12
2.945000000000007834e+00 1.837691524945529763e-12
2.960000000000007958e+00 1.069157148153220359e-12
2.975000000000008082e+00 7.115635266010279317e-13
2.990000000000008207e+00 5.734414069243941658e-13
3.005000000000008331e+00 5.468970986972425008e-13
3.020000000000008455e+00 5.983005906468197390e-13
3.035000000000008580e+00 7.353002609629423735e-13
3.050000000000008704e+00 1.014755810615215272e-12
3.065000000000008828e+00 1.600494384517494771e-12
3.080000000000008953e+00 3.038168306829354191e-12
3.095000000000009077e+00 2.390445022623225488e-12
3.110000000000009202e+00 2.337722364034246855e-11
3.125000000000009326e+00 6.695120765059816570e-01
3.140000000000009450e+00 2.448024549130308092e+00
3.155000000000009575e+00 5.150719490972143433e+00
3.170000000000009699e+00 8.022612835970669209e+00
3.185000000000009823e+00 1.001682877932852200e+01
3.200000000000009948e+00 1.025277158976057557e+01
3.215000000000010072e+00 8.467684021755200519e+00
3.230000000000010196e+00 5.254341213834471169e+00
3.245000000000010321e+00 1.937266149030093532e+00
3.260000000000010445e+00 1.239825820727878448e-09
3.275000000000010569e+00 4.974686155974930218e-13
3.290000000000010694e+00 4.593395006294184633e-13
3.305000000000010818e+00 3.264192064526755400e-13
3.320000000000010942e+00 2.535748953330543049e-13
3.335000000000011067e+00 2.101411960949131824e-13
3.350000000000011191e+00 1.829348399248347036e-13
3.365000000000011315e+00 1.650770922452099104e-13
3.380000000000011440e+00 1.527204606886931120e-13
3.395000000000011564e+00 1.436780622531315379e-13
3.410000000000011688e+00 1.367608873144017007e-13
3.425000000000011813e+00 1.313618982238106246e-13
3.440000000000011937e+00 1.271435107158850748e-13
3.455000000000012061e+00 1.238215401564766537e-13
3.470000000000012186e+00 1.210629737014982377e-13
3.485000000000012310e+00 1.184928492226368117e-13
3.500000000000012434e+00 1.157780605067767495e-13
3.515000000000012559e+00 1.127304249875818105e-13
3.530000000000012683e+00 1.093616389178727787e-13
3.545000000000012808e+00 1.058527866357733478e-13
3.560000000000012932e+00 1.024593719105376189e-13
3.575000000000013056e+00 9.940892078067897377e-14
3.590000000000013181e+00 9.683589318386349208e-14
3.605000000000013305e+00 9.476388751182161920e-14
3.620000000000013429e+00 9.312236168325650864e-14
3.635000000000013554e+00 9.178145561422033904e-14
3.650000000000013678e+00 9.059283506429497487e-14
3.665000000000013802e+00 8.942748190545209487e-14
3.680000000000013927e+00 8.820219151629364323e-14
3.695000000000014051e+00 8.688879838385610479e-14
3.710000000000014175e+00 8.550571295289950268e-14
3.725000000000014300e+00 8.409777797893560770e-14
3.740000000000014424e+00 8.271366693927359897e-14
3.755000000000014548e+00 8.138859056257352514e-14
3.770000000000014673e+00 8.013595106361680092e-14
3.785000000000014797e+00 7.894767003316175334e-14
3.800000000000014921e+00 7.780065777720762049e-14
3.815000000000015046e+00 7.666616937140253478e-14
3.830000000000015170e+00 7.551897752406357790e-14
3.845000000000015294e+00 7.434398707439555058e-14
3.860000000000015419e+00 7.313897748277754055e-14
3.875000000000015543e+00 7.191341037642550194e-14
3.890000000000015667e+00 7.068433878177534067e-14
3.905000000000015792e+00 6.947105304454434932e-14
3.920000000000015916e+00 6.829007227360383822e-14
3.935000000000016041e+00 6.715160332456403820e-14
3.950000000000016165e+00 6.605794583933911328e-14
3.965000000000016289e+00 6.500394166915622751e-14
3.980000000000016414e+00 6.397767682238870325e-14
3.995000000000016538e+00 1.259357142342144873e-13
