2.800000000000000266e-01 8.497759031024881837e-01 7.451196376949006384e-01 8.491817293539954958e-01
2.880000000000000338e-01 8.605375498695265746e-01 7.454660898786528156e-01 8.600342896576431695e-01
2.960000000000000409e-01 8.692067689579195955e-01 7.458127031494431458e-01 8.710367087338930503e-01
3.040000000000000480e-01 8.793115318199349328e-01 7.461594775821712711e-01 8.820879844207676346e-01
3.120000000000000551e-01 8.916354253351498338e-01 7.465064132517711393e-01 8.931164297316293021e-01
3.200000000000000067e-01 9.019257931925455107e-01 7.468535102332117814e-01 9.040978325568632679e-01
3.280000000000000138e-01 9.100958530600348206e-01 7.472007686014969785e-01 9.150556117341235307e-01
3.360000000000000209e-01 9.255119510708679220e-01 7.475481884316655945e-01 9.260390974552673571e-01
3.440000000000000280e-01 9.385513255287882828e-01 7.478957697987911324e-01 9.370828031209920139e-01
3.520000000000000351e-01 9.509766011312168477e-01 7.482435127779821782e-01 9.481562928925895140e-01
3.600000000000000422e-01 9.588574918178329742e-01 7.485914174443821789e-01 9.591188190993080731e-01
3.679999999999999938e-01 9.707996122689013241e-01 7.489394838731694426e-01 9.696936323552747261e-01
3.760000000000000009e-01 9.831825766588710991e-01 7.492877121395572493e-01 9.794731507351680522e-01
3.840000000000000080e-01 9.931454999264566208e-01 7.496361023187940731e-01 9.879587488090717518e-01
3.920000000000000151e-01 9.965811746157071660e-01 7.499846544861631381e-01 9.946297244685112782e-01
4.000000000000000222e-01 9.969267954491282113e-01 7.503333687169826405e-01 9.990276149393891858e-01
4.080000000000000293e-01 1.000000000000000000e+00 7.506804932945151387e-01 1.000834614953847179e+00
4.160000000000000364e-01 9.951757132898102487e-01 7.503316177390295660e-01 9.990118161248617845e-01
4.240000000000000435e-01 9.924385240741873115e-01 7.499829043219696789e-01 9.946015785289984423e-01
4.320000000000000506e-01 9.849265965117515176e-01 7.496343529679819762e-01 9.879202606891349658e-01
4.400000000000000577e-01 9.776300270579117990e-01 7.492859636017484837e-01 9.794268507905423693e-01
4.480000000000000648e-01 9.682854750394608301e-01 7.489377361479860884e-01 9.696421453486945286e-01
4.560000000000000164e-01 9.584494253969065847e-01 7.485896705314466493e-01 9.590644653565209010e-01
4.640000000000000235e-01 9.460975025174864772e-01 7.482417666769169973e-01 9.481008073372584333e-01
4.720000000000000306e-01 9.355817966165070887e-01 7.478940245092190464e-01 9.370272222449460564e-01
4.800000000000000377e-01 9.228869242477546475e-01 7.475464439532093497e-01 9.259838178816537368e-01
4.879999999999999893e-01 9.096040504126777781e-01 7.471990249337796541e-01 9.150005803274994243e-01
4.959999999999999964e-01 9.024302016128546988e-01 7.468517673758565678e-01 9.040427989498175387e-01
5.040000000000000036e-01 8.938556856299133546e-01 7.465046712044014487e-01 8.930611846499599826e-01
5.120000000000000107e-01 8.808456372910673515e-01 7.461577363444106270e-01 8.820325215545643527e-01
5.200000000000000178e-01 8.706794997697699934e-01 7.458109627209154047e-01 8.709812780099962515e-01
5.280000000000000249e-01 8.594744253359843933e-01 7.454643502589817228e-01 8.599793454185806763e-01
5.360000000000000320e-01 8.475073590754094166e-01 7.451178988837103834e-01 8.491278071989464271e-01
5.440000000000000391e-01 8.411313137047923272e-01 7.447716085202370495e-01 8.385294003482457459e-01
5.520000000000000462e-01 8.303028828272023265e-01 7.444254790937323563e-01 8.282619322794708694e-01
5.600000000000000533e-01 8.199493779885679290e-01 7.440795105294013556e-01 8.183612391544635711e-01
5.680000000000000604e-01 8.107349537212572566e-01 7.437337027524841826e-01 8.088182077132424208e-01
5.760000000000000675e-01 8.024586684223450339e-01 7.433880556882553892e-01 7.995894526846312189e-01
5.840000000000000746e-01 7.936383959150772327e-01 7.430425692620246103e-01 7.906170643426734257e-01
5.920000000000000817e-01 7.862502180851067557e-01 7.426972433991358979e-01 7.818506131729089370e-01
6.000000000000000888e-01 7.759495544195982308e-01 7.423520780249681650e-01 7.732647658399447455e-01
6.080000000000000959e-01 7.648120208288332611e-01 7.420070730649349633e-01 7.648680637149619654e-01
6.160000000000001030e-01 7.587961072591783429e-01 7.416622284444844837e-01 7.567016772454633333e-01
6.239999999999999991e-01 7.527564967629324366e-01 7.413175440890996670e-01 7.488300940849241805e-01
6.320000000000000062e-01 7.474848402451913509e-01 7.409730199242980930e-01 7.413277379132050537e-01
6.400000000000000133e-01 7.353936907151544800e-01 7.406286558756315364e-01 7.342659552919374999e-01
6.480000000000000204e-01 7.311217997132571922e-01 7.402844518686869657e-01 7.277037535911943245e-01
6.560000000000000275e-01 7.229154713816923206e-01 7.399404078290856557e-01 7.216837137974672078e-01
6.640000000000000346e-01 7.177889267628735359e-01 7.395965236824834088e-01 7.162324507410918750e-01
6.720000000000000417e-01 7.137706756886917914e-01 7.392527993545706666e-01 7.113635776951248157e-01
6.800000000000000488e-01 7.105957408091444494e-01 7.389092347710723985e-01 7.070807528116677121e-01
6.879999999999999449e-01 7.041821561619233671e-01 7.385658298577479908e-01 7.033790154845784848e-01
6.959999999999999520e-01 6.978494463494008260e-01 7.382225845403914688e-01 7.002438721187183024e-01
7.039999999999999591e-01 6.961303758273856834e-01 7.378794987448312748e-01 6.976488954046091706e-01
7.119999999999999662e-01 6.941557327774122710e-01 7.375365723969303788e-01 6.955534412840689296e-01
7.199999999999999734e-01 6.930920417889155916e-01 7.371938054225861681e-01 6.939021797384669066e-01
7.279999999999999805e-01 6.926899047560339806e-01 7.368511977477303354e-01 6.926275086786403135e-01
7.359999999999999876e-01 6.880684585353848970e-01 7.365087492983291018e-01 6.916548725655413676e-01
7.439999999999999947e-01 6.843200941108715796e-01 7.361664600003833270e-01 6.909099672018209626e-01
7.520000000000000018e-01 6.888370083777737296e-01 7.358243297799279548e-01 6.903261658645909460e-01
7.600000000000000089e-01 6.855924008348190934e-01 7.354823585630323457e-01 6.898504553346643808e-01
7.680000000000000160e-01 6.858846130743903036e-01 7.351405462758002773e-01 6.894466906126726080e-01
7.760000000000000231e-01 6.829711605945020247e-01 7.347988928443700551e-01 6.890958293422901892e-01
7.840000000000000302e-01 6.828048039338154851e-01 7.344573981949138464e-01 6.887936619307859498e-01
7.920000000000000373e-01 6.809075512385474038e-01 7.341160622536385683e-01 6.885471187892198142e-01
8.000000000000000444e-01 6.837699876808854826e-01 7.337748849467852219e-01 6.883703601508870396e-01
8.080000000000000515e-01 6.832872720277660683e-01 7.334338662006292253e-01 6.882815646058464409e-01
8.160000000000000586e-01 6.840750652032090429e-01 7.330930059414799693e-01 6.883008050101450115e-01
8.240000000000000657e-01 6.831596514995977865e-01 7.327523040956814837e-01 6.884488722775365943e-01
8.320000000000000728e-01 6.840820540590600851e-01 7.324117605896117711e-01 6.887465795940586055e-01
8.400000000000000799e-01 6.838332954232947403e-01 7.320713753496831400e-01 6.892140428375075345e-01
8.479999999999999760e-01 6.888702152325767436e-01 7.317311483023420937e-01 6.898696470533378644e-01
8.559999999999999831e-01 6.897290145394405769e-01 7.313910793740692196e-01 6.907287351598480063e-01
8.639999999999999902e-01 6.908319903882848001e-01 7.310511684913794106e-01 6.918023260635051130e-01
8.719999999999999973e-01 6.908937542204740545e-01 7.307114155808216438e-01 6.930962622611261947e-01
8.800000000000000044e-01 6.902243074043289406e-01 7.303718205689790910e-01 6.946110715500557475e-01
8.880000000000000115e-01 6.970694316293128967e-01 7.300323833824688968e-01 6.963425703936504396e-01
8.960000000000000187e-01 6.979423813637312124e-01 7.296931039479425118e-01 6.982829642471714005e-01
9.040000000000000258e-01 7.008806263976938844e-01 7.293539821920853594e-01 7.004220387467288145e-01
9.120000000000000329e-01 7.046585360414765464e-01 7.290150180416169468e-01 7.027480546040971721e-01
9.200000000000000400e-01 7.053545539099145278e-01 7.286762114232907539e-01 7.052481429865491425e-01
9.280000000000000471e-01 7.104423139939365361e-01 7.283375622638944558e-01 7.079082569717416451e-01
9.360000000000000542e-01 7.129185882780645356e-01 7.279990704902497001e-01 7.107129459672474336e-01
9.440000000000000613e-01 7.153175461166610960e-01 7.276607360292122184e-01 7.136452846679006701e-01
9.520000000000000684e-01 7.193592723108448439e-01 7.273225588076713821e-01 7.166871747349732313e-01
9.600000000000000755e-01 7.195685237335357476e-01 7.269845387525512015e-01 7.198199965019261848e-01
9.679999999999999716e-01 7.258140613367924932e-01 7.266466757908088825e-01 7.230253309251428728e-01
9.759999999999999787e-01 7.289731723492944848e-01 7.263089698494361590e-01 7.262853229359829133e-01
9.839999999999999858e-01 7.331155624079155331e-01 7.259714208554582937e-01 7.295822995302729819e-01
9.919999999999999929e-01 7.329161926438594321e-01 7.256340287359348551e-01 7.328974939665260369e-01
1.000000000000000000e+00 7.366004298589423627e-01 7.252967934179590515e-01 7.362090818221114219e-01
1.008000000000000007e+00 7.406126338083059979e-01 7.249597148286580639e-01 7.394900708207637896e-01
1.016000000000000014e+00 7.459072789698871775e-01 7.246227928951927133e-01 7.427067669053077914e-01
1.024000000000000021e+00 7.484940720830348670e-01 7.242860275447581264e-01 7.458184783804195916e-01
1.032000000000000028e+00 7.465866657553439367e-01 7.239494187045828477e-01 7.487788196800342355e-01
1.040000000000000036e+00 7.462711129741212979e-01 7.236129663019295055e-01 7.515385274421639838e-01
1.048000000000000043e+00 7.535549307354184601e-01 7.232766702640943679e-01 7.540492526625885983e-01
1.056000000000000050e+00 7.573425782395446504e-01 7.229405305184075647e-01 7.562674960693049897e-01
1.064000000000000057e+00 7.571908760515660974e-01 7.226045469922329767e-01 7.581578103743924490e-01
1.072000000000000064e+00 7.573853005228972091e-01 7.222687196129681242e-01 7.596946161545916620e-01
1.080000000000000071e+00 7.580587184058908967e-01 7.219330483080447225e-01 7.608623901022104619e-01
1.088000000000000078e+00 7.593341061046507967e-01 7.215975330049275716e-01 7.616544456991354295e-01
1.096000000000000085e+00 7.602637713535537189e-01 7.212621736311157772e-01 7.620708860813252272e-01
1.104000000000000092e+00 7.612383738036837544e-01 7.209269701141415299e-01 7.621164574980734407e-01
1.112000000000000099e+00 7.584249234637719939e-01 7.205919223815713259e-01 7.617989371201809856e-01
1.120000000000000107e+00 7.566692018973881773e-01 7.202570303610048574e-01 7.611284028331908313e-01
1.128000000000000114e+00 7.555181692521185655e-01 7.199222939800756782e-01 7.601173676616821417e-01
1.136000000000000121e+00 7.571906532001413392e-01 7.195877131664509818e-01 7.587814477703455074e-01
1.144000000000000128e+00 7.588243426575284056e-01 7.192532878478314906e-01 7.571400718653267248e-01
1.152000000000000135e+00 7.534065535832052962e-01 7.189190179519515667e-01 7.552167708702930415e-01
1.160000000000000142e+00 7.513442659270638257e-01 7.185849034065789898e-01 7.530387794476594010e-01
1.168000000000000149e+00 7.494621432432443386e-01 7.182509441395156236e-01 7.506359517129013170e-01
1.176000000000000156e+00 7.484349752659396060e-01 7.179171400785963053e-01 7.480392401163153959e-01
1.184000000000000163e+00 7.465499826272788964e-01 7.175834911516896231e-01 7.452791258145785580e-01
1.192000000000000171e+00 7.440453555717345679e-01 7.172499972866978046e-01 7.423843841463875215e-01
1.200000000000000178e+00 7.402380047784976602e-01 7.169166584115563845e-01 7.393814375077989443e-01
1.208000000000000185e+00 7.317683502662437611e-01 7.165834744542346479e-01 7.362943492588363004e-01
1.216000000000000192e+00 7.331934742502598246e-01 7.162504453427350759e-01 7.331453213452697737e-01
1.223999999999999977e+00 7.325289491746259651e-01 7.159175710050936781e-01 7.299554373292336251e-01
1.231999999999999984e+00 7.284301324671897948e-01 7.155848513693802149e-01 7.267453705300195299e-01
1.239999999999999991e+00 7.269261394061800052e-01 7.152522863636973094e-01 7.235358442465725792e-01
1.247999999999999998e+00 7.178269476246933456e-01 7.149198759161815575e-01 7.203477485254872192e-01
1.256000000000000005e+00 7.168976823195020165e-01 7.145876199550025287e-01 7.172019363137234205e-01
1.264000000000000012e+00 7.175893030769053826e-01 7.142555184083636544e-01 7.141188014782198223e-01
1.272000000000000020e+00 7.144058069248734322e-01 7.139235712045010063e-01 7.111177653463200965e-01
1.280000000000000027e+00 7.081013785386665038e-01 7.135917782716847402e-01 7.082167753291999102e-01
1.288000000000000034e+00 7.048075359730132661e-01 7.132601395382179854e-01 7.054318737000118134e-01
1.296000000000000041e+00 7.023568091314403850e-01 7.129286549324371780e-01 7.027768544140191587e-01
1.304000000000000048e+00 7.011636316268212710e-01 7.125973243827122827e-01 7.002630087066697984e-01
1.312000000000000055e+00 6.990871893564513107e-01 7.122661478174462379e-01 6.978989673709490305e-01
1.320000000000000062e+00 6.957741431704064228e-01 7.119351251650753998e-01 6.956906658840906754e-01
1.328000000000000069e+00 6.936868426412123867e-01 7.116042563540696531e-01 6.936414687914862487e-01
1.336000000000000076e+00 6.905907911867459337e-01 7.112735413129317452e-01 6.917524775913689306e-01
1.344000000000000083e+00 6.882877922137712323e-01 7.109429799701976194e-01 6.900230099002431228e-01
1.352000000000000091e+00 6.854683816610123159e-01 7.106125722544368584e-01 6.884511888341122710e-01
1.360000000000000098e+00 6.834582348964033383e-01 7.102823180942519077e-01 6.870345406794011733e-01
1.368000000000000105e+00 6.833466612606523549e-01 7.099522174182784084e-01 6.857704854619808277e-01
1.376000000000000112e+00 6.813023151494297380e-01 7.096222701551851975e-01 6.846566283426831490e-01
1.384000000000000119e+00 6.819292444975840750e-01 7.092924762336744182e-01 6.836908145662147218e-01
1.392000000000000126e+00 6.795399511721085251e-01 7.089628355824811878e-01 6.828709786906408397e-01
1.400000000000000133e+00 6.818206438416534176e-01 7.086333481303735971e-01 6.821948760734880546e-01
1.407999999999999918e+00 6.773239635872546627e-01 7.083040138061533764e-01 6.816598111091984880e-01
1.415999999999999925e+00 6.754359904663144176e-01 7.079748325386546748e-01 6.812624643832801974e-01
1.423999999999999932e+00 6.776887152399827530e-01 7.076458042567451701e-01 6.809988763521999111e-01
1.431999999999999940e+00 6.800661111458399244e-01 7.073169288893255136e-01 6.808645865770686090e-01
1.439999999999999947e+00 6.814093849295642658e-01 7.069882063653292192e-01 6.808548770544154971e-01
1.447999999999999954e+00 6.801754796772351286e-01 7.066596366137229968e-01 6.809650430094118523e-01
1.455999999999999961e+00 6.739993670358966904e-01 7.063312195635065294e-01 6.811906206124376251e-01
1.463999999999999968e+00 6.828105927919138063e-01 7.060029551437125850e-01 6.815275317710760561e-01
1.471999999999999975e+00 6.808683812030061899e-01 7.056748432834067941e-01 6.819721459033143418e-01
1.479999999999999982e+00 6.837703875139037324e-01 7.053468839116877609e-01 6.825212900902620783e-01
1.487999999999999989e+00 6.813506431046781886e-01 7.050190769576870631e-01 6.831722503080067677e-01
1.495999999999999996e+00 6.817430926499896682e-01 7.046914223505691410e-01 6.839227953224815693e-01
1.504000000000000004e+00 6.846561229634289258e-01 7.043639200195315198e-01 6.847712286434477491e-01
1.512000000000000011e+00 6.874249726070017497e-01 7.040365698938045869e-01 6.857164454471910142e-01
1.520000000000000018e+00 6.869205844146376583e-01 7.037093719026513705e-01 6.867579527683127516e-01
1.528000000000000025e+00 6.895923211121078866e-01 7.033823259753682056e-01 6.878958089878060012e-01
1.536000000000000032e+00 6.892169786872157644e-01 7.030554320412839564e-01 6.891304514198659525e-01
1.544000000000000039e+00 6.929113634724326509e-01 7.027286900297605721e-01 6.904624012982051307e-01
1.552000000000000046e+00 6.958753273036992759e-01 7.024020998701924201e-01 6.918918546662571334e-01
1.560000000000000053e+00 6.963478713041461043e-01 7.020756614920071748e-01 6.934181795945113524e-01
1.568000000000000060e+00 6.987696649191551534e-01 7.017493748246649288e-01 6.950393445811799964e-01
1.576000000000000068e+00 6.993529451787756646e-01 7.014232397976588596e-01 6.967513050177353007e-01
1.584000000000000075e+00 7.003873980998854831e-01 7.010972563405147850e-01 6.985473811056441829e-01
1.592000000000000082e+00 7.023334313305061860e-01 7.007714243827909417e-01 7.004176756339486332e-01
1.600000000000000089e+00 7.044146282840064721e-01 7.004457438540790948e-01 7.023486013193080968e-01
1.608000000000000096e+00 7.058238524738680297e-01 7.001202146840028728e-01 7.043226061024885354e-01
1.616000000000000103e+00 7.100020553695021164e-01 6.997948368022192112e-01 7.063181886531908482e-01
1.624000000000000110e+00 7.081825109358130810e-01 6.994696101384173526e-01 7.083102753537553475e-01
1.632000000000000117e+00 7.109463296092862761e-01 6.991445346223196244e-01 7.102709819296879612e-01
1.640000000000000124e+00 7.119653857839991495e-01 6.988196101836806617e-01 7.121707159024419642e-01
1.648000000000000131e+00 7.178102844105759273e-01 6.984948367522877399e-01 7.139795074166603861e-01
1.655999999999999917e+00 7.185826993111298355e-01 6.981702142579609971e-01 7.156684064777214527e-01
1.663999999999999924e+00 7.181403722418788771e-01 6.978457426305529898e-01 7.172107708352370992e-01
1.671999999999999931e+00 7.192653663864229108e-01 6.975214217999491373e-01 7.185832965050659160e-01
1.679999999999999938e+00 7.199824998437319712e-01 6.971972516960670552e-01 7.197667044322408891e-01
1.687999999999999945e+00 7.229014587850202123e-01 6.968732322488573327e-01 7.207460728733965372e-01
1.695999999999999952e+00 7.247742690432906754e-01 6.965493633883028668e-01 7.215108718770175678e-01
1.703999999999999959e+00 7.227285527825363376e-01 6.962256450444190836e-01 7.220547939368029411e-01
1.711999999999999966e+00 7.199490819847713663e-01 6.959020771472540501e-01 7.223754749230120176e-01
1.719999999999999973e+00 7.211175204499274960e-01 6.955786596268883626e-01 7.224741674009733661e-01
1.727999999999999980e+00 7.209383581624559945e-01 6.952553924134348140e-01 7.223553817259873444e-01
1.735999999999999988e+00 7.246590768478937683e-01 6.949322754370391708e-01 7.220264707694983297e-01
1.743999999999999995e+00 7.223646534954906162e-01 6.946093086278793960e-01 7.214971195427245521e-01
1.752000000000000002e+00 7.201076030823956309e-01 6.942864919161656490e-01 7.207787179620779305e-01
1.760000000000000009e+00 7.182028313540219644e-01 6.939638252321409517e-01 7.198836365688565664e-01
1.768000000000000016e+00 7.190782511786363296e-01 6.936413085060806338e-01 7.188244736047231243e-01
1.776000000000000023e+00 7.168698652414912109e-01 6.933189416682923323e-01 7.176133765007939314e-01
1.784000000000000030e+00 7.169535100846364806e-01 6.929967246491161026e-01 7.162615457012062592e-01
1.792000000000000037e+00 7.152079446673084151e-01 6.926746573789243078e-01 7.147789993827373678e-01
1.800000000000000044e+00 7.141990715254639133e-01 6.923527397881218404e-01 7.131746227500308510e-01
1.808000000000000052e+00 7.154124763076522564e-01 6.920309718071457894e-01 7.114564634662309262e-01
1.816000000000000059e+00 7.143068415397515469e-01 6.917093533664656624e-01 7.096321860276584292e-01
1.824000000000000066e+00 7.109258671659535178e-01 6.913878843965832743e-01 7.077095774404031925e-01
1.832000000000000073e+00 7.039947949701288454e-01 6.910665648280325257e-01 7.056970081591515953e-01
1.840000000000000080e+00 7.042217936401672373e-01 6.907453945913800686e-01 7.036037876077856357e-01
1.848000000000000087e+00 7.015924266239665918e-01 6.904243736172243073e-01 7.014403963494710847e-01
1.856000000000000094e+00 6.998571166926974563e-01 6.901035018361961759e-01 6.992186097324282201e-01
1.864000000000000101e+00 6.968756323432448996e-01 6.897827791789589158e-01 6.969515393777920842e-01
1.872000000000000108e+00 6.951649634913527054e-01 6.894622055762079649e-01 6.946536084298959857e-01
1.880000000000000115e+00 6.957690484051053392e-01 6.891417809586706245e-01 6.923404535017902983e-01
1.888000000000000123e+00 6.924849702989673839e-01 6.888215052571067254e-01 6.900287257896280391e-01
1.896000000000000130e+00 6.901830863348292766e-01 6.885013784023082950e-01 6.877357596848727717e-01
1.904000000000000137e+00 6.884185619832676739e-01 6.881814003250993350e-01 6.854790956117162715e-01
1.911999999999999922e+00 6.833901854736607051e-01 6.878615709563361547e-01 6.832758804425629329e-01
1.919999999999999929e+00 6.816594067805186175e-01 6.875418902269071486e-01 6.811422103867161848e-01
1.927999999999999936e+00 6.811707544193260633e-01 6.872223580677327970e-01 6.790925108353726980e-01
1.935999999999999943e+00 6.814553706380330755e-01 6.869029744097657764e-01 6.771390518930513469e-01
1.943999999999999950e+00 6.737600705512701849e-01 6.865837391839906267e-01 6.752916730534649359e-01
1.951999999999999957e+00 6.730949873064796529e-01 6.862646523214243066e-01 6.735577427416172824e-01
1.959999999999999964e+00 6.694523549283460939e-01 6.859457137531155269e-01 6.719423240096760175e-01
1.967999999999999972e+00 6.716320460414092475e-01 6.856269234101451948e-01 6.704484749701143942e-01
1.975999999999999979e+00 6.713290631750697957e-01 6.853082812236261923e-01 6.690775955427659127e-01
1.983999999999999986e+00 6.669586581651850699e-01 6.849897871247034864e-01 6.678297449621282134e-01
1.991999999999999993e+00 6.676359268689505688e-01 6.846714410445539079e-01 6.667038902134017064e-01
2.000000000000000000e+00 6.637979238487650147e-01 6.843532429143864837e-01 6.656980889185910577e-01
2.008000000000000007e+00 6.645105938515782906e-01 6.840351926654421044e-01 6.648096439086482734e-01
2.016000000000000014e+00 6.650313709257719141e-01 6.837172902289935239e-01 6.640352782593778036e-01
2.024000000000000021e+00 6.619271250541106655e-01 6.833995355363454705e-01 6.633713658371850341e-01
2.032000000000000028e+00 6.627875911762248773e-01 6.830819285188346468e-01 6.628142205393140474e-01
2.040000000000000036e+00 6.621599130809455724e-01 6.827644691078298411e-01 6.623604115315129270e-01
2.048000000000000043e+00 6.632536182032112704e-01 6.824471572347314829e-01 6.620070470438156329e-01
2.056000000000000050e+00 6.637661313274708652e-01 6.821299928309717542e-01 6.617519658041468578e-01
2.064000000000000057e+00 6.630061259244732774e-01 6.818129758280151442e-01 6.615937942422525087e-01
2.072000000000000064e+00 6.627447807463048290e-01 6.814961061573576728e-01 6.615318615114037515e-01
2.080000000000000071e+00 6.613245647482913769e-01 6.811793837505273341e-01 6.615660000366637705e-01
2.088000000000000078e+00 6.624742547214201860e-01 6.808628085390838747e-01 6.616962836613531351e-01
2.096000000000000085e+00 6.613026484169209906e-01 6.805463804546187934e-01 6.619227607463615826e-01
2.104000000000000092e+00 6.666890589296681213e-01 6.802300994287554525e-01 6.622452260250484279e-01
2.112000000000000099e+00 6.632992419631495995e-01 6.799139653931491889e-01 6.626630502184185367e-01
2.120000000000000107e+00 6.647451139606619375e-01 6.795979782794866475e-01 6.631750616326601566e-01
2.128000000000000114e+00 6.661963968021737958e-01 6.792821380194866698e-01 6.637794591531436250e-01
2.136000000000000121e+00 6.671965274558261383e-01 6.789664445448995167e-01 6.644737357547405576e-01
2.144000000000000128e+00 6.686160090073615114e-01 6.786508977875074233e-01 6.652546034393368446e-01
2.152000000000000135e+00 6.662963045435336129e-01 6.783354976791240443e-01 6.661179265664669558e-01
2.160000000000000142e+00 6.689013483397909798e-01 6.780202441515950085e-01 6.670586815383724444e-01
2.168000000000000149e+00 6.699189623946667504e-01 6.777051371367974753e-01 6.680709603320096335e-01
2.176000000000000156e+00 6.739622450031691470e-01 6.773901765666402452e-01 6.691480229355696308e-01
2.184000000000000163e+00 6.754319087929604448e-01 6.770753623730637605e-01 6.702823849890837682e-01
2.192000000000000171e+00 6.748448286472928936e-01 6.767606944880402153e-01 6.714659110559747512e-01
2.200000000000000178e+00 6.738244415844528712e-01 6.764461728435732235e-01 6.726898794940512349e-01
2.208000000000000185e+00 6.738067738573104704e-01 6.761317973716982621e-01 6.739449956759888671e-01
2.216000000000000192e+00 6.783008852464615934e-01 6.758175680044820055e-01 6.752213534386013460e-01
2.224000000000000199e+00 6.837350091893050763e-01 6.755034846740232135e-01 6.765083714230712975e-01
2.232000000000000206e+00 6.832816401763294190e-01 6.751895473124517322e-01 6.777947504068766449e-01
2.240000000000000213e+00 6.800536636056622175e-01 6.748757558519292710e-01 6.790685011334067767e-01
2.248000000000000220e+00 6.803116005715108550e-01 6.745621102246489587e-01 6.803170769026287701e-01
2.256000000000000227e+00 6.834932599146471555e-01 6.742486103628351213e-01 6.815276160555747698e-01
2.264000000000000234e+00 6.876708787304109949e-01 6.739352561987441703e-01 6.826872668518205733e-01
2.272000000000000242e+00 6.883959582624072926e-01 6.736220476646637145e-01 6.837835430145211557e-01
2.280000000000000249e+00 6.861429429643761679e-01 6.733089846929127820e-01 6.848046510871523829e-01
2.288000000000000256e+00 6.840630254813934163e-01 6.729960672158418200e-01 6.857397427301035187e-01
2.296000000000000263e+00 6.891668069667504781e-01 6.726832951658328064e-01 6.865790708367007777e-01
2.304000000000000270e+00 6.898700583771972816e-01 6.723706684752992491e-01 6.873140574606487752e-01
2.312000000000000277e+00 6.899972516898367214e-01 6.720581870766858534e-01 6.879373028883990493e-01
2.320000000000000284e+00 6.907989611877199954e-01 6.717458509024688551e-01 6.884425714413962005e-01
2.328000000000000291e+00 6.881482387874364726e-01 6.714336598851557980e-01 6.888247800987308267e-01
2.336000000000000298e+00 6.886808618636391932e-01 6.711216139572857564e-01 6.890799967961842576e-01
2.344000000000000306e+00 6.914765142270523635e-01 6.708097130514287798e-01 6.892054361414063912e-01
2.352000000000000313e+00 6.912201372211785877e-01 6.704979571001867811e-01 6.891994306114594959e-01
2.360000000000000320e+00 6.917080650917321050e-01 6.701863460361925373e-01 6.890613597789667644e-01
2.368000000000000327e+00 6.869840217337580546e-01 6.698748797921103559e-01 6.887915368114863046e-01
2.376000000000000334e+00 6.870521580210314783e-01 6.695635583006358527e-01 6.883910726969737492e-01
2.384000000000000341e+00 6.889706300344214940e-01 6.692523814944959515e-01 6.878617542783348471e-01
2.392000000000000348e+00 6.909702146281602175e-01 6.689413493064485516e-01 6.872059742184882802e-01
2.400000000000000355e+00 6.893506171611435418e-01 6.686304616692831937e-01 6.864267371250583061e-01
2.408000000000000362e+00 6.839215029630584253e-01 6.683197185158202824e-01 6.855277407680330226e-01
2.416000000000000369e+00 6.830695565884049580e-01 6.680091197789117530e-01 6.845135042683072601e-01
2.424000000000000377e+00 6.868132787328412592e-01 6.676986653914407377e-01 6.833894971073357638e-01
2.432000000000000384e+00 6.847636068614150195e-01 6.673883552863212332e-01 6.821622212105962202e-01
2.440000000000000391e+00 6.858271544238117023e-01 6.670781893964987663e-01 6.808392140406116511e-01
2.448000000000000398e+00 6.802651076918635464e-01 6.667681676549498393e-01 6.794289674448622529e-01
2.456000000000000405e+00 6.753580357852829730e-01 6.664582899946822625e-01 6.779407842612987789e-01
2.464000000000000412e+00 6.736784128045616438e-01 6.661485563487347106e-01 6.763846115793413771e-01
2.472000000000000419e+00 6.764006099977520892e-01 6.658389666501772775e-01 6.747708896237192278e-01
2.480000000000000426e+00 6.783500178693859795e-01 6.655295208321109213e-01 6.731104390406951188e-01
2.488000000000000433e+00 6.750816314578824695e-01 6.652202188276677974e-01 6.714143842803123041e-01
2.496000000000000441e+00 6.708731437525409236e-01 6.649110605700112586e-01 6.696940878532162689e-01
2.504000000000000448e+00 6.645556763228933628e-01 6.646020459923356327e-01 6.679610596306007064e-01
2.512000000000000455e+00 6.683689172026598957e-01 6.642931750278660008e-01 6.662268119789656051e-01
2.520000000000000462e+00 6.688624446353801378e-01 6.639844476098589743e-01 6.645026529891320255e-01
2.528000000000000469e+00 6.682687803736390153e-01 6.636758636716019177e-01 6.627994376083092831e-01
2.535999999999999588e+00 6.588824241083341970e-01 6.633674231464131710e-01 6.611273185925413687e-01
2.543999999999999595e+00 6.570396744472427608e-01 6.630591259676420490e-01 6.594955463742361301e-01
2.551999999999999602e+00 6.613568986689022378e-01 6.627509720686690642e-01 6.579123557040966741e-01
2.559999999999999609e+00 6.597089356174327124e-01 6.624429613829053709e-01 6.563849513093535926e-01
2.567999999999999616e+00 6.594268285763793536e-01 6.621350938437935429e-01 6.549195747516471933e-01
2.575999999999999623e+00 6.551537618174019251e-01 6.618273693848064632e-01 6.535216119665245849e-01
2.583999999999999631e+00 6.489312735113484942e-01 6.615197879394484337e-01 6.521956944487083963e-01
2.591999999999999638e+00 6.507097731212329039e-01 6.612123494412543989e-01 6.509457589577899439e-01
2.599999999999999645e+00 6.511194453318549513e-01 6.609050538237902783e-01 6.497750557213322065e-01
2.607999999999999652e+00 6.511242435421308317e-01 6.605979010206529667e-01 6.486861228672026192e-01
2.615999999999999659e+00 6.472908281793212648e-01 6.602908909654700009e-01 6.476807637318721111e-01
2.623999999999999666e+00 6.445029201221915693e-01 6.599840235918998932e-01 6.467600660407464286e-01
2.631999999999999673e+00 6.423742394514609932e-01 6.596772988336320198e-01 6.459244869232702024e-01
2.639999999999999680e+00 6.421395852627248546e-01 6.593707166243865103e-01 6.451740016776084108e-01
2.647999999999999687e+00 6.480956229968246607e-01 6.590642768979143584e-01 6.445082880044753493e-01
2.655999999999999694e+00 6.460840775762706212e-01 6.587579795879972000e-01 6.439269019339819433e-01
2.663999999999999702e+00 6.397474418466461143e-01 6.584518246284475351e-01 6.434294032249396889e-01
2.671999999999999709e+00 6.424240468174562402e-01 6.581458119531088391e-01 6.430154058983713616e-01
2.679999999999999716e+00 6.433594332198931953e-01 6.578399414958548963e-01 6.426845563391315741e-01
2.687999999999999723e+00 6.458648860261344549e-01 6.575342131905905774e-01 6.424364660462873466e-01
2.695999999999999730e+00 6.458262945859392090e-01 6.572286269712512841e-01 6.422706386253576039e-01
2.703999999999999737e+00 6.420616902376606872e-01 6.569231827718033934e-01 6.421864261169443200e-01
2.711999999999999744e+00 6.399776977530047262e-01 6.566178805262434803e-01 6.421830304669822187e-01
2.719999999999999751e+00 6.402236398536601536e-01 6.563127201685992063e-01 6.422595401927875258e-01
2.727999999999999758e+00 6.428752835429739632e-01 6.560077016329288746e-01 6.424149710216210396e-01
2.735999999999999766e+00 6.437505655525194159e-01 6.557028248533212089e-01 6.426482714749479630e-01
2.743999999999999773e+00 6.416411058181585858e-01 6.553980897638956860e-01 6.429582634173094391e-01
2.751999999999999780e+00 6.405170942886528884e-01 6.550934962988024246e-01 6.433435099101372234e-01
2.759999999999999787e+00 6.414591808349394686e-01 6.547890443922220749e-01 6.438021293438195292e-01
2.767999999999999794e+00 6.453997870547389937e-01 6.544847339783659290e-01 6.443315951657544449e-01
2.775999999999999801e+00 6.462462166399625119e-01 6.541805649914760323e-01 6.449285667053021864e-01
2.783999999999999808e+00 6.473873022963457791e-01 6.538765373658245172e-01 6.455887866281906362e-01
2.791999999999999815e+00 6.442231224925096811e-01 6.535726510357144914e-01 6.463070589861272808e-01
2.799999999999999822e+00 6.453632068883997652e-01 6.532689059354795935e-01 6.470772976983449887e-01
2.807999999999999829e+00 6.473060610576151230e-01 6.529653019994835494e-01 6.478926182611529638e-01
2.815999999999999837e+00 6.521391017943267698e-01 6.526618391621210602e-01 6.487454417691473907e-01
2.823999999999999844e+00 6.522431333592693115e-01 6.523585173578171359e-01 6.496275902843063887e-01
2.831999999999999851e+00 6.512078199448129157e-01 6.520553365210270957e-01 6.505303706961086396e-01
2.839999999999999858e+00 6.515168344007270518e-01 6.517522965862372342e-01 6.514446616477344021e-01
2.847999999999999865e+00 6.515787503170055173e-01 6.514493974879635996e-01 6.523610265955335219e-01
2.855999999999999872e+00 6.579833497129313757e-01 6.511466391607533266e-01 6.532698714857714251e-01
2.863999999999999879e+00 6.582335280876630002e-01 6.508440215391834149e-01 6.541616496016264826e-01
2.871999999999999886e+00 6.550223973237375708e-01 6.505415445578615063e-01 6.550270956367786335e-01
2.879999999999999893e+00 6.548158623632552855e-01 6.502392081514258848e-01 6.558574548587770003e-01
2.887999999999999901e+00 6.539464356975897008e-01 6.499370122545448103e-01 6.566446684630520281e-01
2.895999999999999908e+00 6.590983763475196655e-01 6.496349568019170739e-01 6.573814852345735149e-01
2.903999999999999915e+00 6.618707601870272850e-01 6.493330417282718869e-01 6.580614890414988594e-01
2.911999999999999922e+00 6.592065139529956763e-01 6.490312669683685476e-01 6.586790538729583311e-01
2.919999999999999929e+00 6.579961013422204186e-01 6.487296324569969963e-01 6.592292545630271672e-01
2.927999999999999936e+00 6.563895752711675913e-01 6.484281381289773716e-01 6.597077661853800734e-01
2.935999999999999943e+00 6.586849863035021402e-01 6.481267839191598990e-01 6.601107776372879821e-01
2.943999999999999950e+00 6.608763713186718292e-01 6.478255697624253351e-01 6.604349296824775228e-01
2.951999999999999957e+00 6.644630530108271982e-01 6.475244955936845237e-01 6.606772723025169380e-01
2.959999999999999964e+00 6.590158918527180276e-01 6.472235613478787286e-01 6.608352278334828078e-01
2.967999999999999972e+00 6.584224671489884440e-01 6.469227669599793007e-01 6.609065486036748149e-01
2.975999999999999979e+00 6.577623862888172246e-01 6.466221123649878999e-01 6.608892689660159636e-01
2.983999999999999986e+00 6.618607555284821142e-01 6.463215974979364953e-01 6.607816656212006645e-01
2.991999999999999993e+00 6.638927616432610535e-01 6.460212222938869209e-01 6.605822492333721652e-01
3.000000000000000000e+00 6.607870604908319123e-01 6.457209866879315419e-01 6.602898088362494367e-01
3.008000000000000007e+00 6.559448227943956988e-01 6.454208906151925884e-01 6.599035174852143637e-01
3.016000000000000014e+00 6.566525736840244099e-01 6.451209340108227108e-01 6.594230875470383779e-01
3.024000000000000021e+00 6.586595320724074609e-01 6.448211168100046464e-01 6.588489450921115598e-01
3.032000000000000028e+00 6.628254526570700467e-01 6.445214389479509975e-01 6.581823833330151530e-01
3.040000000000000036e+00 6.597796914358513565e-01 6.442219003599047866e-01 6.574256595921450508e-01
3.048000000000000043e+00 6.573784634472877864e-01 6.439225009811389011e-01 6.565820176639372008e-01
3.056000000000000050e+00 6.518269645064960205e-01 6.436232407469566486e-01 6.556556408544620407e-01
3.064000000000000057e+00 6.546069002461440967e-01 6.433241195926909795e-01 6.546515608090806015e-01
3.072000000000000064e+00 6.553153744234421207e-01 6.430251374537052644e-01 6.535755551828453802e-01
3.080000000000000071e+00 6.558852262611412076e-01 6.427262942653925171e-01 6.524340600230669196e-01
3.088000000000000078e+00 6.521248700025791267e-01 6.424275899631761710e-01 6.512341038534890103e-01
3.096000000000000085e+00 6.500045513841892220e-01 6.421290244825095250e-01 6.499832487195771336e-01
3.104000000000000092e+00 6.434376635310623538e-01 6.418305977588756317e-01 6.486895093949508473e-01
3.112000000000000099e+00 6.474851756154536009e-01 6.415323097277879638e-01 6.473612230951171220e-01
3.120000000000000107e+00 6.483747711847578366e-01 6.412341603247898592e-01 6.460068593724301866e-01
3.128000000000000114e+00 6.475907071280259109e-01 6.409361494854541874e-01 6.446347869344903891e-01
3.136000000000000121e+00 6.443719728249637235e-01 6.406382771453842384e-01 6.432530394535280749e-01
3.144000000000000128e+00 6.396289730968292009e-01 6.403405432402131670e-01 6.418691342312790038e-01
3.152000000000000135e+00 6.406630106813041570e-01 6.400429477056037708e-01 6.404899889325670337e-01
3.160000000000000142e+00 6.412530005261019017e-01 6.397454904772490458e-01 6.391219538222777663e-01
3.168000000000000149e+00 6.412838700092577948e-01 6.394481714908716308e-01 6.377709396226036720e-01
3.176000000000000156e+00 6.344708593068394409e-01 6.391509906822243625e-01 6.364425885871822786e-01
3.184000000000000163e+00 6.330968420552010034e-01 6.388539479870894988e-01 6.351424220020023270e-01
3.192000000000000171e+00 6.301087878112550111e-01 6.385570433412794955e-01 6.338759077525951691e-01
3.200000000000000178e+00 6.323353481322095959e-01 6.382602766806364514e-01 6.326484237179421655e-01
3.208000000000000185e+00 6.347876332004624977e-01 6.379636479410324412e-01 6.314651344288291224e-01
3.216000000000000192e+00 6.309701721754414905e-01 6.376671570583691828e-01 6.303308331229695582e-01
3.224000000000000199e+00 6.292508396038503093e-01 6.373708039685782589e-01 6.292498147551939258e-01
3.232000000000000206e+00 6.257059346653447429e-01 6.370745886076211173e-01 6.282258316607681747e-01
3.240000000000000213e+00 6.256134821144490044e-01 6.367785109114887376e-01 6.272621475054657170e-01
3.248000000000000220e+00 6.247602512834518063e-01 6.364825708162019646e-01 6.263616614000279137e-01
3.256000000000000227e+00 6.250552911853149984e-01 6.361867682578115080e-01 6.255270408907139812e-01
3.264000000000000234e+00 6.210818376374900307e-01 6.358911031723976093e-01 6.247607945503476090e-01
3.272000000000000242e+00 6.206688646634019868e-01 6.355955754960703752e-01 6.240652367478805029e-01
3.280000000000000249e+00 6.216858479694237216e-01 6.353001851649693332e-01 6.234423412374493489e-01
3.288000000000000256e+00 6.237533397469615659e-01 6.350049321152639870e-01 6.228935291882875536e-01
3.296000000000000263e+00 6.235916731908652810e-01 6.347098162831535939e-01 6.224194709636399203e-01
3.304000000000000270e+00 6.182900565684779082e-01 6.344148376048664995e-01 6.220199844432656722e-01
3.312000000000000277e+00 6.192866529945687537e-01 6.341199960166613581e-01 6.216940827383634627e-01
3.320000000000000284e+00 6.213116291955439463e-01 6.338252914548259120e-01 6.214401710393442357e-01
3.328000000000000291e+00 6.207889624388615024e-01 6.335307238556777687e-01 6.212563362009013712e-01
3.336000000000000298e+00 6.209389507862281832e-01 6.332362931555642893e-01 6.211406357030837544e-01
3.344000000000000306e+00 6.204223981072167771e-01 6.329419992908620340e-01 6.210912901693308452e-01
3.352000000000000313e+00 6.177640654328619974e-01 6.326478421979775391e-01 6.211067177149770524e-01
3.360000000000000320e+00 6.169513400284745153e-01 6.323538218133464284e-01 6.211854065457289575e-01
3.368000000000000327e+00 6.213672652271804431e-01 6.320599380734341910e-01 6.213256820054723351e-01
3.376000000000000334e+00 6.220163878505061694e-01 6.317661909147359589e-01 6.215254621167818350e-01
3.384000000000000341e+00 6.238787433393201409e-01 6.314725802737759519e-01 6.217820963271383228e-01
3.392000000000000348e+00 6.180565631951567829e-01 6.311791060871083658e-01 6.220923451162929663e-01
3.400000000000000355e+00 6.172403376490257498e-01 6.308857682913164844e-01 6.224524980284635856e-01
3.408000000000000362e+00 6.218308040488407240e-01 6.305925668230133452e-01 6.228585688899964667e-01
3.416000000000000369e+00 6.245657461205725847e-01 6.302995016188410737e-01 6.233064737411851963e-01
3.424000000000000377e+00 6.244963447266818068e-01 6.300065726154718826e-01 6.237921036942427611e-01
3.432000000000000384e+00 6.195691901557885961e-01 6.297137797496068501e-01 6.243112498270102506e-01
3.440000000000000391e+00 6.202710403462170508e-01 6.294211229579765865e-01 6.248594028524658839e-01
3.448000000000000398e+00 6.223400393208301518e-01 6.291286021773411230e-01 6.254315100985434750e-01
3.456000000000000405e+00 6.253097535795693052e-01 6.288362173444901337e-01 6.260218012038272217e-01
3.464000000000000412e+00 6.308858513071887719e-01 6.285439683962422697e-01 6.266237785320915021e-01
3.472000000000000419e+00 6.283535691819350788e-01 6.282518552694459357e-01 6.272304127957210040e-01
3.480000000000000426e+00 6.249686732832828717e-01 6.279598779009786247e-01 6.278345092757016133e-01
3.488000000000000433e+00 6.265454807465690168e-01 6.276680362277471392e-01 6.284291444183974784e-01
3.496000000000000441e+00 6.275213105453356643e-01 6.273763301866878139e-01 6.290080426767179489e-01
3.504000000000000448e+00 6.311514520459062805e-01 6.270847597147659602e-01 6.295657819900764007e-01
3.512000000000000455e+00 6.331838597111846267e-01 6.267933247489767545e-01 6.300977771356246482e-01
3.520000000000000462e+00 6.294534168724720269e-01 6.265020252263440170e-01 6.306000703620615599e-01
3.528000000000000469e+00 6.265820155575880790e-01 6.262108610839212108e-01 6.310690272428856051e-01
3.535999999999999588e+00 6.287206475620128465e-01 6.259198322587909979e-01 6.315010657443899111e-01
3.543999999999999595e+00 6.299492183328957440e-01 6.256289386880651282e-01 6.318925262159249545e-01
3.551999999999999602e+00 6.330928609692597631e-01 6.253381803088848834e-01 6.322397273948809904e-01
3.559999999999999609e+00 6.332462746867906223e-01 6.250475570584203000e-01 6.325391735702674545e-01
3.567999999999999616e+00 6.288941463497960127e-01 6.247570688738711686e-01 6.327878129626226533e-01
3.575999999999999623e+00 6.292019031857386535e-01 6.244667156924660345e-01 6.329832237371945114e-01
3.583999999999999631e+00 6.324140452292497105e-01 6.241764974514627529e-01 6.331236320778639293e-01
3.591999999999999638e+00 6.373813593121637755e-01 6.238864140881483777e-01 6.332077358819918622e-01
3.599999999999999645e+00 6.329122223654394253e-01 6.235964655398391621e-01 6.332343905269329776e-01
3.607999999999999652e+00 6.318685494627156451e-01 6.233066517438802245e-01 6.332022763317879388e-01
3.615999999999999659e+00 6.279251254099561530e-01 6.230169726376461048e-01 6.331096845574599730e-01
3.623999999999999666e+00 6.314795011417760895e-01 6.227274281585403193e-01 6.329545217215581943e-01
3.631999999999999673e+00 6.355272722129718943e-01 6.224380182439953613e-01 6.327345538794102442e-01
3.639999999999999680e+00 6.342733489064967811e-01 6.221487428314731449e-01 6.324478232060148919e-01
3.647999999999999687e+00 6.312007193262482163e-01 6.218596018584643392e-01 6.320931035635287687e-01
3.655999999999999694e+00 6.294599457722663827e-01 6.215705952624887010e-01 6.316702457904150858e-01
3.663999999999999702e+00 6.287630637699457292e-01 6.212817229810951858e-01 6.311803039411789662e-01
3.671999999999999709e+00 6.311195135344389584e-01 6.209929849518615042e-01 6.306254151798005303e-01
3.679999999999999716e+00 6.318225836026714060e-01 6.207043811123946764e-01 6.300084967481545117e-01
3.687999999999999723e+00 6.318406163094887340e-01 6.204159114003303666e-01 6.293328878596350373e-01
3.695999999999999730e+00 6.284941151317072761e-01 6.201275757533337707e-01 6.286020772988627492e-01
3.703999999999999737e+00 6.257098797740396900e-01 6.198393741090985065e-01 6.278196141798317864e-01
3.711999999999999744e+00 6.292466629383012267e-01 6.195513064053473906e-01 6.269892174448470357e-01
3.719999999999999751e+00 6.296382197168094441e-01 6.192633725798323274e-01 6.261150125111976106e-01
3.727999999999999758e+00 6.251274140588672923e-01 6.189755725703336431e-01 6.252017664955753506e-01
3.735999999999999766e+00 6.237258962433613885e-01 6.186879063146610847e-01 6.242549901534384382e-01
3.743999999999999773e+00 6.204345872225411895e-01 6.184003737506531539e-01 6.232808269387111189e-01
3.751999999999999780e+00 6.198904280342321105e-01 6.181129748161773296e-01 6.222857367006974227e-01
3.759999999999999787e+00 6.248090286295263640e-01 6.178257094491296231e-01 6.212760682933189393e-01
3.767999999999999794e+00 6.220994013037791648e-01 6.175385775874353556e-01 6.202576661614447318e-01
3.775999999999999801e+00 6.146199348169124610e-01 6.172515791690482700e-01 6.192356491733725932e-01
3.783999999999999808e+00 6.145161632994241563e-01 6.169647141319513084e-01 6.182144369416031626e-01
3.791999999999999815e+00 6.137023694761167825e-01 6.166779824141560562e-01 6.171980037795555818e-01
3.799999999999999822e+00 6.168356772327238113e-01 6.163913839537029649e-01 6.161902508922219024e-01
3.807999999999999829e+00 6.179701241819591795e-01 6.161049186886611295e-01 6.151953395267453217e-01
3.815999999999999837e+00 6.141364319702287133e-01 6.158185865571286222e-01 6.142178416921328932e-01
3.823999999999999844e+00 6.095534039910379676e-01 6.155323874972323805e-01 6.132626363592946772e-01
3.831999999999999851e+00 6.108004761934774374e-01 6.152463214471276531e-01 6.123345803338349214e-01
3.839999999999999858e+00 6.140816625891082348e-01 6.149603883449988873e-01 6.114380743174666621e-01
3.847999999999999865e+00 6.116623900939002212e-01 6.146745881290589519e-01 6.105766893963019415e-01
3.855999999999999872e+00 6.118770493136330701e-01 6.143889207375496930e-01 6.097529986958145631e-01
3.863999999999999879e+00 6.059862815841284833e-01 6.141033861087413781e-01 6.089686803780383073e-01
3.871999999999999886e+00 6.043991297523174655e-01 6.138179841809332515e-01 6.082248520179194262e-01
3.879999999999999893e+00 6.088024398389532132e-01 6.135327148924530904e-01 6.075225046968286691e-01
3.887999999999999901e+00 6.090775988449075307e-01 6.132475781816573157e-01 6.068628648165360628e-01
3.895999999999999908e+00 6.074751489310578068e-01 6.129625739869307699e-01 6.062475396520179416e-01
3.903999999999999915e+00 6.082799251189198175e-01 6.126777022466874945e-01 6.056783889452126424e-01
3.911999999999999922e+00 6.059330814619900973e-01 6.123929628993696195e-01 6.051571758089697717e-01
3.919999999999999929e+00 6.022934686219668654e-01 6.121083558834482519e-01 6.046851417751920588e-01
3.927999999999999936e+00 6.056560775352890502e-01 6.118238811374229202e-01 6.042626858124321432e-01
3.935999999999999943e+00 6.077026355648683653e-01 6.115395385998217970e-01 6.038892902609336311e-01
3.943999999999999950e+00 6.027138737013763015e-01 6.112553282092013651e-01 6.035637409807999010e-01
3.951999999999999957e+00 6.006778753102206547e-01 6.109712499041470846e-01 6.032845713961096923e-01
3.959999999999999964e+00 6.012004732542488572e-01 6.106873036232726148e-01 6.030505669002259594e-01
3.967999999999999972e+00 6.032039384572093210e-01 6.104034893052203703e-01 6.028611349386789886e-01
3.975999999999999979e+00 6.046334451567327850e-01 6.101198068886611869e-01 6.027163908874445530e-01
3.983999999999999986e+00 6.032240775565845814e-01 6.098362563122943225e-01 6.026169147278521709e-01
3.991999999999999993e+00 6.021662263450977548e-01 6.095528375148477895e-01 6.025632585708644573e-01
4.000000000000000000e+00 6.018512285595668532e-01 6.092695504350776892e-01 6.025553816509428007e-01
4.008000000000000007e+00 6.012109627663548839e-01 6.089863950117689884e-01 6.025922191291386287e-01
4.016000000000000014e+00 6.014366186693721472e-01 6.087033711837347427e-01 6.026715411430448865e-01
4.024000000000000021e+00 6.008162132035593794e-01 6.084204788898167626e-01 6.027901473227998963e-01
4.032000000000000028e+00 5.993834665362537395e-01 6.081377180688849471e-01 6.029443121907436254e-01
4.040000000000000036e+00 5.992430825631560598e-01 6.078550886598378389e-01 6.031302992656567552e-01
4.048000000000000043e+00 5.993490733907668178e-01 6.075725906016025135e-01 6.033447353166065952e-01
4.056000000000000050e+00 6.044236050089099033e-01 6.072902238331340241e-01 6.035846927419987740e-01
4.064000000000000057e+00 6.035411882956602803e-01 6.070079882934161786e-01 6.038474467233714282e-01
4.072000000000000064e+00 6.019801730986077404e-01 6.067258839214607624e-01 6.041300089109172822e-01
4.080000000000000071e+00 6.001362699664272160e-01 6.064439106563083159e-01 6.044286376905558811e-01
4.088000000000000078e+00 6.041488351916762811e-01 6.061620684370274681e-01 6.047385464670101962e-01
4.096000000000000085e+00 6.043712492987365348e-01 6.058803572027150475e-01 6.050539649086995597e-01
4.104000000000000092e+00 6.044903581280414162e-01 6.055987768924965264e-01 6.053685768619898599e-01
4.112000000000000099e+00 6.024467476662668242e-01 6.053173274455254660e-01 6.056762116942948637e-01
