2.000000000000000000e+00 5.535188633405453418e-01
2.015000000000000124e+00 3.874476144591017523e-01
2.030000000000000249e+00 4.717934407725487556e-01
2.045000000000000373e+00 4.114552746803487038e-01
2.060000000000000497e+00 3.195670346132054029e-01
2.075000000000000622e+00 4.588337870521410622e-01
2.090000000000000746e+00 5.627406910672255735e-01
2.105000000000000870e+00 5.693145357212631152e-01
2.120000000000000995e+00 4.956094656987976577e-01
2.135000000000001119e+00 3.083125732216868142e-01
2.150000000000001243e+00 1.198548590893370042e-01
2.165000000000001368e+00 6.788830863987804776e-02
2.180000000000001492e+00 2.582737884534002104e-01
2.195000000000001616e+00 5.769246185864299603e-01
2.210000000000001741e+00 5.402782209332718244e-01
2.225000000000001865e+00 2.765368761832718847e-01
2.240000000000001990e+00 2.366701853889961460e-01
2.255000000000002114e+00 1.971288631909615119e-01
2.270000000000002238e+00 3.867081217965563644e-02
2.285000000000002363e+00 3.970989864504365086e-02
2.300000000000002487e+00 9.558299838853373531e-02
2.315000000000002611e+00 4.514661630747453247e-02
2.330000000000002736e+00 9.868283000465302712e-02
2.345000000000002860e+00 1.979850175820425939e-01
2.360000000000002984e+00 9.722330139085522127e-02
2.375000000000003109e+00 2.948109364563521371e-13
2.390000000000003233e+00 5.769259048652229647e-10
2.405000000000003357e+00 7.984750951745871184e-02
2.420000000000003482e+00 9.575058552621562601e-10
2.435000000000003606e+00 8.332832791632371380e-14
2.450000000000003730e+00 7.551657164104187230e-14
2.465000000000003855e+00 6.346659863115466058e-14
2.480000000000003979e+00 3.756212363804251661e-14
2.495000000000004103e+00 2.073274078736145037e-14
2.510000000000004228e+00 1.376884523362243878e-14
2.525000000000004352e+00 1.073280367853804561e-14
2.540000000000004476e+00 9.244240297360271489e-15
2.555000000000004601e+00 8.534092108151190293e-15
2.570000000000004725e+00 8.427307658356489254e-15
2.585000000000004849e+00 9.016085700278332339e-15
2.600000000000004974e+00 1.024210375660096464e-14
2.615000000000005098e+00 1.150534756050247711e-14
2.630000000000005222e+00 1.205926878424778271e-14
2.645000000000005347e+00 1.203454490481375311e-14
2.660000000000005471e+00 1.215770893441981518e-14
2.675000000000005596e+00 1.286277623699258004e-14
2.690000000000005720e+00 1.410314111545936281e-14
2.705000000000005844e+00 1.538724546535481479e-14
2.720000000000005969e+00 1.607754162283208977e-14
2.735000000000006093e+00 1.622366482595929721e-14
2.750000000000006217e+00 1.653322077845498509e-14
2.765000000000006342e+00 1.743182591397647649e-14
2.780000000000006466e+00 1.883706165921226929e-14
2.795000000000006590e+00 2.047866232661275524e-14
2.810000000000006715e+00 2.187562884527012595e-14
2.825000000000006839e+00 2.227147978900354206e-14
2.840000000000006963e+00 2.161631285844006689e-14
2.855000000000007088e+00 2.089568758560915897e-14
2.870000000000007212e+00 2.084918399616389502e-14
2.885000000000007336e+00 2.142512808205661390e-14
2.900000000000007461e+00 2.225337827801144952e-14
2.915000000000007585e+00 2.321104648997777207e-14
2.930000000000007709e+00 2.444024590129608688e-14
2.945000000000007834e+00 2.607240521723260855e-14
2.960000000000007958e+00 2.841167781481201821e-14
2.975000000000008082e+00 3.254193535320356380e-14
2.990000000000008207e+00 4.106959359654642315e-14
3.005000000000008331e+00 6.020349500330073947e-14
3.020000000000008455e+00 1.078432733281148498e-13
3.035000000000008580e+00 2.465510766572971601e-13
3.050000000000008704e+00 6.816706267934387605e-13
3.065000000000008828e+00 2.754789856411777965e-12
3.080000000000008953e+00 3.945904201923778938e-12
3.095000000000009077e+00 5.059193459021616418e-13
3.110000000000009202e+00 9.579001728389263670e-02
3.125000000000009326e+00 7.769335612130590096e-01
3.140000000000009450e+00 2.302001273038285944e+00
3.155000000000009575e+00 4.574907551383501136e+00
3.170000000000009699e+00 7.115349622678057706e+00
3.185000000000009823e+00 9.188340942428597558e+00
3.200000000000009948e+00 1.006992496300417983e+01
3.215000000000010072e+00 9.350473562709913367e+00
3.230000000000010196e+00 7.153157829479533270e+00
3.245000000000010321e+00 4.169999291566313104e+00
3.260000000000010445e+00 1.461474423078904961e+00
3.275000000000010569e+00 3.950229163337325849e-03
3.290000000000010694e+00 3.168366220755694727e-14
3.305000000000010818e+00 4.371924902764342632e-14
3.320000000000010942e+00 3.446121360344299434e-14
3.335000000000011067e+00 3.073914974921437678e-14
3.350000000000011191e+00 2.954846422353690496e-14
3.365000000000011315e+00 3.032745912475087864e-14
3.380000000000011440e+00 3.299546805485464218e-14
3.395000000000011564e+00 3.787062879411962339e-14
3.410000000000011688e+00 4.579718358041641459e-14
3.425000000000011813e+00 5.859507989642897498e-14
3.440000000000011937e+00 8.181302840389148673e-14
3.455000000000012061e+00 1.019242586401752403e-13
3.470000000000012186e+00 4.180975410606024282e-13
3.485000000000012310e+00 1.437816637338162340e-01
3.500000000000012434e+00 3.854809758578172652e-01
3.515000000000012559e+00 5.225699101588735518e-01
3.530000000000012683e+00 4.429063065395995591e-01
3.545000000000012808e+00 2.125952050049357278e-01
3.560000000000012932e+00 1.905345096161718821e-02
3.575000000000013056e+00 2.903777392279664431e-13
3.590000000000013181e+00 2.908017096498755508e-13
3.605000000000013305e+00 2.378741290181081143e-13
3.620000000000013429e+00 2.064628093844534484e-13
3.635000000000013554e+00 1.922476186886663573e-13
3.650000000000013678e+00 1.884200437659680279e-13
3.665000000000013802e+00 1.921664224372502805e-13
3.680000000000013927e+00 2.027638379743925295e-13
3.695000000000014051e+00 2.211620773087643105e-13
3.710000000000014175e+00 2.502683653002842209e-13
3.725000000000014300e+00 2.961973229102886413e-13
3.740000000000014424e+00 3.689037798131906435e-13
3.755000000000014548e+00 5.421686913538337173e-13
3.770000000000014673e+00 3.971234295313759086e-13
3.785000000000014797e+00 1.823018074680275044e-12
3.800000000000014921e+00 5.279784674508004871e-02
3.815000000000015046e+00 1.776604678021775352e-01
3.830000000000015170e+00 3.034546145886481416e-01
3.845000000000015294e+00 3.561799692003230766e-01
3.860000000000015419e+00 3.077705715064240066e-01
3.875000000000015543e+00 1.878263235373882067e-01
3.890000000000015667e+00 6.404753836920237808e-02
3.905000000000015792e+00 6.098435126144998067e-10
3.920000000000015916e+00 8.590852787520902755e-13
3.935000000000016041e+00 9.820882455985643958e-12
3.950000000000016165e+00 6.601085971980191579e-12
3.965000000000016289e+00 6.329348390591475018e-12
3.980000000000016414e+00 5.245796178254241153e-12
3.995000000000016538e+00 1.101607954512391063e-11
