2.800000000000000266e-01 8.801881366813661955e-01 7.610492531423904694e-01
2.880000000000000338e-01 8.811278173107202072e-01 7.614259195479251563e-01
2.960000000000000409e-01 8.864042958166139519e-01 7.618027723771119142e-01
3.040000000000000480e-01 8.974986762208396751e-01 7.621798117222172708e-01
3.120000000000000551e-01 9.081319475363514027e-01 7.625570376755536062e-01
3.200000000000000067e-01 9.224947541692174457e-01 7.629344503294791524e-01
3.280000000000000138e-01 9.281881868374215472e-01 7.633120497763975498e-01
3.360000000000000209e-01 9.334213621538909322e-01 7.636898361087584020e-01
3.440000000000000280e-01 9.461715036497935216e-01 7.640678094190570535e-01
3.520000000000000351e-01 9.555342539604285701e-01 7.644459697998344794e-01
3.600000000000000422e-01 9.700280381826024145e-01 7.648243173436776177e-01
3.679999999999999938e-01 9.787964105099679069e-01 7.652028521432190367e-01
3.760000000000000009e-01 9.801605735934181274e-01 7.655815742911373789e-01
3.840000000000000080e-01 9.865846940572700063e-01 7.659604838801570281e-01
3.920000000000000151e-01 9.935276547530950131e-01 7.663395810030482203e-01
4.000000000000000222e-01 1.000000000000000000e+00 7.667188657526273765e-01
4.080000000000000293e-01 9.986419869781518743e-01 7.670909431586879768e-01
4.160000000000000364e-01 9.945906602161382892e-01 7.667114743477899674e-01
4.240000000000000435e-01 9.877351499197969398e-01 7.663321932546320880e-01
4.320000000000000506e-01 9.821289561217207975e-01 7.659530997863532864e-01
4.400000000000000577e-01 9.770948197191404727e-01 7.655741938501381405e-01
4.480000000000000648e-01 9.719499448323264401e-01 7.651954753532174136e-01
4.560000000000000164e-01 9.586662583731216936e-01 7.648169442028674991e-01
4.640000000000000235e-01 9.440017268888377666e-01 7.644386003064106427e-01
4.720000000000000306e-01 9.382976705176893084e-01 7.640604435712151643e-01
4.800000000000000377e-01 9.314402409085655865e-01 7.636824739046951249e-01
4.879999999999999893e-01 9.242156485172137170e-01 7.633046912143102158e-01
4.959999999999999964e-01 9.115456157984791474e-01 7.629270954075662026e-01
5.040000000000000036e-01 8.994200276532373639e-01 7.625496863920143698e-01
5.120000000000000107e-01 8.889351839294769020e-01 7.621724640752517432e-01
5.200000000000000178e-01 8.820253176293946229e-01 7.617954283649212011e-01
5.280000000000000249e-01 8.788547951231741040e-01 7.614185791687113625e-01
5.360000000000000320e-01 8.683181840759987002e-01 7.610419163943561438e-01
5.440000000000000391e-01 8.550970954541945446e-01 7.606654399496355357e-01
5.520000000000000462e-01 8.438257057509879200e-01 7.602891497423748257e-01
5.600000000000000533e-01 8.367288886735050335e-01 7.599130456804450429e-01
5.680000000000000604e-01 8.319492310982909977e-01 7.595371276717629572e-01
5.760000000000000675e-01 8.226742650080742791e-01 7.591613956242905248e-01
5.840000000000000746e-01 8.101376166078170238e-01 7.587858494460354430e-01
5.920000000000000817e-01 8.008320636680369420e-01 7.584104890450509284e-01
6.000000000000000888e-01 7.918664815803307944e-01 7.580353143294357166e-01
6.080000000000000959e-01 7.847366769336523440e-01 7.576603252073338401e-01
6.160000000000001030e-01 7.794399726788014959e-01 7.572855215869348511e-01
6.239999999999999991e-01 7.684835716638124259e-01 7.569109033764738204e-01
6.320000000000000062e-01 7.582537417987027517e-01 7.565364704842311161e-01
6.400000000000000133e-01 7.512980021081044901e-01 7.561622228185325145e-01
6.480000000000000204e-01 7.464034511720625265e-01 7.557881602877490890e-01
6.560000000000000275e-01 7.408359796570277434e-01 7.554142828002970989e-01
6.640000000000000346e-01 7.333179347489227062e-01 7.550405902646385448e-01
6.720000000000000417e-01 7.236828922201249403e-01 7.546670825892802803e-01
6.800000000000000488e-01 7.167140551572891427e-01 7.542937596827747893e-01
6.879999999999999449e-01 7.163914369002206683e-01 7.539206214537192974e-01
6.959999999999999520e-01 7.142437580124720853e-01 7.535476678107567716e-01
7.039999999999999591e-01 7.064047957576771175e-01 7.531748986625750319e-01
7.119999999999999662e-01 7.004623954706454825e-01 7.528023139179071954e-01
7.199999999999999734e-01 6.951796875121960539e-01 7.524299134855314541e-01
7.279999999999999805e-01 6.937446062356326104e-01 7.520576972742712973e-01
7.359999999999999876e-01 6.971245536404901966e-01 7.516856651929950672e-01
7.439999999999999947e-01 6.941214654490236446e-01 7.513138171506164031e-01
7.520000000000000018e-01 6.902861402139069957e-01 7.509421530560940194e-01
7.600000000000000089e-01 6.852274254820254207e-01 7.505706728184312615e-01
7.680000000000000160e-01 6.863522135479466213e-01 7.501993763466771048e-01
7.760000000000000231e-01 6.902765729190725175e-01 7.498282635499250448e-01
7.840000000000000302e-01 6.927107428553008761e-01 7.494573343373137631e-01
7.920000000000000373e-01 6.893580530200645873e-01 7.490865886180267941e-01
8.000000000000000444e-01 6.843500461879381547e-01 7.487160263012927475e-01
8.080000000000000515e-01 6.858096384852616634e-01 7.483456472963849748e-01
8.160000000000000586e-01 6.910552001592893401e-01 7.479754515126215697e-01
8.240000000000000657e-01 6.940992539031731745e-01 7.476054388593660338e-01
8.320000000000000728e-01 6.936782277227417914e-01 7.472356092460261667e-01
8.400000000000000799e-01 6.924372178920394916e-01 7.468659625820547321e-01
8.479999999999999760e-01 6.928363298666607717e-01 7.464964987769492355e-01
8.559999999999999831e-01 6.974625490038958153e-01 7.461272177402522576e-01
8.639999999999999902e-01 7.058088576308000350e-01 7.457581193815508991e-01
8.719999999999999973e-01 7.086589948424509844e-01 7.453892036104767804e-01
8.800000000000000044e-01 7.057034586488359906e-01 7.450204703367065973e-01
8.880000000000000115e-01 7.073685394689813721e-01 7.446519194699614541e-01
8.960000000000000187e-01 7.130972471446969108e-01 7.442835509200074195e-01
9.040000000000000258e-01 7.192777849696730952e-01 7.439153645966548600e-01
9.120000000000000329e-01 7.269944067033055068e-01 7.435473604097588840e-01
9.200000000000000400e-01 7.235149443217043785e-01 7.431795382692194529e-01
9.280000000000000471e-01 7.256545800225626675e-01 7.428118980849804931e-01
9.360000000000000542e-01 7.315353843910105125e-01 7.424444397670312279e-01
9.440000000000000613e-01 7.386668002286748136e-01 7.420771632254046235e-01
9.520000000000000684e-01 7.426709684598722383e-01 7.417100683701789432e-01
9.600000000000000755e-01 7.422237574073921040e-01 7.413431551114764151e-01
9.679999999999999716e-01 7.431985131278263657e-01 7.409764233594636762e-01
9.759999999999999787e-01 7.440978950208552156e-01 7.406098730243523276e-01
9.839999999999999858e-01 7.534850211673040921e-01 7.402435040163978242e-01
9.919999999999999929e-01 7.598282244588233647e-01 7.398773162459002517e-01
1.000000000000000000e+00 7.629445922295998717e-01 7.395113096232039940e-01
1.008000000000000007e+00 7.605613760702042425e-01 7.391454840586980657e-01
1.016000000000000014e+00 7.607279689440750170e-01 7.387798394628154464e-01
1.024000000000000021e+00 7.669209802514269647e-01 7.384143757460336355e-01
1.032000000000000028e+00 7.743401877119086008e-01 7.380490928188742084e-01
1.040000000000000036e+00 7.757790350583977368e-01 7.376839905919034823e-01
1.048000000000000043e+00 7.729789908898130335e-01 7.373190689757312954e-01
1.056000000000000050e+00 7.715639161097685994e-01 7.369543278810123388e-01
1.064000000000000057e+00 7.767927657985227441e-01 7.365897672184450462e-01
1.072000000000000064e+00 7.796309585805398790e-01 7.362253868987724825e-01
1.080000000000000071e+00 7.841670871723076530e-01 7.358611868327814554e-01
1.088000000000000078e+00 7.793297443524913604e-01 7.354971669313031812e-01
1.096000000000000085e+00 7.765169473671938993e-01 7.351333271052128415e-01
1.104000000000000092e+00 7.741029907344826322e-01 7.347696672654296934e-01
1.112000000000000099e+00 7.799017893389323941e-01 7.344061873229170700e-01
1.120000000000000107e+00 7.820736007880780827e-01 7.340428871886826023e-01
1.128000000000000114e+00 7.813652652875325844e-01 7.336797667737774420e-01
1.136000000000000121e+00 7.739384484563704980e-01 7.333168259892972607e-01
1.144000000000000128e+00 7.695600731579742559e-01 7.329540647463813619e-01
1.152000000000000135e+00 7.733936194058911306e-01 7.325914829562132358e-01
1.160000000000000142e+00 7.739507249650939835e-01 7.322290805300201155e-01
1.168000000000000149e+00 7.697363221300044245e-01 7.318668573790733101e-01
1.176000000000000156e+00 7.624287529912928685e-01 7.315048134146877601e-01
1.184000000000000163e+00 7.566179975077265141e-01 7.311429485482225932e-01
1.192000000000000171e+00 7.585224417432576693e-01 7.307812626910806797e-01
1.200000000000000178e+00 7.585606276701005735e-01 7.304197557547087438e-01
1.208000000000000185e+00 7.530004042449611745e-01 7.300584276505971415e-01
1.216000000000000192e+00 7.475266954000100439e-01 7.296972782902800825e-01
1.223999999999999977e+00 7.401098521998276114e-01 7.293363075853357413e-01
1.231999999999999984e+00 7.401695665750519515e-01 7.289755154473858134e-01
1.239999999999999991e+00 7.403344177872619447e-01 7.286149017880958478e-01
1.247999999999999998e+00 7.411679622446073479e-01 7.282544665191749145e-01
1.256000000000000005e+00 7.322081586443167645e-01 7.278942095523760480e-01
1.264000000000000012e+00 7.228287105356933084e-01 7.275341307994955820e-01
1.272000000000000020e+00 7.195686565682640756e-01 7.271742301723738144e-01
1.280000000000000027e+00 7.232252363976117149e-01 7.268145075828943424e-01
1.288000000000000034e+00 7.210645691242971722e-01 7.264549629429846167e-01
1.296000000000000041e+00 7.150053892295878954e-01 7.260955961646154977e-01
1.304000000000000048e+00 7.058200696048748668e-01 7.257364071598015887e-01
1.312000000000000055e+00 7.048275768488344584e-01 7.253773958406007916e-01
1.320000000000000062e+00 7.034856248862172423e-01 7.250185621191146401e-01
1.328000000000000069e+00 7.064645367346314986e-01 7.246599059074879667e-01
1.336000000000000076e+00 7.013608153245429744e-01 7.243014271179093466e-01
1.344000000000000083e+00 6.930409790696436811e-01 7.239431256626105426e-01
1.352000000000000091e+00 6.914887311529218650e-01 7.235850014538670605e-01
1.360000000000000098e+00 6.920355657208906441e-01 7.232270544039972604e-01
1.368000000000000105e+00 6.953366997809338201e-01 7.228692844253635785e-01
1.376000000000000112e+00 6.931912045110701914e-01 7.225116914303710836e-01
1.384000000000000119e+00 6.889197883827163915e-01 7.221542753314688090e-01
1.392000000000000126e+00 6.813260499946898197e-01 7.217970360411486430e-01
1.400000000000000133e+00 6.865191852859835464e-01 7.214399734719459945e-01
1.407999999999999918e+00 6.891741714825002640e-01 7.210830875364394599e-01
1.415999999999999925e+00 6.931035846166512249e-01 7.207263781472509345e-01
1.423999999999999932e+00 6.882617214027580976e-01 7.203698452170455013e-01
1.431999999999999940e+00 6.837098132448732324e-01 7.200134886585313199e-01
1.439999999999999947e+00 6.842221631691877137e-01 7.196573083844600704e-01
1.447999999999999954e+00 6.901854894758325809e-01 7.193013043076261770e-01
1.455999999999999961e+00 6.925218230143533882e-01 7.189454763408676952e-01
1.463999999999999968e+00 6.930909528137706443e-01 7.185898243970652022e-01
1.471999999999999975e+00 6.918280845496888043e-01 7.182343483891429070e-01
1.479999999999999982e+00 6.861105729620414762e-01 7.178790482300676512e-01
1.487999999999999989e+00 6.912806659958012911e-01 7.175239238328496860e-01
1.495999999999999996e+00 6.983110526292899412e-01 7.171689751105422284e-01
1.504000000000000004e+00 6.973472772025712807e-01 7.168142019762414607e-01
1.512000000000000011e+00 6.975498436518450251e-01 7.164596043430861982e-01
1.520000000000000018e+00 6.973417042646210540e-01 7.161051821242589988e-01
1.528000000000000025e+00 7.008578010349179044e-01 7.157509352329846086e-01
1.536000000000000032e+00 7.094555775408918352e-01 7.153968635825311839e-01
1.544000000000000039e+00 7.140331393822157979e-01 7.150429670862095133e-01
1.552000000000000046e+00 7.102756500632159131e-01 7.146892456573735730e-01
1.560000000000000053e+00 7.081057085633720716e-01 7.143356992094197500e-01
1.568000000000000060e+00 7.099934374054053254e-01 7.139823276557876186e-01
1.576000000000000068e+00 7.162906471385680485e-01 7.136291309099596081e-01
1.584000000000000075e+00 7.205688264986193081e-01 7.132761088854606690e-01
1.592000000000000082e+00 7.235134815639729933e-01 7.129232614958588288e-01
1.600000000000000089e+00 7.157501561585486449e-01 7.125705886547645251e-01
1.608000000000000096e+00 7.220097034492616306e-01 7.122180902758312726e-01
1.616000000000000103e+00 7.267075178864077500e-01 7.118657662727552182e-01
1.624000000000000110e+00 7.311875308205469937e-01 7.115136165592750306e-01
1.632000000000000117e+00 7.338163282861689396e-01 7.111616410491721219e-01
1.640000000000000124e+00 7.288928579469445834e-01 7.108098396562706478e-01
1.648000000000000131e+00 7.290443225788056925e-01 7.104582122944373967e-01
1.655999999999999917e+00 7.339685219411075101e-01 7.101067588775817896e-01
1.663999999999999924e+00 7.392286742097233798e-01 7.097554793196555467e-01
1.671999999999999931e+00 7.406893173292892207e-01 7.094043735346533541e-01
1.679999999999999938e+00 7.365732361818605467e-01 7.090534414366119753e-01
1.687999999999999945e+00 7.346728785511487114e-01 7.087026829396113614e-01
1.695999999999999952e+00 7.376507670506469161e-01 7.083520979577733190e-01
1.703999999999999959e+00 7.419504070648788030e-01 7.080016864052625092e-01
1.711999999999999966e+00 7.446533288390324579e-01 7.076514481962860037e-01
1.719999999999999973e+00 7.391414731117132986e-01 7.073013832450930627e-01
1.727999999999999980e+00 7.375193732568102734e-01 7.069514914659755789e-01
1.735999999999999988e+00 7.348097045431167817e-01 7.066017727732680775e-01
1.743999999999999995e+00 7.374118369765921832e-01 7.062522270813470504e-01
1.752000000000000002e+00 7.374221491576018472e-01 7.059028543046315107e-01
1.760000000000000009e+00 7.371902157536204259e-01 7.055536543575827713e-01
1.768000000000000016e+00 7.323470601350516862e-01 7.052046271547045553e-01
1.776000000000000023e+00 7.296129383345008046e-01 7.048557726105427745e-01
1.784000000000000030e+00 7.309492379533902850e-01 7.045070906396856403e-01
1.792000000000000037e+00 7.337219610339307252e-01 7.041585811567636632e-01
1.800000000000000044e+00 7.293348989422290263e-01 7.038102440764496537e-01
1.808000000000000052e+00 7.236279333895511146e-01 7.034620793134583883e-01
1.816000000000000059e+00 7.179591966764704569e-01 7.031140867825469432e-01
1.824000000000000066e+00 7.195923051147600225e-01 7.027662663985146940e-01
1.832000000000000073e+00 7.214064588466170269e-01 7.024186180762030940e-01
1.840000000000000080e+00 7.203032653083850656e-01 7.020711417304956736e-01
1.848000000000000087e+00 7.121997828333858083e-01 7.017238372763179299e-01
1.856000000000000094e+00 7.079982924321279736e-01 7.013767046286378815e-01
1.864000000000000101e+00 7.064719826495614585e-01 7.010297437024650691e-01
1.872000000000000108e+00 7.082750810237362638e-01 7.006829544128515552e-01
1.880000000000000115e+00 7.072552113883543434e-01 7.003363366748910357e-01
1.888000000000000123e+00 7.017275177198265546e-01 6.999898904037196168e-01
1.896000000000000130e+00 6.937014673789456687e-01 6.996436155145148161e-01
1.904000000000000137e+00 6.915558652717538335e-01 6.992975119224967839e-01
1.911999999999999922e+00 6.928760227269130656e-01 6.989515795429270817e-01
1.919999999999999929e+00 6.952965842559932774e-01 6.986058182911094594e-01
1.927999999999999936e+00 6.884171263191422030e-01 6.982602280823894114e-01
1.935999999999999943e+00 6.840753652341807767e-01 6.979148088321545096e-01
1.943999999999999950e+00 6.807155547506981152e-01 6.975695604558340701e-01
1.951999999999999957e+00 6.801154849501660493e-01 6.972244828688990426e-01
1.959999999999999964e+00 6.805352045521128046e-01 6.968795759868624540e-01
1.967999999999999972e+00 6.821917075427151866e-01 6.965348397252791868e-01
1.975999999999999979e+00 6.746397954449151468e-01 6.961902739997456457e-01
1.983999999999999986e+00 6.720652115094556400e-01 6.958458787259002021e-01
1.991999999999999993e+00 6.734830534696344406e-01 6.955016538194227493e-01
2.000000000000000000e+00 6.765654939607315121e-01 6.951575991960351475e-01
2.008000000000000007e+00 6.738196298313594568e-01 6.948137147715006678e-01
2.016000000000000014e+00 6.710932590075143755e-01 6.944700004616245481e-01
2.024000000000000021e+00 6.678419871292177179e-01 6.941264561822533263e-01
2.032000000000000028e+00 6.683438210392979029e-01 6.937830818492755069e-01
2.040000000000000036e+00 6.699172648679514452e-01 6.934398773786211168e-01
2.048000000000000043e+00 6.747110865128713719e-01 6.930968426862615939e-01
2.056000000000000050e+00 6.720277412697874819e-01 6.927539776882102318e-01
2.064000000000000057e+00 6.688730949073014020e-01 6.924112823005214024e-01
2.072000000000000064e+00 6.683604669358302885e-01 6.920687564392916657e-01
2.080000000000000071e+00 6.683764065629498319e-01 6.917264000206584385e-01
2.088000000000000078e+00 6.725403310643374155e-01 6.913842129608011033e-01
2.096000000000000085e+00 6.712477070617887120e-01 6.910421951759402326e-01
2.104000000000000092e+00 6.696503117405172567e-01 6.907003465823379207e-01
2.112000000000000099e+00 6.729227327834019778e-01 6.903586670962977845e-01
2.120000000000000107e+00 6.738986783348329679e-01 6.900171566341646301e-01
2.128000000000000114e+00 6.782693545647178190e-01 6.896758151123248970e-01
2.136000000000000121e+00 6.787483534667986262e-01 6.893346424472062139e-01
2.144000000000000128e+00 6.777694047400153465e-01 6.889936385552776210e-01
2.152000000000000135e+00 6.781520733695388659e-01 6.886528033530493476e-01
2.160000000000000142e+00 6.776296966040462610e-01 6.883121367570731453e-01
2.168000000000000149e+00 6.821679607414421476e-01 6.879716386839419551e-01
2.176000000000000156e+00 6.812531729950452863e-01 6.876313090502897962e-01
2.184000000000000163e+00 6.870904360524163756e-01 6.872911477727922103e-01
2.192000000000000171e+00 6.851798176928765027e-01 6.869511547681659280e-01
2.200000000000000178e+00 6.859160827372905445e-01 6.866113299531687586e-01
2.208000000000000185e+00 6.877852386617501201e-01 6.862716732445995893e-01
2.216000000000000192e+00 6.945623007502135238e-01 6.859321845592986078e-01
2.224000000000000199e+00 6.939560508498252567e-01 6.855928638141473019e-01
2.232000000000000206e+00 6.922978692990534588e-01 6.852537109260679049e-01
2.240000000000000213e+00 6.933654578366902355e-01 6.849147258120240611e-01
2.248000000000000220e+00 6.971154407661863672e-01 6.845759083890203822e-01
2.256000000000000227e+00 7.002979347166595758e-01 6.842372585741024471e-01
2.264000000000000234e+00 7.000408947240697177e-01 6.838987762843571350e-01
2.272000000000000242e+00 7.003593723053052056e-01 6.835604614369118481e-01
2.280000000000000249e+00 7.022702940103799918e-01 6.832223139489356223e-01
2.288000000000000256e+00 7.003616593293846559e-01 6.828843337376380163e-01
2.296000000000000263e+00 7.015008581961669210e-01 6.825465207202696671e-01
2.304000000000000270e+00 7.039457462258804643e-01 6.822088748141221792e-01
2.312000000000000277e+00 7.051198742722925017e-01 6.818713959365280131e-01
2.320000000000000284e+00 7.024524652251944445e-01 6.815340840048604854e-01
2.328000000000000291e+00 7.013775136001054733e-01 6.811969389365339911e-01
2.336000000000000298e+00 7.042106311701322729e-01 6.808599606490036704e-01
2.344000000000000306e+00 7.063247955475538964e-01 6.805231490597651867e-01
2.352000000000000313e+00 7.053680489488591832e-01 6.801865040863557255e-01
2.360000000000000320e+00 7.028888564780643167e-01 6.798500256463525515e-01
2.368000000000000327e+00 6.994749221299078057e-01 6.795137136573740078e-01
2.376000000000000334e+00 6.991216320734066070e-01 6.791775680370794044e-01
2.384000000000000341e+00 7.039752895431814483e-01 6.788415887031682416e-01
2.392000000000000348e+00 7.009200748874249154e-01 6.785057755733813201e-01
2.400000000000000355e+00 6.987757883245100388e-01 6.781701285654996303e-01
2.408000000000000362e+00 6.964033035837218222e-01 6.778346475973451302e-01
2.416000000000000369e+00 6.952551763290725217e-01 6.774993325867804117e-01
2.424000000000000377e+00 6.942290008603404505e-01 6.771641834517087011e-01
2.432000000000000384e+00 6.935792255200586842e-01 6.768292001100737476e-01
2.440000000000000391e+00 6.917466490457275796e-01 6.764943824798599348e-01
2.448000000000000398e+00 6.877926459221846978e-01 6.761597304790921692e-01
2.456000000000000405e+00 6.843524348871478091e-01 6.758252440258359917e-01
2.464000000000000412e+00 6.861076959465484126e-01 6.754909230381973551e-01
2.472000000000000419e+00 6.878527610759863631e-01 6.751567674343229575e-01
2.480000000000000426e+00 6.862551220296760901e-01 6.748227771323997981e-01
2.488000000000000433e+00 6.822749730839497984e-01 6.744889520506552882e-01
2.496000000000000441e+00 6.769325069969203135e-01 6.741552921073574733e-01
2.504000000000000448e+00 6.749838473092024671e-01 6.738217972208148110e-01
2.512000000000000455e+00 6.732169267511538546e-01 6.734884673093759488e-01
2.520000000000000462e+00 6.737872112080679488e-01 6.731553022914301687e-01
2.528000000000000469e+00 6.711881737526481650e-01 6.728223020854070535e-01
2.535999999999999588e+00 6.675465509406578457e-01 6.724894666097765983e-01
2.543999999999999595e+00 6.633376678414062422e-01 6.721567957830488771e-01
2.551999999999999602e+00 6.663196107554307801e-01 6.718242895237745982e-01
2.559999999999999609e+00 6.653595211509113483e-01 6.714919477505445489e-01
2.567999999999999616e+00 6.639602152023943438e-01 6.711597703819899285e-01
2.575999999999999623e+00 6.633973037013159990e-01 6.708277573367820157e-01
2.583999999999999631e+00 6.566319448877656617e-01 6.704959085336325009e-01
2.591999999999999638e+00 6.585933144727039723e-01 6.701642238912931537e-01
2.599999999999999645e+00 6.591178838501736692e-01 6.698327033285561560e-01
2.607999999999999652e+00 6.579640098720369590e-01 6.695013467642534355e-01
2.615999999999999659e+00 6.542449484792449699e-01 6.691701541172575540e-01
2.623999999999999666e+00 6.508305726052717732e-01 6.688391253064808195e-01
2.631999999999999673e+00 6.511444795870010571e-01 6.685082602508759519e-01
2.639999999999999680e+00 6.501630301601346584e-01 6.681775588694356394e-01
2.647999999999999687e+00 6.533822159637178162e-01 6.678470210811925378e-01
2.655999999999999694e+00 6.520993622391936251e-01 6.675166468052194935e-01
2.663999999999999702e+00 6.480083190226617607e-01 6.671864359606293204e-01
2.671999999999999709e+00 6.464600748846288658e-01 6.668563884665749120e-01
2.679999999999999716e+00 6.498941684720269674e-01 6.665265042422491293e-01
2.687999999999999723e+00 6.499648798540988981e-01 6.661967832068848017e-01
2.695999999999999730e+00 6.487495026438070411e-01 6.658672252797547264e-01
2.703999999999999737e+00 6.448363638090925942e-01 6.655378303801714468e-01
2.711999999999999744e+00 6.465345965432994779e-01 6.652085984274879182e-01
2.719999999999999751e+00 6.498476625875365675e-01 6.648795293410962870e-01
2.727999999999999758e+00 6.514399659540379695e-01 6.645506230404291115e-01
2.735999999999999766e+00 6.533106425526129524e-01 6.642218794449586960e-01
2.743999999999999773e+00 6.518869676184207984e-01 6.638932984741970911e-01
2.751999999999999780e+00 6.508457656299755367e-01 6.635648800476963149e-01
2.759999999999999787e+00 6.486443254738184505e-01 6.632366240850479100e-01
2.767999999999999794e+00 6.546465753210205518e-01 6.629085305058832756e-01
2.775999999999999801e+00 6.567869554776463170e-01 6.625805992298738900e-01
2.783999999999999808e+00 6.570705407730352832e-01 6.622528301767306447e-01
2.791999999999999815e+00 6.550816977702190735e-01 6.619252232662040658e-01
2.799999999999999822e+00 6.536885993962321395e-01 6.615977784180847587e-01
2.807999999999999829e+00 6.608862049481872836e-01 6.612704955522027417e-01
2.815999999999999837e+00 6.630821498033740991e-01 6.609433745884276679e-01
2.823999999999999844e+00 6.616921996028174435e-01 6.606164154466689364e-01
2.831999999999999851e+00 6.607718578119412545e-01 6.602896180468755816e-01
2.839999999999999858e+00 6.624135333613553334e-01 6.599629823090360503e-01
2.847999999999999865e+00 6.612245161025676055e-01 6.596365081531786467e-01
2.855999999999999872e+00 6.662844502908114031e-01 6.593101954993710878e-01
2.863999999999999879e+00 6.674083994942533460e-01 6.589840442677205035e-01
2.871999999999999886e+00 6.659877457343785778e-01 6.586580543783738806e-01
2.879999999999999893e+00 6.648800335277437190e-01 6.583322257515173970e-01
2.887999999999999901e+00 6.659667433460988439e-01 6.580065583073768654e-01
2.895999999999999908e+00 6.707442971126610365e-01 6.576810519662175114e-01
2.903999999999999915e+00 6.700834895933790447e-01 6.573557066483439737e-01
2.911999999999999922e+00 6.695581161005652593e-01 6.570305222741005258e-01
2.919999999999999929e+00 6.687859697529400238e-01 6.567054987638704100e-01
2.927999999999999936e+00 6.694215046561974303e-01 6.563806360380767257e-01
2.935999999999999943e+00 6.693678502210742565e-01 6.560559340171816523e-01
2.943999999999999950e+00 6.725169747091598316e-01 6.557313926216868927e-01
2.951999999999999957e+00 6.734454128863436306e-01 6.554070117721332300e-01
2.959999999999999964e+00 6.705031474160527694e-01 6.550827913891009713e-01
2.967999999999999972e+00 6.712294212191539655e-01 6.547587313932097253e-01
2.975999999999999979e+00 6.717299386998847321e-01 6.544348317051181807e-01
2.983999999999999986e+00 6.714562661021943324e-01 6.541110922455244392e-01
2.991999999999999993e+00 6.732209850299167853e-01 6.537875129351656822e-01
3.000000000000000000e+00 6.699011832273086275e-01 6.534640936948186152e-01
3.008000000000000007e+00 6.641739086677879156e-01 6.531408344452986903e-01
3.016000000000000014e+00 6.691395498743253345e-01 6.528177351074608836e-01
3.024000000000000021e+00 6.669070924943095724e-01 6.524947956021991402e-01
3.032000000000000028e+00 6.689776867853238773e-01 6.521720158504465958e-01
3.040000000000000036e+00 6.690861189903276607e-01 6.518493957731754662e-01
3.048000000000000043e+00 6.625637257705399019e-01 6.515269352913971579e-01
3.056000000000000050e+00 6.601239558399663032e-01 6.512046343261621573e-01
3.064000000000000057e+00 6.624191805496230101e-01 6.508824927985598086e-01
3.072000000000000064e+00 6.615393670530398396e-01 6.505605106297186468e-01
3.080000000000000071e+00 6.576717300306121894e-01 6.502386877408060650e-01
3.088000000000000078e+00 6.563033718009025907e-01 6.499170240530288689e-01
3.096000000000000085e+00 6.538405913753756460e-01 6.495955194876322780e-01
3.104000000000000092e+00 6.527112503027624468e-01 6.492741739659009248e-01
3.112000000000000099e+00 6.557357296393157009e-01 6.489529874091581885e-01
3.120000000000000107e+00 6.521541198311180398e-01 6.486319597387663061e-01
3.128000000000000114e+00 6.519508694505119495e-01 6.483110908761264835e-01
3.136000000000000121e+00 6.446903107777798292e-01 6.479903807426790063e-01
3.144000000000000128e+00 6.440150581206952607e-01 6.476698292599025741e-01
3.152000000000000135e+00 6.483755714663355096e-01 6.473494363493152992e-01
3.160000000000000142e+00 6.448035916146227509e-01 6.470292019324733745e-01
3.168000000000000149e+00 6.408631462893429331e-01 6.467091259309726281e-01
3.176000000000000156e+00 6.404778688527466013e-01 6.463892082664471905e-01
3.184000000000000163e+00 6.395160358824543145e-01 6.460694488605699393e-01
3.192000000000000171e+00 6.396153564599064145e-01 6.457498476350527206e-01
3.200000000000000178e+00 6.409974381199255999e-01 6.454304045116456834e-01
3.208000000000000185e+00 6.346581459179717610e-01 6.451111194121385006e-01
3.216000000000000192e+00 6.320192675468961907e-01 6.447919922583587038e-01
3.224000000000000199e+00 6.294291825134508134e-01 6.444730229721730153e-01
3.232000000000000206e+00 6.310754814327282913e-01 6.441542114754863491e-01
3.240000000000000213e+00 6.330803923583906423e-01 6.438355576902426991e-01
3.248000000000000220e+00 6.305978272779677596e-01 6.435170615384244730e-01
3.256000000000000227e+00 6.292317552007410386e-01 6.431987229420527141e-01
3.264000000000000234e+00 6.263069015276725438e-01 6.428805418231869906e-01
3.272000000000000242e+00 6.281354330348867254e-01 6.425625181039253953e-01
3.280000000000000249e+00 6.284824683188923178e-01 6.422446517064046567e-01
3.288000000000000256e+00 6.282815890258148794e-01 6.419269425528000284e-01
3.296000000000000263e+00 6.274064195249778875e-01 6.416093905653252882e-01
3.304000000000000270e+00 6.258877860747772415e-01 6.412919956662324061e-01
3.312000000000000277e+00 6.236349111518689758e-01 6.409747577778122096e-01
3.320000000000000284e+00 6.274282697954333132e-01 6.406576768223937179e-01
3.328000000000000291e+00 6.256919287956204112e-01 6.403407527223443640e-01
3.336000000000000298e+00 6.258056455926263029e-01 6.400239854000701056e-01
3.344000000000000306e+00 6.265314963181501939e-01 6.397073747780154251e-01
3.352000000000000313e+00 6.268506728895995028e-01 6.393909207786626636e-01
3.360000000000000320e+00 6.234191902747892033e-01 6.390746233245332419e-01
3.368000000000000327e+00 6.273172759664985554e-01 6.387584823381861066e-01
3.376000000000000334e+00 6.290481426973747459e-01 6.384424977422190617e-01
3.384000000000000341e+00 6.292752403264982863e-01 6.381266694592679922e-01
3.392000000000000348e+00 6.274917863031986842e-01 6.378109974120073078e-01
3.400000000000000355e+00 6.263853167127417798e-01 6.374954815231491656e-01
3.408000000000000362e+00 6.307486165340951967e-01 6.371801217154445807e-01
3.416000000000000369e+00 6.310515526978178746e-01 6.368649179116822046e-01
3.424000000000000377e+00 6.318181694290930794e-01 6.365498700346892136e-01
3.432000000000000384e+00 6.329949033088043686e-01 6.362349780073309757e-01
3.440000000000000391e+00 6.331583518465293547e-01 6.359202417525107176e-01
3.448000000000000398e+00 6.350816805148312705e-01 6.356056611931703015e-01
3.456000000000000405e+00 6.364027480834086870e-01 6.352912362522892264e-01
3.464000000000000412e+00 6.351495500872528233e-01 6.349769668528852939e-01
3.472000000000000419e+00 6.361000539513935736e-01 6.346628529180144973e-01
3.480000000000000426e+00 6.339535666324442875e-01 6.343488943707706884e-01
3.488000000000000433e+00 6.368124799034760031e-01 6.340350911342857998e-01
3.496000000000000441e+00 6.395763492647461579e-01 6.337214431317299557e-01
3.504000000000000448e+00 6.403003300369254358e-01 6.334079502863111388e-01
3.512000000000000455e+00 6.387305673175474041e-01 6.330946125212753017e-01
3.520000000000000462e+00 6.395834085573890437e-01 6.327814297599063664e-01
3.528000000000000469e+00 6.388665724796915857e-01 6.324684019255265577e-01
3.535999999999999588e+00 6.423406485712511715e-01 6.321555289414954037e-01
3.543999999999999595e+00 6.422645603276802007e-01 6.318428107312108466e-01
3.551999999999999602e+00 6.422017101961660090e-01 6.315302472181084648e-01
3.559999999999999609e+00 6.402052779884966904e-01 6.312178383256618064e-01
3.567999999999999616e+00 6.389655261958810950e-01 6.309055839773822782e-01
3.575999999999999623e+00 6.426604086914736724e-01 6.305934840968191457e-01
3.583999999999999631e+00 6.410802106279098744e-01 6.302815386075594217e-01
3.591999999999999638e+00 6.416576187567054612e-01 6.299697474332280889e-01
3.599999999999999645e+00 6.394743833777647435e-01 6.296581104974875442e-01
3.607999999999999652e+00 6.392518666536770588e-01 6.293466277240382656e-01
3.615999999999999659e+00 6.397444701134928913e-01 6.290352990366185892e-01
3.623999999999999666e+00 6.415128169443354844e-01 6.287241243590041551e-01
3.631999999999999673e+00 6.387560356173487275e-01 6.284131036150085725e-01
3.639999999999999680e+00 6.375168596652470709e-01 6.281022367284830876e-01
3.647999999999999687e+00 6.370479176452936709e-01 6.277915236233168050e-01
3.655999999999999694e+00 6.368073639375082529e-01 6.274809642234361329e-01
3.663999999999999702e+00 6.361946494542050079e-01 6.271705584528053379e-01
3.671999999999999709e+00 6.363260462528104178e-01 6.268603062354262123e-01
3.679999999999999716e+00 6.341967896757803036e-01 6.265502074953382960e-01
3.687999999999999723e+00 6.330512897168715236e-01 6.262402621566184324e-01
3.695999999999999730e+00 6.302497707687854112e-01 6.259304701433813234e-01
3.703999999999999737e+00 6.297996449516035655e-01 6.256208313797789744e-01
3.711999999999999744e+00 6.326956847487279489e-01 6.253113457900010275e-01
3.719999999999999751e+00 6.323336229153617705e-01 6.250020132982746501e-01
3.727999999999999758e+00 6.284339139933774465e-01 6.246928338288643134e-01
3.735999999999999766e+00 6.248361405940459079e-01 6.243838073060722360e-01
3.743999999999999773e+00 6.235970980958260856e-01 6.240749336542379400e-01
3.751999999999999780e+00 6.224730454713661709e-01 6.237662127977382509e-01
3.759999999999999787e+00 6.261309280149617296e-01 6.234576446609876310e-01
3.767999999999999794e+00 6.246414645835494106e-01 6.231492291684377349e-01
3.775999999999999801e+00 6.213196645278273866e-01 6.228409662445777428e-01
3.783999999999999808e+00 6.172711457120538814e-01 6.225328558139340274e-01
3.791999999999999815e+00 6.179471612691024296e-01 6.222248978010704867e-01
3.799999999999999822e+00 6.206930434378676864e-01 6.219170921305884336e-01
3.807999999999999829e+00 6.184431403338819244e-01 6.216094387271259292e-01
3.815999999999999837e+00 6.145513711872031548e-01 6.213019375153588930e-01
3.823999999999999844e+00 6.141356914130845501e-01 6.209945884200002153e-01
3.831999999999999851e+00 6.125525605589017264e-01 6.206873913658000896e-01
3.839999999999999858e+00 6.120392889608015086e-01 6.203803462775460131e-01
3.847999999999999865e+00 6.128205632173550077e-01 6.200734530800626754e-01
3.855999999999999872e+00 6.094000703234554450e-01 6.197667116982118474e-01
3.863999999999999879e+00 6.080473058822030152e-01 6.194601220568924926e-01
3.871999999999999886e+00 6.076538711287130523e-01 6.191536840810406561e-01
3.879999999999999893e+00 6.101814879211411302e-01 6.188473976956299083e-01
3.887999999999999901e+00 6.118331195006350143e-01 6.185412628256704570e-01
3.895999999999999908e+00 6.085284502090764214e-01 6.182352793962098136e-01
3.903999999999999915e+00 6.048074961254464865e-01 6.179294473323326820e-01
3.911999999999999922e+00 6.034969788999591245e-01 6.176237665591604031e-01
3.919999999999999929e+00 6.060857217725739154e-01 6.173182370018519549e-01
3.927999999999999936e+00 6.074844119793294528e-01 6.170128585856028414e-01
3.935999999999999943e+00 6.088232552164468681e-01 6.167076312356458700e-01
3.943999999999999950e+00 6.049462474289533098e-01 6.164025548772505969e-01
3.951999999999999957e+00 6.031532681546721841e-01 6.160976294357238814e-01
3.959999999999999964e+00 6.036555384499328047e-01 6.157928548364092203e-01
3.967999999999999972e+00 6.044374331530858457e-01 6.154882310046870808e-01
3.975999999999999979e+00 6.063119311730424954e-01 6.151837578659750116e-01
3.983999999999999986e+00 6.078377801045661277e-01 6.148794353457273099e-01
3.991999999999999993e+00 6.020398375020925563e-01 6.145752633694351319e-01
4.000000000000000000e+00 6.025481591832031469e-01 6.142712418626268267e-01
4.008000000000000007e+00 6.055719498431577641e-01 6.139673707508669365e-01
4.016000000000000014e+00 6.084048816220484213e-01 6.136636499597575289e-01
4.024000000000000021e+00 6.077677818474362947e-01 6.133600794149368651e-01
4.032000000000000028e+00 6.056401785578019448e-01 6.130566590420805095e-01
4.040000000000000036e+00 6.036128200978095881e-01 6.127533887669004420e-01
4.048000000000000043e+00 6.064765918892783825e-01 6.124502685151455017e-01
4.056000000000000050e+00 6.129851342721454044e-01 6.121472982126013873e-01
4.064000000000000057e+00 6.113888163761939110e-01 6.118444777850902128e-01
4.072000000000000064e+00 6.089172165616000276e-01 6.115418071584711734e-01
4.080000000000000071e+00 6.061331158762858218e-01 6.112392862586396580e-01
4.088000000000000078e+00 6.041444127551682808e-01 6.109369150115281366e-01
4.096000000000000085e+00 6.099941771541783631e-01 6.106346933431057167e-01
4.104000000000000092e+00 6.116412003714813972e-01 6.103326211793778100e-01
4.112000000000000099e+00 6.094501865357705439e-01 6.100306984463865767e-01
