2.000000000000000000e+00 5.365576081707418288e-01
2.015000000000000124e+00 5.203792162399358823e-01
2.030000000000000249e+00 4.718558054110977840e-01
2.045000000000000373e+00 3.912052607522735204e-01
2.060000000000000497e+00 3.267609071277323141e-01
2.075000000000000622e+00 2.141992413078429303e-01
2.090000000000000746e+00 9.146323132156397584e-02
2.105000000000000870e+00 7.130639158880920647e-02
2.120000000000000995e+00 3.367310417352854107e-02
2.135000000000001119e+00 3.658735580597673386e-11
2.150000000000001243e+00 1.121838938889818310e-11
2.165000000000001368e+00 2.744461186853418279e-11
2.180000000000001492e+00 2.755683084968908743e-11
2.195000000000001616e+00 1.078030062075723592e-11
2.210000000000001741e+00 8.432358265282473249e-12
2.225000000000001865e+00 5.723431720338828529e-12
2.240000000000001990e+00 4.174652390808607292e-12
2.255000000000002114e+00 3.043247390945311547e-12
2.270000000000002238e+00 2.202950037536211003e-12
2.285000000000002363e+00 2.035446030854031010e-12
2.300000000000002487e+00 1.990116159749163023e-12
2.315000000000002611e+00 1.564932531156501049e-12
2.330000000000002736e+00 1.209319800506018679e-12
2.345000000000002860e+00 1.063855381746076967e-12
2.360000000000002984e+00 9.587254169176999024e-13
2.375000000000003109e+00 8.558508606472667140e-13
2.390000000000003233e+00 7.749876295288817637e-13
2.405000000000003357e+00 7.039836547583528204e-13
2.420000000000003482e+00 6.209195420206372454e-13
2.435000000000003606e+00 5.445289441036757518e-13
2.450000000000003730e+00 4.862794243436839789e-13
2.465000000000003855e+00 4.376191782223557729e-13
2.480000000000003979e+00 3.915228283964465060e-13
2.495000000000004103e+00 3.513969184515196566e-13
2.510000000000004228e+00 3.177923096690910030e-13
2.525000000000004352e+00 2.897021669477818634e-13
2.540000000000004476e+00 2.673707738001174143e-13
2.555000000000004601e+00 2.535785085655490565e-13
2.570000000000004725e+00 2.504552065307844339e-13
2.585000000000004849e+00 2.568349044584380992e-13
2.600000000000004974e+00 2.676597144345933742e-13
2.615000000000005098e+00 2.764337013755152577e-13
2.630000000000005222e+00 2.811892426451932129e-13
2.645000000000005347e+00 2.851561939795284762e-13
2.660000000000005471e+00 2.921016425625687275e-13
2.675000000000005596e+00 3.026947799232604375e-13
2.690000000000005720e+00 3.137075579692560141e-13
2.705000000000005844e+00 3.212605569190672441e-13
2.720000000000005969e+00 3.247630374230684751e-13
2.735000000000006093e+00 3.271692335605573031e-13
2.750000000000006217e+00 3.327718174463327034e-13
2.765000000000006342e+00 3.441135785451387156e-13
2.780000000000006466e+00 3.596237583457576882e-13
2.795000000000006590e+00 3.744759515248868811e-13
2.810000000000006715e+00 3.843988431033261579e-13
2.825000000000006839e+00 3.887482934297393443e-13
2.840000000000006963e+00 3.905893161828377647e-13
2.855000000000007088e+00 3.945956900820064565e-13
2.870000000000007212e+00 4.040910079232131812e-13
2.885000000000007336e+00 4.191298842986048280e-13
2.900000000000007461e+00 4.371270630423128140e-13
2.915000000000007585e+00 4.555183645786461382e-13
2.930000000000007709e+00 4.739230536039966542e-13
2.945000000000007834e+00 4.941668514980262126e-13
2.960000000000007958e+00 5.195889330495521217e-13
2.975000000000008082e+00 5.550384827358025337e-13
2.990000000000008207e+00 6.069237567901272813e-13
3.005000000000008331e+00 6.826872163086071203e-13
3.020000000000008455e+00 7.901289328110982021e-13
3.035000000000008580e+00 9.372112673053610967e-13
3.050000000000008704e+00 1.132996539746575630e-12
3.065000000000008828e+00 1.390385512059359242e-12
3.080000000000008953e+00 1.734764068654796174e-12
3.095000000000009077e+00 1.895123787678803765e-12
3.110000000000009202e+00 2.418467930227777742e-12
3.125000000000009326e+00 4.218728713712555090e-01
3.140000000000009450e+00 2.809631956177363943e+00
3.155000000000009575e+00 6.691815059067707239e+00
3.170000000000009699e+00 1.059160230828933180e+01
3.185000000000009823e+00 1.293346100060524151e+01
3.200000000000009948e+00 1.274703239278996847e+01
3.215000000000010072e+00 1.006525587407944400e+01
3.230000000000010196e+00 5.943684526412297053e+00
3.245000000000010321e+00 2.073188714866292415e+00
3.260000000000010445e+00 4.590876457251045787e-10
3.275000000000010569e+00 1.323429860023392840e-12
3.290000000000010694e+00 1.781613457327363262e-12
3.305000000000010818e+00 1.374433507160597855e-12
3.320000000000010942e+00 1.184829571837528240e-12
3.335000000000011067e+00 1.086746588796167219e-12
3.350000000000011191e+00 1.049160874783094750e-12
3.365000000000011315e+00 1.055554456340857216e-12
3.380000000000011440e+00 1.096883190592178531e-12
3.395000000000011564e+00 1.167995650935218139e-12
3.410000000000011688e+00 1.265980933501720686e-12
3.425000000000011813e+00 1.389177846325427757e-12
3.440000000000011937e+00 1.535958776688953521e-12
3.455000000000012061e+00 1.702816433020849670e-12
3.470000000000012186e+00 1.882201290089125535e-12
3.485000000000012310e+00 2.061833625932771735e-12
3.500000000000012434e+00 2.227644920194161424e-12
3.515000000000012559e+00 2.370353349070908764e-12
3.530000000000012683e+00 2.491815747768938942e-12
3.545000000000012808e+00 2.606541429158297053e-12
3.560000000000012932e+00 2.738138836765018541e-12
3.575000000000013056e+00 2.914673407900286196e-12
3.590000000000013181e+00 3.166428035297551594e-12
3.605000000000013305e+00 3.526605262979469655e-12
3.620000000000013429e+00 4.033662025324979752e-12
3.635000000000013554e+00 4.733711592151088898e-12
3.650000000000013678e+00 5.681681889103022267e-12
3.665000000000013802e+00 6.939984113700373194e-12
3.680000000000013927e+00 8.573069796754686747e-12
3.695000000000014051e+00 1.063510074040918393e-11
3.710000000000014175e+00 1.314587359459858538e-11
3.725000000000014300e+00 1.604912852924795923e-11
3.740000000000014424e+00 1.915442592026171040e-11
3.755000000000014548e+00 2.208886463439812996e-11
3.770000000000014673e+00 2.432250925387423520e-11
3.785000000000014797e+00 2.533047893724802366e-11
3.800000000000014921e+00 2.484872756920756426e-11
3.815000000000015046e+00 2.303506158581722696e-11
3.830000000000015170e+00 2.038014110494125615e-11
3.845000000000015294e+00 1.744788687314525518e-11
3.860000000000015419e+00 1.465998263660706278e-11
3.875000000000015543e+00 1.223229386023240873e-11
3.890000000000015667e+00 1.021988533608498490e-11
3.905000000000015792e+00 8.589327574990915481e-12
3.920000000000015916e+00 7.273989991170709470e-12
3.935000000000016041e+00 6.204778685503453979e-12
3.950000000000016165e+00 5.323280333781600706e-12
3.965000000000016289e+00 4.592187521644510169e-12
3.980000000000016414e+00 3.948329060579772368e-12
3.995000000000016538e+00 6.866378091014038308e-12
