2.800000000000000266e-01 9.293228739852069653e-01 9.289402916152270651e-01
2.880000000000000338e-01 9.252367951901004917e-01 9.291690961663299220e-01
2.960000000000000409e-01 9.226354250757331510e-01 9.293979570736087270e-01
3.040000000000000480e-01 9.262213863233688116e-01 9.296268743509445986e-01
3.120000000000000551e-01 9.278640192226005334e-01 9.298558480122217640e-01
3.200000000000000067e-01 9.301074363862259498e-01 9.300848780713278918e-01
3.280000000000000138e-01 9.295593132512889323e-01 9.303139645421544257e-01
3.360000000000000209e-01 9.273011139285373128e-01 9.305431074385956958e-01
3.440000000000000280e-01 9.258522464840873711e-01 9.307723067745499179e-01
3.520000000000000351e-01 9.257443144885728614e-01 9.310015625639184167e-01
3.600000000000000422e-01 9.293210412416876842e-01 9.312308748206061804e-01
3.679999999999999938e-01 9.418861170918383374e-01 9.314602435585215279e-01
3.760000000000000009e-01 9.578288614340775275e-01 9.316896687915759978e-01
3.840000000000000080e-01 9.733451295568641415e-01 9.319191505336849035e-01
3.920000000000000151e-01 9.910595532927312101e-01 9.321486887987667780e-01
4.000000000000000222e-01 9.993360201826949618e-01 9.323782836007435959e-01
4.080000000000000293e-01 1.000000000000000000e+00 9.324581532095314040e-01
4.160000000000000364e-01 9.942952543422054479e-01 9.322285387399503742e-01
4.240000000000000435e-01 9.809653132765625561e-01 9.319989808121075248e-01
4.320000000000000506e-01 9.628488052100784289e-01 9.317694794120794377e-01
4.400000000000000577e-01 9.446741721993019425e-01 9.315400345259463588e-01
4.480000000000000648e-01 9.341357614436914814e-01 9.313106461397920866e-01
4.560000000000000164e-01 9.296882399499536431e-01 9.310813142397037501e-01
4.640000000000000235e-01 9.273482950570864913e-01 9.308520388117714761e-01
4.720000000000000306e-01 9.279835045341005006e-01 9.306228198420896103e-01
4.800000000000000377e-01 9.309843461811788679e-01 9.303936573167553847e-01
4.879999999999999893e-01 9.315109503239686894e-01 9.301645512218695844e-01
4.959999999999999964e-01 9.298706341324389779e-01 9.299355015435363248e-01
5.040000000000000036e-01 9.291092092723514106e-01 9.297065082678632741e-01
5.120000000000000107e-01 9.269060405859903540e-01 9.294775713809616535e-01
5.200000000000000178e-01 9.247280270580350292e-01 9.292486908689455705e-01
5.280000000000000249e-01 9.245076947242422127e-01 9.290198667179332404e-01
5.360000000000000320e-01 9.267411553689187675e-01 9.287910989140458762e-01
5.440000000000000391e-01 9.287689732019586142e-01 9.285623874434081326e-01
5.520000000000000462e-01 9.291286003100479585e-01 9.283337322921482171e-01
5.600000000000000533e-01 9.284502840636223997e-01 9.281051334463976676e-01
5.680000000000000604e-01 9.271663830287968366e-01 9.278765908922914640e-01
5.760000000000000675e-01 9.255977035602824810e-01 9.276481046159679167e-01
5.840000000000000746e-01 9.251313794288307246e-01 9.274196746035688887e-01
5.920000000000000817e-01 9.247732990111751095e-01 9.271913008412396850e-01
6.000000000000000888e-01 9.262130147283722525e-01 9.269629833151287190e-01
6.080000000000000959e-01 9.257515726745010332e-01 9.267347220113881789e-01
6.160000000000001030e-01 9.272051979179710690e-01 9.265065169161733616e-01
6.239999999999999991e-01 9.277244876124154382e-01 9.262783680156434496e-01
6.320000000000000062e-01 9.266646994834567552e-01 9.260502752959602901e-01
6.400000000000000133e-01 9.268865343254413247e-01 9.258222387432897271e-01
6.480000000000000204e-01 9.229966258152371150e-01 9.255942583438009352e-01
6.560000000000000275e-01 9.237865805279770193e-01 9.253663340836663087e-01
6.640000000000000346e-01 9.230640944475411169e-01 9.251384659490616835e-01
6.720000000000000417e-01 9.227867876830984084e-01 9.249106539261663373e-01
6.800000000000000488e-01 9.236525725927983155e-01 9.246828980011631005e-01
6.879999999999999449e-01 9.248131862811211912e-01 9.244551981602380231e-01
6.959999999999999520e-01 9.248664457646830206e-01 9.242275543895804857e-01
7.039999999999999591e-01 9.240306320528296480e-01 9.239999666753835328e-01
7.119999999999999662e-01 9.230871518387255836e-01 9.237724350038434284e-01
7.199999999999999734e-01 9.234929652170583703e-01 9.235449593611596564e-01
7.279999999999999805e-01 9.225785988689398920e-01 9.233175397335356971e-01
7.359999999999999876e-01 9.227419334001614182e-01 9.230901761071776956e-01
7.439999999999999947e-01 9.214238914851993201e-01 9.228628684682957939e-01
7.520000000000000018e-01 9.226590024139329493e-01 9.226356168031031313e-01
7.600000000000000089e-01 9.231781487576002920e-01 9.224084210978164000e-01
7.680000000000000160e-01 9.227633811426548816e-01 9.221812813386558449e-01
7.760000000000000231e-01 9.209120748769303866e-01 9.219541975118445976e-01
7.840000000000000302e-01 9.214938549573417070e-01 9.217271696036097861e-01
7.920000000000000373e-01 9.212664003598989293e-01 9.215001976001816475e-01
8.000000000000000444e-01 9.214579505504970625e-01 9.212732814877937493e-01
8.080000000000000515e-01 9.193940760897366671e-01 9.210464212526829897e-01
8.160000000000000586e-01 9.210791616276262639e-01 9.208196168810900417e-01
8.240000000000000657e-01 9.196409494934821849e-01 9.205928683592586870e-01
8.320000000000000728e-01 9.205334424561945061e-01 9.203661756734359267e-01
8.400000000000000799e-01 9.201385646595963141e-01 9.201395388098725370e-01
8.479999999999999760e-01 9.204587775485194578e-01 9.199129577548224024e-01
8.559999999999999831e-01 9.192159811580531414e-01 9.196864324945429603e-01
8.639999999999999902e-01 9.187368314036090666e-01 9.194599630152947567e-01
8.719999999999999973e-01 9.177067207050704223e-01 9.192335493033420013e-01
8.800000000000000044e-01 9.176152578303983232e-01 9.190071913449523455e-01
8.880000000000000115e-01 9.184328392963831966e-01 9.187808891263965494e-01
8.960000000000000187e-01 9.184962003187432389e-01 9.185546426339488146e-01
9.040000000000000258e-01 9.195939710522961219e-01 9.183284518538868957e-01
9.120000000000000329e-01 9.179826963557804476e-01 9.181023167724917666e-01
9.200000000000000400e-01 9.177598562591459119e-01 9.178762373760479543e-01
9.280000000000000471e-01 9.167033658165829602e-01 9.176502136508430940e-01
9.360000000000000542e-01 9.178148621621389225e-01 9.174242455831682630e-01
9.440000000000000613e-01 9.163255874752772590e-01 9.171983331593182021e-01
9.520000000000000684e-01 9.168195454783936160e-01 9.169724763655907607e-01
9.600000000000000755e-01 9.174275924716353003e-01 9.167466751882871190e-01
9.679999999999999716e-01 9.179987998520654502e-01 9.165209296137121209e-01
9.759999999999999787e-01 9.169782793201957105e-01 9.162952396281736078e-01
9.839999999999999858e-01 9.170629764247556492e-01 9.160696052179830851e-01
9.919999999999999929e-01 9.165743122797961329e-01 9.158440263694551664e-01
1.000000000000000000e+00 9.156568764813164396e-01 9.156185030689082405e-01
1.008000000000000007e+00 9.148159697668540868e-01 9.153930353026636935e-01
1.016000000000000014e+00 9.154591865759491576e-01 9.151676230570463533e-01
1.024000000000000021e+00 9.138790093814790350e-01 9.149422663183844895e-01
1.032000000000000028e+00 9.138323346403085523e-01 9.147169650730097024e-01
1.040000000000000036e+00 9.151563019899234819e-01 9.144917193072570338e-01
1.048000000000000043e+00 9.166359750340756785e-01 9.142665290074648565e-01
1.056000000000000050e+00 9.131847420267922288e-01 9.140413941599748737e-01
1.064000000000000057e+00 9.145215933868744429e-01 9.138163147511318973e-01
1.072000000000000064e+00 9.136579110899645251e-01 9.135912907672847361e-01
1.080000000000000071e+00 9.133383433531665485e-01 9.133663221947849742e-01
1.088000000000000078e+00 9.133377451719373319e-01 9.131414090199877487e-01
1.096000000000000085e+00 9.133883492885531696e-01 9.129165512292517493e-01
1.104000000000000092e+00 9.132488444637045788e-01 9.126917488089385522e-01
1.112000000000000099e+00 9.136080876973511344e-01 9.124670017454136195e-01
1.120000000000000107e+00 9.118126943456145161e-01 9.122423100250455219e-01
1.128000000000000114e+00 9.126599268074931937e-01 9.120176736342060497e-01
1.136000000000000121e+00 9.140764567400062601e-01 9.117930925592708791e-01
1.144000000000000128e+00 9.126462755262441107e-01 9.115685667866181285e-01
1.152000000000000135e+00 9.114575526339094846e-01 9.113440963026302466e-01
1.160000000000000142e+00 9.103512137034965868e-01 9.111196810936923463e-01
1.168000000000000149e+00 9.126100441029229016e-01 9.108953211461934263e-01
1.176000000000000156e+00 9.119880590292218647e-01 9.106710164465252610e-01
1.184000000000000163e+00 9.116195040648847892e-01 9.104467669810833996e-01
1.192000000000000171e+00 9.110295288048618767e-01 9.102225727362666108e-01
1.200000000000000178e+00 9.111602555790048186e-01 9.099984336984769939e-01
1.208000000000000185e+00 9.109303246807414212e-01 9.097743498541199791e-01
1.216000000000000192e+00 9.098727104651730402e-01 9.095503211896044382e-01
1.223999999999999977e+00 9.104744278108640732e-01 9.093263476913424626e-01
1.231999999999999984e+00 9.094733399939713969e-01 9.091024293457498073e-01
1.239999999999999991e+00 9.088486863333763432e-01 9.088785661392451143e-01
1.247999999999999998e+00 9.096280680467314639e-01 9.086547580582504668e-01
1.256000000000000005e+00 9.092741011602276657e-01 9.084310050891915012e-01
1.264000000000000012e+00 9.100013412750999064e-01 9.082073072184972951e-01
1.272000000000000020e+00 9.093355985549691489e-01 9.079836644325999240e-01
1.280000000000000027e+00 9.091900729197689435e-01 9.077600767179347940e-01
1.288000000000000034e+00 9.085593693762573642e-01 9.075365440609410861e-01
1.296000000000000041e+00 9.082306960169683752e-01 9.073130664480608676e-01
1.304000000000000048e+00 9.076009240815359203e-01 9.070896438657398697e-01
1.312000000000000055e+00 9.077433568004297237e-01 9.068662763004269323e-01
1.320000000000000062e+00 9.076622742751165873e-01 9.066429637385743368e-01
1.328000000000000069e+00 9.074778158356771041e-01 9.064197061666374733e-01
1.336000000000000076e+00 9.076849292035197303e-01 9.061965035710757288e-01
1.344000000000000083e+00 9.078890203165711492e-01 9.059733559383509327e-01
1.352000000000000091e+00 9.069685063651498069e-01 9.057502632549289112e-01
1.360000000000000098e+00 9.058185334303219260e-01 9.055272255072783771e-01
1.368000000000000105e+00 9.059177841330942060e-01 9.053042426818719290e-01
1.376000000000000112e+00 9.059953531833976337e-01 9.050813147651849411e-01
1.384000000000000119e+00 9.053172328644671918e-01 9.048584417436963401e-01
1.392000000000000126e+00 9.053690640453746497e-01 9.046356236038884946e-01
1.400000000000000133e+00 9.052059843359033797e-01 9.044128603322467708e-01
1.407999999999999918e+00 9.036505154252479910e-01 9.041901519152603095e-01
1.415999999999999925e+00 9.045354743305720202e-01 9.039674983394212493e-01
1.423999999999999932e+00 9.032713860138077422e-01 9.037448995912252814e-01
1.431999999999999940e+00 9.018986756760181134e-01 9.035223556571709835e-01
1.439999999999999947e+00 9.030233325195753391e-01 9.032998665237609304e-01
1.447999999999999954e+00 9.036813642793490864e-01 9.030774321775004720e-01
1.455999999999999961e+00 9.025394963669728376e-01 9.028550526048984004e-01
1.463999999999999968e+00 9.036540090970438532e-01 9.026327277924670600e-01
1.471999999999999975e+00 9.031292678647984129e-01 9.024104577267219041e-01
1.479999999999999982e+00 9.016232058027398022e-01 9.021882423941817164e-01
1.487999999999999989e+00 9.013586107757332044e-01 9.019660817813687226e-01
1.495999999999999996e+00 9.014810122534262504e-01 9.017439758748081458e-01
1.504000000000000004e+00 9.013118998308056184e-01 9.015219246610292059e-01
1.512000000000000011e+00 9.011403192160960529e-01 9.012999281265635654e-01
1.520000000000000018e+00 8.998319497688874735e-01 9.010779862579469945e-01
1.528000000000000025e+00 9.017163653064153017e-01 9.008560990417179282e-01
1.536000000000000032e+00 8.996507454648864366e-01 9.006342664644185758e-01
1.544000000000000039e+00 9.002934636745215657e-01 9.004124885125942557e-01
1.552000000000000046e+00 9.007378582443719139e-01 9.001907651727936166e-01
1.560000000000000053e+00 8.991738974846739119e-01 8.999690964315687491e-01
1.568000000000000060e+00 8.991097409649571048e-01 8.997474822754748525e-01
1.576000000000000068e+00 9.001932999729594931e-01 8.995259226910704564e-01
1.584000000000000075e+00 9.000029489063937627e-01 8.993044176649177546e-01
1.592000000000000082e+00 9.001891629253404581e-01 8.990829671835816050e-01
1.600000000000000089e+00 8.989709675385926246e-01 8.988615712336309738e-01
1.608000000000000096e+00 8.981488108891131361e-01 8.986402298016372692e-01
1.616000000000000103e+00 8.985789067202947233e-01 8.984189428741758965e-01
1.624000000000000110e+00 8.980424496677463786e-01 8.981977104378252585e-01
1.632000000000000117e+00 8.975996266399841605e-01 8.979765324791671999e-01
1.640000000000000124e+00 8.977178905697943412e-01 8.977554089847865626e-01
1.648000000000000131e+00 8.984519574477779491e-01 8.975343399412718526e-01
1.655999999999999917e+00 8.969644594640908686e-01 8.973133253352147953e-01
1.663999999999999924e+00 8.963786729400189390e-01 8.970923651532101140e-01
1.671999999999999931e+00 8.953007902887510916e-01 8.968714593818564174e-01
1.679999999999999938e+00 8.959604034521965188e-01 8.966506080077552010e-01
1.687999999999999945e+00 8.966030826788153885e-01 8.964298110175111800e-01
1.695999999999999952e+00 8.960626736605070697e-01 8.962090683977325112e-01
1.703999999999999959e+00 8.956944584836611378e-01 8.959883801350309041e-01
1.711999999999999966e+00 8.962649568850715731e-01 8.957677462160209547e-01
1.719999999999999973e+00 8.946685099020783571e-01 8.955471666273207010e-01
1.727999999999999980e+00 8.958811538452609025e-01 8.953266413555515113e-01
1.735999999999999988e+00 8.946663967167753917e-01 8.951061703873380848e-01
1.743999999999999995e+00 8.948443365900290436e-01 8.948857537093083403e-01
1.752000000000000002e+00 8.940676152033167901e-01 8.946653913080936382e-01
1.760000000000000009e+00 8.927917864264899306e-01 8.944450831703283367e-01
1.768000000000000016e+00 8.948065085277140396e-01 8.942248292826503464e-01
1.776000000000000023e+00 8.923191882129934971e-01 8.940046296317006869e-01
1.784000000000000030e+00 8.927313230447619929e-01 8.937844842041238191e-01
1.792000000000000037e+00 8.926264712611104990e-01 8.935643929865674240e-01
1.800000000000000044e+00 8.922368957138998580e-01 8.933443559656825128e-01
1.808000000000000052e+00 8.921502094451009279e-01 8.931243731281233167e-01
1.816000000000000059e+00 8.919608406473560347e-01 8.929044444605473974e-01
1.824000000000000066e+00 8.933292365717089289e-01 8.926845699496156472e-01
1.832000000000000073e+00 8.928816204870844153e-01 8.924647495819920673e-01
1.840000000000000080e+00 8.910098127488549347e-01 8.922449833443441003e-01
1.848000000000000087e+00 8.920595592481281866e-01 8.920252712233424086e-01
1.856000000000000094e+00 8.906690652397780683e-01 8.918056132056612073e-01
1.864000000000000101e+00 8.913069488922275019e-01 8.915860092779774870e-01
1.872000000000000108e+00 8.904016963935663664e-01 8.913664594269716801e-01
1.880000000000000115e+00 8.905896844354067587e-01 8.911469636393279936e-01
1.888000000000000123e+00 8.901294853920855843e-01 8.909275219017331882e-01
1.896000000000000130e+00 8.902328285117961926e-01 8.907081342008776881e-01
1.904000000000000137e+00 8.901433598880265086e-01 8.904888005234552484e-01
1.911999999999999922e+00 8.883994553319668475e-01 8.902695208561626217e-01
