1.000000000000000000e+00 4.744775708064785845e-12
1.010000000000000009e+00 2.186378918488337288e-12
1.020000000000000018e+00 2.310299187810649432e-12
1.030000000000000027e+00 2.184172658179890816e-12
1.040000000000000036e+00 2.010395285885833070e-12
1.050000000000000044e+00 1.784413248099294377e-12
1.060000000000000053e+00 2.132940266745760713e-12
1.070000000000000062e+00 2.259377356483526961e-12
1.080000000000000071e+00 2.285626146165717791e-12
1.090000000000000080e+00 2.159401862949450820e-12
1.100000000000000089e+00 2.093038630246364913e-12
1.110000000000000098e+00 1.844351235456601172e-12
1.120000000000000107e+00 1.629946900000264517e-12
1.130000000000000115e+00 1.714155987472439239e-12
1.140000000000000124e+00 1.545933628200739766e-12
1.150000000000000133e+00 1.686353961238660076e-12
1.160000000000000142e+00 1.473744904074319446e-12
1.170000000000000151e+00 1.487801956657358078e-12
1.180000000000000160e+00 1.594736860760057423e-12
1.190000000000000169e+00 1.337621792103584772e-12
1.200000000000000178e+00 1.214916666804823531e-12
1.210000000000000187e+00 1.059638981115551580e-12
1.220000000000000195e+00 1.152270875807419151e-12
1.230000000000000204e+00 1.067422119408284630e-12
1.240000000000000213e+00 1.041463593811098215e-12
1.250000000000000222e+00 1.036132090644519568e-12
1.260000000000000231e+00 1.036817995542498844e-12
1.270000000000000240e+00 1.016760801508038769e-12
1.280000000000000249e+00 1.086589073654258517e-12
1.290000000000000258e+00 9.603331648151985796e-13
1.300000000000000266e+00 1.010847558475341103e-12
1.310000000000000275e+00 9.942123902875774864e-13
1.320000000000000284e+00 9.767798656524468334e-13
1.330000000000000293e+00 9.869148309794057596e-13
1.340000000000000302e+00 8.899251182575664516e-13
1.350000000000000311e+00 9.033160907272419240e-13
1.360000000000000320e+00 8.954084079366463180e-13
1.370000000000000329e+00 9.023316260638060496e-13
1.380000000000000338e+00 8.524183766395391097e-13
1.390000000000000346e+00 8.757820943240618580e-13
1.400000000000000355e+00 9.272985617915847066e-13
1.410000000000000364e+00 1.019905301780174019e-12
1.420000000000000373e+00 1.109512637158233541e-12
1.430000000000000382e+00 1.288989382439062629e-12
1.440000000000000391e+00 4.348005908701063411e-13
1.450000000000000400e+00 1.543965920679805996e-10
1.460000000000000409e+00 3.444467880620131345e-02
1.470000000000000417e+00 1.236539601465535126e-01
1.480000000000000426e+00 2.727335383137781677e-01
1.490000000000000435e+00 4.770957130511169764e-01
1.500000000000000444e+00 7.247281946791159779e-01
1.510000000000000453e+00 9.969421945721081979e-01
1.520000000000000462e+00 1.272274174390918722e+00
1.530000000000000471e+00 1.528324793821924210e+00
1.540000000000000480e+00 1.743683276143887850e+00
1.550000000000000488e+00 1.902626589925257239e+00
1.560000000000000497e+00 1.998998100235139797e+00
1.570000000000000506e+00 2.035441509827815132e+00
1.580000000000000515e+00 2.019945606709414587e+00
1.590000000000000524e+00 1.962604979034596742e+00
1.600000000000000533e+00 1.874237083456724351e+00
1.610000000000000542e+00 1.766156622139732457e+00
1.620000000000000551e+00 1.649746033349001495e+00
1.630000000000000560e+00 1.535805901600463708e+00
1.640000000000000568e+00 1.433491875976263152e+00
1.650000000000000577e+00 1.349318390975128734e+00
1.660000000000000586e+00 1.286687041546895616e+00
1.670000000000000595e+00 1.246349829921671093e+00
1.680000000000000604e+00 1.227220465477244948e+00
1.690000000000000613e+00 1.226296291672061667e+00
1.700000000000000622e+00 1.238741779780208718e+00
1.710000000000000631e+00 1.259491223630414991e+00
1.720000000000000639e+00 1.285054598136651460e+00
1.730000000000000648e+00 1.313090202181180999e+00
1.740000000000000657e+00 1.341123611734589494e+00
1.750000000000000666e+00 1.366271647929107269e+00
1.760000000000000675e+00 1.385826455530535961e+00
1.770000000000000684e+00 1.397447579216281044e+00
1.780000000000000693e+00 1.399528561373777791e+00
1.790000000000000702e+00 1.392250662754149104e+00
1.800000000000000711e+00 1.378029413655234015e+00
1.810000000000000719e+00 1.360168587912318428e+00
1.820000000000000728e+00 1.340996779753465873e+00
1.830000000000000737e+00 1.321543717679234842e+00
1.840000000000000746e+00 1.302955492625426981e+00
1.850000000000000755e+00 1.287354731301434851e+00
1.860000000000000764e+00 1.276786194019007281e+00
1.870000000000000773e+00 1.271416205691178858e+00
1.880000000000000782e+00 1.268694592569763246e+00
1.890000000000000790e+00 1.264486490887419379e+00
1.900000000000000799e+00 1.255299510411368447e+00
1.910000000000000808e+00 1.239587549955889934e+00
1.920000000000000817e+00 1.217379052757571634e+00
1.930000000000000826e+00 1.189151190605168162e+00
1.940000000000000835e+00 1.155207950903521574e+00
1.950000000000000844e+00 1.115967938712386420e+00
1.960000000000000853e+00 1.072601098672330222e+00
1.970000000000000862e+00 1.027302675976285107e+00
1.980000000000000870e+00 9.829820966012482453e-01
1.990000000000000879e+00 9.426252512986146304e-01
2.000000000000000888e+00 9.087432228902412312e-01
2.010000000000000675e+00 8.831253322715136855e-01
2.020000000000000906e+00 8.668060666111061519e-01
2.030000000000001137e+00 8.600390218066802372e-01
2.040000000000000924e+00 8.621798510511397007e-01
2.050000000000000711e+00 8.715424440303563003e-01
2.060000000000000941e+00 8.853756599438316055e-01
2.070000000000001172e+00 9.000767917779772809e-01
2.080000000000000959e+00 9.116472361590469697e-01
2.090000000000000746e+00 9.162746433866177931e-01
2.100000000000000977e+00 9.108577738545824420e-01
2.110000000000001208e+00 8.933250833347241571e-01
2.120000000000000995e+00 8.627356211117838125e-01
2.130000000000000782e+00 8.192841946209085124e-01
2.140000000000001013e+00 7.643251484435013010e-01
2.150000000000001243e+00 7.003913121611187176e-01
2.160000000000001030e+00 6.310827232136685394e-01
2.170000000000000817e+00 5.607450792430114239e-01
2.180000000000001048e+00 4.939767052114660828e-01
2.190000000000001279e+00 4.350613173229787023e-01
2.200000000000001066e+00 3.874059633777310885e-01
2.210000000000000853e+00 3.530538762716459167e-01
2.220000000000001084e+00 3.323755919654470814e-01
2.230000000000001315e+00 3.240517898345730563e-01
2.240000000000001101e+00 3.253836063677667534e-01
2.250000000000000888e+00 3.328384363238525157e-01
2.260000000000001119e+00 3.426640435666883922e-01
2.270000000000001350e+00 3.514324321941426077e-01
2.280000000000001137e+00 3.564577671453361130e-01
2.290000000000000924e+00 3.560835658699262884e-01
2.300000000000001155e+00 3.498234488724437097e-01
2.310000000000001386e+00 3.383131683752385044e-01
2.320000000000001172e+00 3.230510393328785979e-01
2.330000000000000959e+00 3.059782461615856430e-01
2.340000000000001190e+00 2.890277675743191943e-01
2.350000000000001421e+00 2.737879789543650189e-01
2.360000000000001208e+00 2.613658829198639011e-01
2.370000000000000995e+00 2.524339863169715592e-01
2.380000000000001226e+00 2.473665412631166627e-01
2.390000000000001457e+00 2.463557922740197137e-01
2.400000000000001243e+00 2.494430973404133389e-01
2.410000000000001030e+00 2.564660821547523617e-01
2.420000000000001261e+00 2.669706015664771170e-01
2.430000000000001492e+00 2.801456181577663962e-01
2.440000000000001279e+00 2.948171526256089803e-01
2.450000000000001066e+00 3.095060405265478987e-01
2.460000000000001297e+00 3.225330489460031536e-01
2.470000000000001528e+00 3.321509429316876760e-01
2.480000000000001315e+00 3.366906327091294671e-01
2.490000000000001101e+00 3.347166000413918652e-01
2.500000000000001332e+00 3.251874512357700864e-01
2.510000000000001563e+00 3.076099303106540894e-01
2.520000000000001350e+00 2.821643638891074279e-01
2.530000000000001137e+00 2.497733470918956367e-01
2.540000000000001368e+00 2.120880030194123578e-01
2.550000000000001599e+00 1.713772963643550029e-01
2.560000000000001386e+00 1.303217977123429516e-01
2.570000000000001172e+00 9.172874062572619613e-02
2.580000000000001403e+00 5.819605264485366858e-02
2.590000000000001634e+00 3.175761894166258953e-02
2.600000000000001421e+00 1.354112535846622480e-02
2.610000000000001208e+00 3.465559396314937465e-03
2.620000000000001439e+00 5.519256325510395833e-12
2.630000000000001670e+00 1.259789964466467502e-11
2.640000000000001457e+00 5.620104152529273832e-03
2.650000000000001243e+00 1.894681473303956587e-02
2.660000000000001474e+00 4.051372290495156708e-02
2.670000000000001705e+00 6.950443742087404619e-02
2.680000000000001492e+00 1.040286076589812120e-01
2.690000000000001279e+00 1.414493986479098409e-01
2.700000000000001510e+00 1.787357666059830041e-01
2.710000000000001741e+00 2.128108404069685156e-01
2.720000000000001528e+00 2.408690708298580618e-01
2.730000000000001315e+00 2.606392776371285747e-01
2.740000000000001545e+00 2.705774030519307871e-01
2.750000000000001776e+00 2.699804247376510480e-01
2.760000000000001563e+00 2.590202330389380636e-01
2.770000000000001350e+00 2.387023481355579624e-01
2.780000000000001581e+00 2.107585967791326675e-01
2.790000000000001812e+00 1.774852145582507812e-01
2.800000000000001599e+00 1.415386047135926417e-01
2.810000000000001386e+00 1.057007098326280675e-01
2.820000000000001616e+00 7.262522258493138427e-02
2.830000000000001847e+00 4.457514938632391871e-02
2.840000000000001634e+00 2.316181549362052866e-02
2.850000000000001421e+00 9.095301602604341507e-03
2.860000000000001652e+00 1.956379320093988051e-03
2.870000000000001883e+00 3.129413664863012455e-12
2.880000000000001670e+00 6.139764998696067037e-12
2.890000000000001457e+00 1.061416102501772027e-10
2.900000000000001688e+00 7.991015368715692568e-12
2.910000000000001918e+00 1.680388752403301139e-09
2.920000000000001705e+00 2.762460492651726707e-03
2.930000000000001492e+00 1.022435344564673679e-02
2.940000000000001723e+00 2.310734865337100291e-02
2.950000000000001954e+00 4.116105237312935039e-02
2.960000000000001741e+00 6.344588329602469934e-02
2.970000000000001528e+00 8.864455089233767848e-02
2.980000000000001759e+00 1.153905919472949515e-01
2.990000000000001990e+00 1.426027311990556157e-01
