1.000000000000000000e+00 5.636842715230703509e-10
1.010000000000000009e+00 3.270590154909627640e-11
1.020000000000000018e+00 3.512882967572195710e-11
1.030000000000000027e+00 1.059857053668217854e-11
1.040000000000000036e+00 4.298097458826769368e-11
1.050000000000000044e+00 9.852040510104743426e-11
1.060000000000000053e+00 1.083433107752232063e-11
1.070000000000000062e+00 6.872837558717737482e-12
1.080000000000000071e+00 4.082522170153549497e-12
1.090000000000000080e+00 3.610130149687983446e-12
1.100000000000000089e+00 3.062497592261751536e-11
1.110000000000000098e+00 1.083722121315284547e-11
1.120000000000000107e+00 3.675080697905779312e-11
1.130000000000000115e+00 6.196117220675842737e-12
1.140000000000000124e+00 7.541996817338324150e-12
1.150000000000000133e+00 3.824767494858579173e-12
1.160000000000000142e+00 3.164768864472857470e-12
1.170000000000000151e+00 6.844342862143219323e-12
1.180000000000000160e+00 4.573907703575966139e-12
1.190000000000000169e+00 3.996244773462650858e-11
1.200000000000000178e+00 8.309417625539168876e-12
1.210000000000000187e+00 7.990952030817046635e-12
1.220000000000000195e+00 7.315299691927736221e-12
1.230000000000000204e+00 2.071363975498210361e-12
1.240000000000000213e+00 2.255244866748045379e-12
1.250000000000000222e+00 3.589133052079735845e-12
1.260000000000000231e+00 1.862560884679641065e-12
1.270000000000000240e+00 7.206564664383527622e-13
1.280000000000000249e+00 6.762936475428670039e-12
1.290000000000000258e+00 2.202092434047124116e-12
1.300000000000000266e+00 2.032789347785498452e-12
1.310000000000000275e+00 1.881538753391410384e-12
1.320000000000000284e+00 3.458006357643207463e-12
1.330000000000000293e+00 1.214097520593828427e-12
1.340000000000000302e+00 2.842632115945907187e-12
1.350000000000000311e+00 1.676437492917431042e-12
1.360000000000000320e+00 2.695900907027636383e-12
1.370000000000000329e+00 2.211576295213269412e-12
1.380000000000000338e+00 3.202228047166515696e-12
1.390000000000000346e+00 1.329653814427414104e-12
1.400000000000000355e+00 1.526908930671594555e-12
1.410000000000000364e+00 1.700007940679214930e-12
1.420000000000000373e+00 1.276161992424841741e-12
1.430000000000000382e+00 2.739975287083763271e-12
1.440000000000000391e+00 5.239951142431547973e-13
1.450000000000000400e+00 1.821606497525357072e-12
1.460000000000000409e+00 1.113963281689345046e-02
1.470000000000000417e+00 4.528531608383883772e-02
1.480000000000000426e+00 1.081442697526650842e-01
1.490000000000000435e+00 2.006353959306647894e-01
1.500000000000000444e+00 3.193163698500406933e-01
1.510000000000000453e+00 4.570105627744734389e-01
1.520000000000000462e+00 6.040689884972978430e-01
1.530000000000000471e+00 7.502714017457201567e-01
1.540000000000000480e+00 8.847707776147638592e-01
1.550000000000000488e+00 9.983859580336892359e-01
1.560000000000000497e+00 1.084820367610537684e+00
1.570000000000000506e+00 1.140550705775120521e+00
1.580000000000000515e+00 1.165189776888613027e+00
1.590000000000000524e+00 1.161229648137760195e+00
1.600000000000000533e+00 1.133191046136579283e+00
1.610000000000000542e+00 1.086218345437159671e+00
1.620000000000000551e+00 1.025406762438832331e+00
1.630000000000000560e+00 9.556248948344602256e-01
1.640000000000000568e+00 8.813048209729312799e-01
1.650000000000000577e+00 8.071351677721332329e-01
1.660000000000000586e+00 7.375196682380472657e-01
1.670000000000000595e+00 6.754599617790304489e-01
1.680000000000000604e+00 6.233566713027273165e-01
1.690000000000000613e+00 5.838763910868760565e-01
1.700000000000000622e+00 5.589147287516297302e-01
1.710000000000000631e+00 5.487492869417939234e-01
1.720000000000000639e+00 5.530265982505921940e-01
1.730000000000000648e+00 5.715567882115801801e-01
1.740000000000000657e+00 6.038672549752671648e-01
1.750000000000000666e+00 6.488553673797683441e-01
1.760000000000000675e+00 7.050817699190263799e-01
1.770000000000000684e+00 7.709799095357553478e-01
1.780000000000000693e+00 8.448826310228610970e-01
1.790000000000000702e+00 9.251363933666548744e-01
1.800000000000000711e+00 1.010114831643653455e+00
1.810000000000000719e+00 1.097950765687248920e+00
1.820000000000000728e+00 1.186355432948117405e+00
1.830000000000000737e+00 1.272870238239885987e+00
1.840000000000000746e+00 1.355341294773894534e+00
1.850000000000000755e+00 1.431897603682002140e+00
1.860000000000000764e+00 1.500589491375805107e+00
1.870000000000000773e+00 1.559357315959333912e+00
1.880000000000000782e+00 1.606598368561218848e+00
1.890000000000000790e+00 1.641813860462209007e+00
1.900000000000000799e+00 1.665616058595640991e+00
1.910000000000000808e+00 1.679184102621639862e+00
1.920000000000000817e+00 1.683713880605612667e+00
1.930000000000000826e+00 1.680339527710435377e+00
1.940000000000000835e+00 1.670546878847161132e+00
1.950000000000000844e+00 1.656449358292066965e+00
1.960000000000000853e+00 1.640511192358834025e+00
1.970000000000000862e+00 1.625043473245161518e+00
1.980000000000000870e+00 1.611945327419582963e+00
1.990000000000000879e+00 1.602811128509216587e+00
2.000000000000000888e+00 1.599143978031370983e+00
2.010000000000000675e+00 1.602256629887482520e+00
2.020000000000000906e+00 1.612711899906465574e+00
2.030000000000001137e+00 1.629604535303345703e+00
2.040000000000000924e+00 1.650162367504851124e+00
2.050000000000000711e+00 1.669992398561491065e+00
2.060000000000000941e+00 1.683949367188873669e+00
2.070000000000001172e+00 1.687206804584415742e+00
2.080000000000000959e+00 1.675987136271957167e+00
2.090000000000000746e+00 1.647730736578156163e+00
2.100000000000000977e+00 1.600922334733450914e+00
2.110000000000001208e+00 1.534938767215225930e+00
2.120000000000000995e+00 1.450152515485980897e+00
2.130000000000000782e+00 1.348343139586190453e+00
2.140000000000001013e+00 1.233276443028753722e+00
2.150000000000001243e+00 1.111088051562482582e+00
2.160000000000001030e+00 9.900110799201407019e-01
2.170000000000000817e+00 8.792017303477446255e-01
2.180000000000001048e+00 7.868650383265133330e-01
2.190000000000001279e+00 7.182675909234135236e-01
2.200000000000001066e+00 6.743221927089486645e-01
2.210000000000000853e+00 6.512467158376284981e-01
2.220000000000001084e+00 6.414670967479974006e-01
2.230000000000001315e+00 6.355693457008921854e-01
2.240000000000001101e+00 6.247910490056333144e-01
2.250000000000000888e+00 6.033663531375929034e-01
2.260000000000001119e+00 5.700714230598074028e-01
2.270000000000001350e+00 5.285553960895907899e-01
2.280000000000001137e+00 4.863905487041705888e-01
2.290000000000000924e+00 4.531085516414848358e-01
2.300000000000001155e+00 4.377188303086729237e-01
2.310000000000001386e+00 4.463002408677576582e-01
2.320000000000001172e+00 4.802229108188800777e-01
2.330000000000000959e+00 5.354074022717209003e-01
2.340000000000001190e+00 6.027890084104224888e-01
2.350000000000001421e+00 6.698764483748456122e-01
2.360000000000001208e+00 7.230486575177578201e-01
2.370000000000000995e+00 7.500880054649823325e-01
2.380000000000001226e+00 7.424344620212036672e-01
2.390000000000001457e+00 6.967472461217151247e-01
2.400000000000001243e+00 6.155305651006158785e-01
2.410000000000001030e+00 5.067658797460710129e-01
2.420000000000001261e+00 3.826583695103656368e-01
2.430000000000001492e+00 2.577332493955915016e-01
2.440000000000001279e+00 1.466026357026293525e-01
2.450000000000001066e+00 6.176144363668229637e-02
2.460000000000001297e+00 1.175596890999675188e-02
2.470000000000001528e+00 1.396492086676860420e-09
2.480000000000001315e+00 2.439963991286343142e-02
2.490000000000001101e+00 7.821353329850641578e-02
2.500000000000001332e+00 1.508304780082081464e-01
2.510000000000001563e+00 2.294608877900082833e-01
2.520000000000001350e+00 3.010692077676482281e-01
2.530000000000001137e+00 3.542667799793978167e-01
2.540000000000001368e+00 3.809124082944647105e-01
2.550000000000001599e+00 3.772200566457207249e-01
2.560000000000001386e+00 3.442370453975562850e-01
2.570000000000001172e+00 2.876234755880812122e-01
2.580000000000001403e+00 2.167304458534020650e-01
2.590000000000001634e+00 1.430390205632724454e-01
2.600000000000001421e+00 7.808134738497934935e-02
2.610000000000001208e+00 3.101528874980416170e-02
2.620000000000001439e+00 6.058363966657254879e-03
2.630000000000001670e+00 5.297244943780198737e-13
2.640000000000001457e+00 5.443807756111429801e-13
2.650000000000001243e+00 9.535947576822762543e-13
2.660000000000001474e+00 9.265213547765299569e-13
2.670000000000001705e+00 9.368808925256154295e-13
2.680000000000001492e+00 1.339929454611188211e-12
2.690000000000001279e+00 1.028557457154396951e-12
2.700000000000001510e+00 8.514271750713016390e-13
2.710000000000001741e+00 1.241550234297705488e-03
2.720000000000001528e+00 9.874274525991577275e-03
2.730000000000001315e+00 2.643265765216433125e-02
2.740000000000001545e+00 4.780477774297687416e-02
2.750000000000001776e+00 6.908997702857379297e-02
2.760000000000001563e+00 8.523906983466920939e-02
2.770000000000001350e+00 9.237896468387614413e-02
2.780000000000001581e+00 8.873318991250223053e-02
2.790000000000001812e+00 7.506250206881615039e-02
2.800000000000001599e+00 5.456709224356111332e-02
2.810000000000001386e+00 3.221462037352593177e-02
2.820000000000001616e+00 1.348592861864526468e-02
2.830000000000001847e+00 2.561110549783240757e-03
2.840000000000001634e+00 6.940628236438195013e-13
2.850000000000001421e+00 6.398382697835981607e-13
2.860000000000001652e+00 8.170593382976183723e-13
2.870000000000001883e+00 6.004301689786176900e-13
2.880000000000001670e+00 5.149403536966135363e-13
2.890000000000001457e+00 4.498314103588523955e-13
2.900000000000001688e+00 4.063372395381631682e-13
2.910000000000001918e+00 3.744309354958276450e-13
2.920000000000001705e+00 3.523413346032975617e-13
2.930000000000001492e+00 3.375009198344909860e-13
2.940000000000001723e+00 3.282547592549196291e-13
2.950000000000001954e+00 3.238351759395258690e-13
2.960000000000001741e+00 3.250539529786407539e-13
2.970000000000001528e+00 3.457088867200443243e-13
2.980000000000001759e+00 3.015503245511965568e-13
2.990000000000001990e+00 7.867185713882829569e-13
