1.000000000000000000e+00 4.658559065510565276e-11
1.010000000000000009e+00 1.444893424071710405e-11
1.020000000000000018e+00 1.900035995009979644e-11
1.030000000000000027e+00 1.907753725870066246e-11
1.040000000000000036e+00 1.552997692939431529e-11
1.050000000000000044e+00 1.591612587035343448e-11
1.060000000000000053e+00 1.296389895762203144e-11
1.070000000000000062e+00 1.427677755002956108e-11
1.080000000000000071e+00 1.041382597112085449e-11
1.090000000000000080e+00 8.792722071684921533e-12
1.100000000000000089e+00 8.863831329811269945e-12
1.110000000000000098e+00 8.745212768491688454e-12
1.120000000000000107e+00 8.850746572610019208e-12
1.130000000000000115e+00 7.363132406832086679e-12
1.140000000000000124e+00 8.374595812708558451e-12
1.150000000000000133e+00 6.968405769512046977e-12
1.160000000000000142e+00 6.583733794281024333e-12
1.170000000000000151e+00 7.443650704647139146e-12
1.180000000000000160e+00 7.049764782394067301e-12
1.190000000000000169e+00 5.958786292447064094e-12
1.200000000000000178e+00 5.963368362710305145e-12
1.210000000000000187e+00 5.188420088349112076e-12
1.220000000000000195e+00 4.615825175434536165e-12
1.230000000000000204e+00 4.308904714136209943e-12
1.240000000000000213e+00 4.120264029457696471e-12
1.250000000000000222e+00 3.472614253231259604e-12
1.260000000000000231e+00 3.573466338710219788e-12
1.270000000000000240e+00 3.213678649062678878e-12
1.280000000000000249e+00 4.175442987277128478e-12
1.290000000000000258e+00 3.635298903255108626e-12
1.300000000000000266e+00 3.675134862268912366e-12
1.310000000000000275e+00 3.556556890733861155e-12
1.320000000000000284e+00 3.791691320280190961e-12
1.330000000000000293e+00 3.715832361878625479e-12
1.340000000000000302e+00 3.415538235269954993e-12
1.350000000000000311e+00 3.616785734240853400e-12
1.360000000000000320e+00 3.406352211823952702e-12
1.370000000000000329e+00 3.624557253426400691e-12
1.380000000000000338e+00 3.641322140592974622e-12
1.390000000000000346e+00 3.844450284294253060e-12
1.400000000000000355e+00 3.904702315380511721e-12
1.410000000000000364e+00 4.443017817067418848e-12
1.420000000000000373e+00 4.066250513867170678e-12
1.430000000000000382e+00 4.778413582981813563e-12
1.440000000000000391e+00 4.781375168415715036e-12
1.450000000000000400e+00 7.766640243467260592e-12
1.460000000000000409e+00 1.839428187308628587e-12
1.470000000000000417e+00 3.839773505960187693e-03
1.480000000000000426e+00 1.232054186221590159e-01
1.490000000000000435e+00 3.993315019040868941e-01
1.500000000000000444e+00 8.168199729367503492e-01
1.510000000000000453e+00 1.324760794922358320e+00
1.520000000000000462e+00 1.851790663778344115e+00
1.530000000000000471e+00 2.323300321844708360e+00
1.540000000000000480e+00 2.670076873124492156e+00
1.550000000000000488e+00 2.848077555654510817e+00
1.560000000000000497e+00 2.849845854923373167e+00
1.570000000000000506e+00 2.703466732900154934e+00
1.580000000000000515e+00 2.456871743169362521e+00
1.590000000000000524e+00 2.162700859404776299e+00
1.600000000000000533e+00 1.865367098125189527e+00
1.610000000000000542e+00 1.588548287339366816e+00
1.620000000000000551e+00 1.346632995634613916e+00
1.630000000000000560e+00 1.151539761132951201e+00
1.640000000000000568e+00 1.001450211986361971e+00
1.650000000000000577e+00 8.915082535746194914e-01
1.660000000000000586e+00 8.235802838184467234e-01
1.670000000000000595e+00 7.930569008365581096e-01
1.680000000000000604e+00 7.870670550084841732e-01
1.690000000000000613e+00 7.986679060378656381e-01
1.700000000000000622e+00 8.280283161452328677e-01
1.710000000000000631e+00 8.741456583231068667e-01
1.720000000000000639e+00 9.339111144657841201e-01
1.730000000000000648e+00 1.001228616628025980e+00
1.740000000000000657e+00 1.064271420707440186e+00
1.750000000000000666e+00 1.109419645077958316e+00
1.760000000000000675e+00 1.130249043393950714e+00
1.770000000000000684e+00 1.130208154650878871e+00
1.780000000000000693e+00 1.117821608356896590e+00
1.790000000000000702e+00 1.102918709727286783e+00
1.800000000000000711e+00 1.094344332610147186e+00
1.810000000000000719e+00 1.096362477484208009e+00
1.820000000000000728e+00 1.106665273092469093e+00
1.830000000000000737e+00 1.119239295627504127e+00
1.840000000000000746e+00 1.130595908601432997e+00
1.850000000000000755e+00 1.141564451694045301e+00
1.860000000000000764e+00 1.153214437976333162e+00
1.870000000000000773e+00 1.163624286000648489e+00
1.880000000000000782e+00 1.170922923238231439e+00
1.890000000000000790e+00 1.178471762525443278e+00
1.900000000000000799e+00 1.193995038313856227e+00
1.910000000000000808e+00 1.222499704688192912e+00
1.920000000000000817e+00 1.259695477666325392e+00
1.930000000000000826e+00 1.292618929626135449e+00
1.940000000000000835e+00 1.307762786524057086e+00
1.950000000000000844e+00 1.299358948933916569e+00
1.960000000000000853e+00 1.271157951675555564e+00
1.970000000000000862e+00 1.231755529937993421e+00
1.980000000000000870e+00 1.188424112503005947e+00
1.990000000000000879e+00 1.144731082907373576e+00
2.000000000000000888e+00 1.102712699586656075e+00
2.010000000000000675e+00 1.065789066985162625e+00
2.020000000000000906e+00 1.039200784277967804e+00
2.030000000000001137e+00 1.027739777088530593e+00
2.040000000000000924e+00 1.032184234748534823e+00
2.050000000000000711e+00 1.047155509034290111e+00
2.060000000000000941e+00 1.063190682154725009e+00
2.070000000000001172e+00 1.072252762743344467e+00
2.080000000000000959e+00 1.072044369037012279e+00
2.090000000000000746e+00 1.065560245972981823e+00
2.100000000000000977e+00 1.056760157749454754e+00
2.110000000000001208e+00 1.045733369688550018e+00
2.120000000000000995e+00 1.026090506381181156e+00
2.130000000000000782e+00 9.859927241020652877e-01
2.140000000000001013e+00 9.130561307290477879e-01
2.150000000000001243e+00 8.015071743634576418e-01
2.160000000000001030e+00 6.580678823338079741e-01
2.170000000000000817e+00 5.030804465620565269e-01
2.180000000000001048e+00 3.657278253966807502e-01
2.190000000000001279e+00 2.750787518636647055e-01
2.200000000000001066e+00 2.502951518549211274e-01
2.210000000000000853e+00 2.934168064025916567e-01
2.220000000000001084e+00 3.872530653625720354e-01
2.230000000000001315e+00 4.993940796183775621e-01
2.240000000000001101e+00 5.913629989597799508e-01
2.250000000000000888e+00 6.300462667292282548e-01
2.260000000000001119e+00 5.976559968180645832e-01
2.270000000000001350e+00 4.970559108973243712e-01
2.280000000000001137e+00 3.509358117751530948e-01
2.290000000000000924e+00 1.952031353961136140e-01
2.300000000000001155e+00 6.842482682994341370e-02
2.310000000000001386e+00 7.825628085007051061e-12
2.320000000000001172e+00 2.891064536533138887e-07
2.330000000000000959e+00 7.777372701392724907e-02
2.340000000000001190e+00 2.194133698768680751e-01
2.350000000000001421e+00 3.915176772252423332e-01
2.360000000000001208e+00 5.513712647430419889e-01
2.370000000000000995e+00 6.588329176858430669e-01
2.380000000000001226e+00 6.869719924568459257e-01
2.390000000000001457e+00 6.289987584450104086e-01
2.400000000000001243e+00 5.000243963348802723e-01
2.410000000000001030e+00 3.332679983564398873e-01
2.420000000000001261e+00 1.712416225176013607e-01
2.430000000000001492e+00 5.312224684956996096e-02
2.440000000000001279e+00 4.192999048209229168e-08
2.450000000000001066e+00 2.855342601002448911e-12
2.460000000000001297e+00 2.033254698229515796e-11
2.470000000000001528e+00 1.608183710944500512e-11
2.480000000000001315e+00 3.571283092834142712e-12
2.490000000000001101e+00 2.707523810386977883e-03
2.500000000000001332e+00 5.191953014559511081e-02
2.510000000000001563e+00 1.521773972561522581e-01
2.520000000000001350e+00 2.820903844656022508e-01
2.530000000000001137e+00 4.080952604067818457e-01
2.540000000000001368e+00 4.968984968476375941e-01
2.550000000000001599e+00 5.251885707535213221e-01
2.560000000000001386e+00 4.856393582102175310e-01
2.570000000000001172e+00 3.886685038153050442e-01
2.580000000000001403e+00 2.598287138434773325e-01
2.590000000000001634e+00 1.330901251997963775e-01
2.600000000000001421e+00 4.062254104913665814e-02
2.610000000000001208e+00 8.797453097936754929e-10
2.620000000000001439e+00 4.057304117500898956e-12
2.630000000000001670e+00 1.339652001592706013e-11
2.640000000000001457e+00 1.076535762941147692e-11
2.650000000000001243e+00 1.025308832967659820e-11
2.660000000000001474e+00 1.033125129185049702e-11
2.670000000000001705e+00 1.074519400566576357e-11
2.680000000000001492e+00 1.154258057637313174e-11
2.690000000000001279e+00 1.475498924573212315e-11
2.700000000000001510e+00 4.155503497247164545e-12
2.710000000000001741e+00 8.773940984281615913e-10
2.720000000000001528e+00 2.881742932312632288e-02
2.730000000000001315e+00 9.501229630943146265e-02
2.740000000000001545e+00 1.858741419627375768e-01
2.750000000000001776e+00 2.781629891504220908e-01
2.760000000000001563e+00 3.473731429739235765e-01
2.770000000000001350e+00 3.750044883363197190e-01
2.780000000000001581e+00 3.534083050815423066e-01
2.790000000000001812e+00 2.878556328251352103e-01
2.800000000000001599e+00 1.955667344435349231e-01
2.810000000000001386e+00 1.015497450280646446e-01
2.820000000000001616e+00 3.122941270423310045e-02
2.830000000000001847e+00 4.662151306126102590e-10
2.840000000000001634e+00 4.369682624421561157e-12
2.850000000000001421e+00 8.611695270079623005e-12
2.860000000000001652e+00 7.590534793216282016e-12
2.870000000000001883e+00 6.638085158915878988e-12
2.880000000000001670e+00 5.659404559257555907e-12
2.890000000000001457e+00 4.963792598437921195e-12
2.900000000000001688e+00 4.534023521107788583e-12
2.910000000000001918e+00 4.250386604002676177e-12
2.920000000000001705e+00 4.065355947366355926e-12
2.930000000000001492e+00 3.960209272498897977e-12
2.940000000000001723e+00 3.917700871351794486e-12
2.950000000000001954e+00 3.944031078405738783e-12
2.960000000000001741e+00 4.109125113351202259e-12
2.970000000000001528e+00 4.471279549547177230e-12
2.980000000000001759e+00 3.637637340192284996e-12
2.990000000000001990e+00 1.026654969826067256e-11
