2.800000000000000266e-01 9.119294996927868047e-01 9.174915414330317986e-01 9.140650102354851425e-01
2.880000000000000338e-01 9.085821720274355195e-01 9.176454443433074148e-01 9.128067793871882385e-01
2.960000000000000409e-01 9.086381390332108898e-01 9.177993730697402430e-01 9.124193196215577562e-01
3.040000000000000480e-01 9.099674192832384323e-01 9.179533276166605971e-01 9.129820961675618740e-01
3.120000000000000551e-01 9.133409328707035035e-01 9.181073079883996790e-01 9.143738175293725234e-01
3.200000000000000067e-01 9.147836093075402131e-01 9.182613141892895792e-01 9.159631301615143162e-01
3.280000000000000138e-01 9.159061050965673356e-01 9.184153462236629428e-01 9.166615983353314512e-01
3.360000000000000209e-01 9.156916718439097602e-01 9.185694040958531925e-01 9.159789163701639314e-01
3.440000000000000280e-01 9.142745287545634980e-01 9.187234878101941948e-01 9.150595950611539742e-01
3.520000000000000351e-01 9.127794948615828297e-01 9.188775973710210376e-01 9.160512483673264317e-01
3.600000000000000422e-01 9.155159861038110192e-01 9.190317327826691418e-01 9.203231122305675083e-01
3.679999999999999938e-01 9.255054924515661030e-01 9.191858940494750385e-01 9.280401808389935336e-01
3.760000000000000009e-01 9.404236683678184328e-01 9.193400811757753699e-01 9.396476214084956702e-01
3.840000000000000080e-01 9.601677680604844278e-01 9.194942941659083324e-01 9.562572490768974642e-01
3.920000000000000151e-01 9.798449800760696826e-01 9.196485330242120115e-01 9.768433188959719793e-01
4.000000000000000222e-01 9.935360782323465756e-01 9.198027977550258250e-01 9.954783560996615099e-01
4.080000000000000293e-01 1.000000000000000000e+00 9.199570883626897455e-01 1.003676944730037768e+00
4.160000000000000364e-01 9.951368819137899058e-01 9.198166456423048087e-01 9.967508618787013219e-01
4.240000000000000435e-01 9.809281612663988126e-01 9.196623785889924685e-01 9.787165072711332403e-01
4.320000000000000506e-01 9.615600889814275298e-01 9.195081374085798398e-01 9.579939232667393778e-01
4.400000000000000577e-01 9.408889510883073903e-01 9.193539220967273939e-01 9.409251361598613972e-01
4.480000000000000648e-01 9.275273017208901516e-01 9.191997326490969344e-01 9.289082816567674206e-01
4.560000000000000164e-01 9.188637651740105827e-01 9.190455690613502648e-01 9.208742250427186526e-01
4.640000000000000235e-01 9.159329806631767434e-01 9.188914313291505209e-01 9.162915718267368170e-01
4.720000000000000306e-01 9.170460655469311329e-01 9.187373194481615046e-01 9.150410389025519509e-01
4.800000000000000377e-01 9.191060429613335803e-01 9.185832334140471289e-01 9.158775505533449657e-01
4.879999999999999893e-01 9.194713122678860318e-01 9.184291732224727500e-01 9.166522529089813354e-01
4.959999999999999964e-01 9.191558659254007724e-01 9.182751388691042793e-01 9.160770315571369338e-01
5.040000000000000036e-01 9.169080894460333031e-01 9.181211303496081833e-01 9.145226926529920197e-01
5.120000000000000107e-01 9.147988650094877050e-01 9.179671476596515944e-01 9.130781832716206026e-01
5.200000000000000178e-01 9.131539553328524850e-01 9.178131907949025337e-01 9.124309884210146659e-01
5.280000000000000249e-01 9.142310445688154319e-01 9.176592597510300209e-01 9.127339618314673775e-01
5.360000000000000320e-01 9.158310263164298748e-01 9.175053545237031871e-01 9.139222087368003011e-01
5.440000000000000391e-01 9.169885780417674770e-01 9.173514751085923846e-01 9.157058089723517647e-01
5.520000000000000462e-01 9.188979507170156324e-01 9.171976215013684097e-01 9.174548792429901845e-01
5.600000000000000533e-01 9.177835131590647011e-01 9.170437936977029469e-01 9.184687668281483752e-01
5.680000000000000604e-01 9.181247533418099849e-01 9.168899916932683469e-01 9.184405924106222585e-01
5.760000000000000675e-01 9.167503829526084669e-01 9.167362154837376265e-01 9.175998373333420499e-01
5.840000000000000746e-01 9.154454672978923346e-01 9.165824650647848015e-01 9.164646308024533283e-01
5.920000000000000817e-01 9.146316869228402480e-01 9.164287404320841102e-01 9.155322552447900941e-01
6.000000000000000888e-01 9.144424747542952980e-01 9.162750415813110116e-01 9.151058702866319283e-01
6.080000000000000959e-01 9.159773397888613111e-01 9.161213685081414093e-01 9.152215117867903427e-01
6.160000000000001030e-01 9.168116610275475198e-01 9.159677212082520947e-01 9.156546285957689602e-01
6.239999999999999991e-01 9.183318223353507115e-01 9.158140996773204145e-01 9.160470572891227237e-01
6.320000000000000062e-01 9.170996106290260075e-01 9.156605039110246036e-01 9.161072373376885070e-01
6.400000000000000133e-01 9.157652478777468241e-01 9.155069339050434518e-01 9.157498226503071326e-01
6.480000000000000204e-01 9.141811585477733759e-01 9.153533896550566373e-01 9.151013865217239029e-01
6.560000000000000275e-01 9.138686741150979786e-01 9.151998711567443934e-01 9.144068235242004405e-01
6.640000000000000346e-01 9.139003083605269362e-01 9.150463784057880634e-01 9.139044372047473441e-01
6.720000000000000417e-01 9.136592636601644779e-01 9.148929113978689909e-01 9.137227326475809708e-01
6.800000000000000488e-01 9.139062297212050545e-01 9.147394701286700736e-01 9.138392713410417034e-01
6.879999999999999449e-01 9.151811441864290408e-01 9.145860545938743202e-01 9.141157980448788578e-01
6.959999999999999520e-01 9.154060771257918061e-01 9.144326647891658499e-01 9.143803355728244986e-01
7.039999999999999591e-01 9.149775447832704245e-01 9.142793007102291147e-01 9.145064125917896636e-01
7.119999999999999662e-01 9.142680722280412953e-01 9.141259623527497880e-01 9.144556775797449966e-01
7.199999999999999734e-01 9.141255313554246253e-01 9.139726497124136539e-01 9.142745227747322012e-01
7.279999999999999805e-01 9.140424394068176195e-01 9.138193627849079403e-01 9.140530489003526604e-01
7.359999999999999876e-01 9.134316126961286031e-01 9.136661015659198748e-01 9.138709333673488144e-01
7.439999999999999947e-01 9.142846443216789964e-01 9.135128660511380172e-01 9.137608984681419022e-01
7.520000000000000018e-01 9.136224830613833836e-01 9.133596562362512605e-01 9.137049789422836410e-01
7.600000000000000089e-01 9.136723503834573989e-01 9.132064721169493859e-01 9.136559051819730382e-01
7.680000000000000160e-01 9.141418572967974221e-01 9.130533136889228407e-01 9.135667006203811447e-01
7.760000000000000231e-01 9.141874902930693381e-01 9.129001809478628493e-01 9.134143973654471615e-01
7.840000000000000302e-01 9.139161836186502352e-01 9.127470738894611912e-01 9.132080196472696088e-01
7.920000000000000373e-01 9.126062693372094525e-01 9.125939925094107563e-01 9.129780855092327618e-01
8.000000000000000444e-01 9.109441428408590058e-01 9.124409368034046564e-01 9.127562010643756052e-01
8.080000000000000515e-01 9.122723518683883981e-01 9.122879067671368913e-01 9.125587448491072617e-01
8.160000000000000586e-01 9.123915018919496189e-01 9.121349023963026825e-01 9.123824845832664288e-01
8.240000000000000657e-01 9.120493248036986023e-01 9.119819236865971401e-01 9.122108830542894342e-01
8.320000000000000728e-01 9.119943377744487156e-01 9.118289706337167067e-01 9.120257821745930693e-01
8.400000000000000799e-01 9.120955129137132689e-01 9.116760432333582687e-01 9.118182203477313008e-01
8.479999999999999760e-01 9.120772947646360596e-01 9.115231414812196009e-01 9.115926293814162751e-01
8.559999999999999831e-01 9.116213130416225274e-01 9.113702653729989223e-01 9.113628780171053601e-01
8.639999999999999902e-01 9.108944361117935484e-01 9.112174149043956728e-01 9.111444014849148232e-01
8.719999999999999973e-01 9.104558741097199537e-01 9.110645900711094036e-01 9.109479640584311477e-01
8.800000000000000044e-01 9.097433256525622181e-01 9.109117908688408871e-01 9.107773609583802443e-01
8.880000000000000115e-01 9.101264571764623446e-01 9.107590172932913397e-01 9.106305716859668387e-01
8.960000000000000187e-01 9.105500008785579746e-01 9.106062693401627550e-01 9.105029195986553692e-01
9.040000000000000258e-01 9.109080501854456280e-01 9.104535470051579038e-01 9.103899891278111056e-01
9.120000000000000329e-01 9.107667839496067508e-01 9.103008502839801119e-01 9.102882542739434424e-01
9.200000000000000400e-01 9.096806761264737418e-01 9.101481791723338155e-01 9.101936983819716165e-01
9.280000000000000471e-01 9.100830459240576431e-01 9.099955336659236727e-01 9.101005782038136260e-01
9.360000000000000542e-01 9.093485012432649395e-01 9.098429137604555628e-01 9.100016379316255843e-01
9.440000000000000613e-01 9.098632005473636930e-01 9.096903194516355873e-01 9.098894262200083460e-01
9.520000000000000684e-01 9.094008813499295796e-01 9.095377507351707358e-01 9.097580292534254154e-01
9.600000000000000755e-01 9.093972943099815076e-01 9.093852076067691081e-01 9.096045742151307456e-01
9.679999999999999716e-01 9.085175163572702939e-01 9.092326900621389152e-01 9.094295795481353029e-01
9.759999999999999787e-01 9.092594301890912778e-01 9.090801980969894780e-01 9.092358488122109783e-01
9.839999999999999858e-01 9.089305423986943078e-01 9.089277317070307838e-01 9.090269669482786696e-01
9.919999999999999929e-01 9.092968048303151640e-01 9.087752908879733749e-01 9.088066088095111406e-01
1.000000000000000000e+00 9.081508553158282870e-01 9.086228756355287928e-01 9.085787273843005662e-01
1.008000000000000007e+00 9.079877971057499497e-01 9.084704859454089121e-01 9.083480576927366323e-01
1.016000000000000014e+00 9.080574438526844983e-01 9.083181218133268287e-01 9.081205131141765197e-01
1.024000000000000021e+00 9.077586315498192837e-01 9.081657832349958603e-01 9.079029565028398086e-01
1.032000000000000028e+00 9.074872312436425004e-01 9.080134702061303242e-01 9.077018940032888228e-01
1.040000000000000036e+00 9.077797732427923538e-01 9.078611827224450925e-01 9.075216134030081871e-01
1.048000000000000043e+00 9.071045234833131632e-01 9.077089207796560366e-01 9.073630470436734319e-01
1.056000000000000050e+00 9.072996056314371893e-01 9.075566843734794720e-01 9.072239950205984726e-01
1.064000000000000057e+00 9.080796759493714454e-01 9.074044734996323802e-01 9.071002859530674645e-01
1.072000000000000064e+00 9.072867187096190777e-01 9.072522881538329642e-01 9.069872299588862541e-01
1.080000000000000071e+00 9.068190499899091428e-01 9.071001283317995378e-01 9.068808472105551743e-01
1.088000000000000078e+00 9.062829905025140409e-01 9.069479940292513032e-01 9.067782992960879973e-01
1.096000000000000085e+00 9.069487940760587730e-01 9.067958852419084614e-01 9.066773447633711402e-01
1.104000000000000092e+00 9.061013153282901911e-01 9.066438019654916580e-01 9.065754916802506447e-01
1.112000000000000099e+00 9.071590472987920428e-01 9.064917441957223154e-01 9.064696825425266891e-01
1.120000000000000107e+00 9.066803102576498352e-01 9.063397119283226333e-01 9.063566570261734068e-01
1.128000000000000114e+00 9.065669535447573590e-01 9.061877051590153664e-01 9.062336892863236404e-01
1.136000000000000121e+00 9.073661645485611160e-01 9.060357238835240468e-01 9.060994280559486747e-01
1.144000000000000128e+00 9.075442794815802294e-01 9.058837680975733164e-01 9.059544254636830996e-01
1.152000000000000135e+00 9.062380053425557191e-01 9.057318377968879286e-01 9.058008581580300200e-01
1.160000000000000142e+00 9.057070330690917270e-01 9.055799329771936357e-01 9.056415428454573924e-01
1.168000000000000149e+00 9.060492156678295883e-01 9.054280536342168562e-01 9.054789893703438786e-01
1.176000000000000156e+00 9.063169227443245157e-01 9.052761997636850078e-01 9.053150059480468137e-01
1.184000000000000163e+00 9.055151498985917202e-01 9.051243713613257302e-01 9.051507796107076675e-01
1.192000000000000171e+00 9.056596442456180673e-01 9.049725684228676625e-01 9.049872321598984026e-01
1.200000000000000178e+00 9.049874583493252578e-01 9.048207909440403318e-01 9.048254729261411278e-01
1.208000000000000185e+00 9.049205967326023892e-01 9.046690389205735983e-01 9.046669631573818204e-01
1.216000000000000192e+00 9.052110346522235229e-01 9.045173123481980992e-01 9.045131352263960922e-01
1.223999999999999977e+00 9.050584905346910070e-01 9.043656112226454713e-01 9.043648034042881534e-01
1.231999999999999984e+00 9.043053800842266732e-01 9.042139355396480171e-01 9.042218831113344457e-01
1.239999999999999991e+00 9.041269541605865268e-01 9.040622852949383725e-01 9.040834849972465559e-01
1.247999999999999998e+00 9.044798832286849999e-01 9.039106604842502835e-01 9.039482052668162959e-01
1.256000000000000005e+00 9.044720864127343551e-01 9.037590611033180510e-01 9.038145681585649793e-01
1.264000000000000012e+00 9.049157817927768743e-01 9.036074871478767534e-01 9.036814577262550774e-01
1.272000000000000020e+00 9.038427894330921530e-01 9.034559386136622461e-01 9.035481640843407991e-01
1.280000000000000027e+00 9.029831913532341270e-01 9.033044154964107175e-01 9.034140199858136100e-01
1.288000000000000034e+00 9.027757232626737460e-01 9.031529177918596885e-01 9.032780883372275582e-01
1.296000000000000041e+00 9.035644818908349363e-01 9.030014454957469017e-01 9.031391730166056231e-01
1.304000000000000048e+00 9.031825039802576782e-01 9.028499986038110992e-01 9.029959968164644746e-01
1.312000000000000055e+00 9.026406613099385856e-01 9.026985771117915780e-01 9.028474601157424617e-01
1.320000000000000062e+00 9.028297057179351937e-01 9.025471810154281904e-01 9.026930220485817058e-01
1.328000000000000069e+00 9.025257887233512077e-01 9.023958103104618989e-01 9.025329515139806080e-01
1.336000000000000076e+00 9.022620990841404565e-01 9.022444649926341098e-01 9.023681404605414791e-01
1.344000000000000083e+00 9.023030550740596123e-01 9.020931450576871180e-01 9.021996985605419406e-01
1.352000000000000091e+00 9.019697816275984437e-01 9.019418505013637732e-01 9.020287597326523965e-01
1.360000000000000098e+00 9.012182816364662230e-01 9.017905813194075915e-01 9.018564774907827930e-01
1.368000000000000105e+00 9.015243106953387819e-01 9.016393375075631988e-01 9.016839914442542625e-01
1.376000000000000112e+00 9.013593642048806087e-01 9.014881190615753326e-01 9.015124594261872959e-01
1.384000000000000119e+00 9.013886945650129157e-01 9.013369259771899511e-01 9.013431992210820809e-01
1.392000000000000126e+00 9.003377123361747669e-01 9.011857582501534569e-01 9.011776014582254524e-01
1.400000000000000133e+00 8.998119115749690922e-01 9.010346158762130298e-01 9.010167032094289485e-01
1.407999999999999918e+00 9.005240477847515912e-01 9.008834988511166264e-01 9.008608702877071162e-01
1.415999999999999925e+00 9.001697394089572812e-01 9.007324071706127588e-01 9.007098501179087169e-01
1.423999999999999932e+00 9.007372966078384113e-01 9.005813408304509382e-01 9.005629118022708823e-01
1.431999999999999940e+00 8.993324929163002412e-01 9.004302998263811197e-01 9.004189447185002582e-01
1.439999999999999947e+00 9.001584559998706547e-01 9.002792841541539248e-01 9.002767354647169817e-01
1.447999999999999954e+00 8.997841042033805081e-01 9.001282938095210850e-01 9.001352813563850974e-01
1.455999999999999961e+00 8.989720155949753044e-01 8.999773287882345540e-01 8.999937076395281288e-01
1.463999999999999968e+00 8.996064963499781353e-01 8.998263890860473957e-01 8.998509421526629248e-01
1.471999999999999975e+00 8.988594395089645195e-01 8.996754746987132290e-01 8.997056890032697485e-01
1.479999999999999982e+00 8.981936186992393045e-01 8.995245856219861169e-01 8.995566444980722665e-01
1.487999999999999989e+00 8.986937971909791933e-01 8.993737218516213439e-01 8.994025520266505369e-01
1.495999999999999996e+00 8.986518806966502515e-01 8.992228833833745272e-01 8.992422596437326110e-01
1.504000000000000004e+00 8.982886040276226725e-01 8.990720702130021724e-01 8.990750675005600989e-01
1.512000000000000011e+00 8.989722198393218511e-01 8.989212823362614513e-01 8.989009482853419497e-01
1.520000000000000018e+00 8.975594073059509626e-01 8.987705197489102016e-01 8.987202699579335263e-01
1.528000000000000025e+00 8.978460201050810774e-01 8.986197824467071493e-01 8.985335482679714936e-01
1.536000000000000032e+00 8.980678409610378665e-01 8.984690704254113536e-01 8.983416698970942971e-01
1.544000000000000039e+00 8.984651654256773368e-01 8.983183836807830946e-01 8.981460740126705478e-01
1.552000000000000046e+00 8.979400346585130199e-01 8.981677222085827639e-01 8.979485511418340282e-01
1.560000000000000053e+00 8.968976391636647172e-01 8.980170860045721959e-01 8.977512177699720208e-01
1.568000000000000060e+00 8.969404990374649778e-01 8.978664750645132253e-01 8.975568033674112822e-01
1.576000000000000068e+00 8.963522986265690662e-01 8.977158893841687970e-01 8.973684664375475295e-01
1.584000000000000075e+00 8.974001124083409442e-01 8.975653289593026329e-01 8.971890799176808207e-01
1.592000000000000082e+00 8.969282459855899559e-01 8.974147937856786772e-01 8.970209791745545891e-01
1.600000000000000089e+00 8.970497442750609007e-01 8.972642838590623171e-01 8.968662674458129924e-01
1.608000000000000096e+00 8.967673189609202122e-01 8.971137991752190510e-01 8.967266873713237718e-01
1.616000000000000103e+00 8.970319716520330777e-01 8.969633397299151545e-01 8.966031215388169384e-01
1.624000000000000110e+00 8.964143391407699557e-01 8.968129055189179022e-01 8.964957446400184660e-01
1.632000000000000117e+00 8.959170910800284826e-01 8.966624965379951240e-01 8.964044794917125358e-01
1.640000000000000124e+00 8.961845378106634286e-01 8.965121127829153158e-01 8.963285610569344808e-01
1.648000000000000131e+00 8.963035213826638925e-01 8.963617542494477508e-01 8.962657974880181566e-01
1.655999999999999917e+00 8.967515372711151178e-01 8.962114209333623682e-01 8.962129544576966644e-01
1.663999999999999924e+00 8.969138203179564117e-01 8.960611128304298845e-01 8.961665685818337446e-01
1.671999999999999931e+00 8.970352938074868110e-01 8.959108299364215711e-01 8.961227193263314739e-01
1.679999999999999938e+00 8.972960158234010164e-01 8.957605722471095877e-01 8.960766776903008601e-01
1.687999999999999945e+00 8.971304395765449247e-01 8.956103397582667602e-01 8.960238652503407231e-01
1.695999999999999952e+00 8.978452379910351056e-01 8.954601324656665806e-01 8.959607429596165851e-01
1.703999999999999959e+00 8.974835866881656354e-01 8.953099503650830959e-01 8.958840302212138784e-01
1.711999999999999966e+00 8.968947145179577696e-01 8.951597934522914635e-01 8.957900272607595138e-01
1.719999999999999973e+00 8.969402730657426437e-01 8.950096617230671736e-01 8.956758114081418976e-01
1.727999999999999980e+00 8.963815181983227909e-01 8.948595551731866049e-01 8.955401851190993856e-01
1.735999999999999988e+00 8.964386282311779253e-01 8.947094737984268020e-01 8.953825328862199395e-01
1.743999999999999995e+00 8.967314698090502745e-01 8.945594175945655868e-01 8.952021291441132345e-01
1.752000000000000002e+00 8.965363049626894343e-01 8.944093865573812252e-01 8.949997157068315667e-01
1.760000000000000009e+00 8.960269341845227276e-01 8.942593806826530933e-01 8.947781805380536913e-01
1.768000000000000016e+00 8.958649260697649774e-01 8.941093999661609004e-01 8.945404571883528444e-01
1.776000000000000023e+00 8.956239739184503890e-01 8.939594444036853549e-01 8.942885370614090945e-01
1.784000000000000030e+00 8.953326691037845064e-01 8.938095139910078313e-01 8.940256495307430384e-01
1.792000000000000037e+00 8.945111022623609687e-01 8.936596087239100372e-01 8.937570353656352218e-01
1.800000000000000044e+00 8.933136330134114900e-01 8.935097285981750126e-01 8.934871573816987045e-01
1.808000000000000052e+00 8.932725697080090566e-01 8.933598736095859083e-01 8.932187013618186899e-01
1.816000000000000059e+00 8.933283774606065597e-01 8.932100437539270965e-01 8.929555575223352415e-01
1.824000000000000066e+00 8.923497590783895372e-01 8.930602390269832824e-01 8.927034388249056596e-01
1.832000000000000073e+00 8.919340214916687826e-01 8.929104594245398374e-01 8.924658705924068958e-01
1.840000000000000080e+00 8.915304345396644070e-01 8.927607049423832430e-01 8.922431339584387944e-01
1.848000000000000087e+00 8.916669461235200433e-01 8.926109755763004250e-01 8.920367233253234662e-01
1.856000000000000094e+00 8.908791225347711951e-01 8.924612713220788640e-01 8.918504530710247291e-01
1.864000000000000101e+00 8.911827092450193000e-01 8.923115921755071511e-01 8.916852808674795572e-01
1.872000000000000108e+00 8.903031310430610246e-01 8.921619381323740994e-01 8.915380904302168119e-01
1.880000000000000115e+00 8.896827232964691357e-01 8.920123091884698541e-01 8.914077497077598222e-01
1.888000000000000123e+00 8.900537713811900176e-01 8.918627053395845605e-01 8.912965361960765165e-01
1.896000000000000130e+00 8.895603767491871983e-01 8.917131265815095853e-01 8.912030317036296889e-01
1.904000000000000137e+00 8.892976048029037628e-01 8.915635729100367390e-01 8.911203525438347040e-01
1.911999999999999922e+00 8.894401679617937040e-01 8.914140443209586095e-01 8.910445899822674320e-01
