2.800000000000000266e-01 9.478689743651340649e-01 9.524548333453018989e-01 9.500607117378914168e-01
2.880000000000000338e-01 9.438894378108670935e-01 9.525874244627733356e-01 9.491733680422258512e-01
2.960000000000000409e-01 9.447676925196553110e-01 9.527200340382373511e-01 9.485442879720332732e-01
3.040000000000000480e-01 9.452564370321768772e-01 9.528526620742638897e-01 9.482753813271851406e-01
3.120000000000000551e-01 9.462739568943629997e-01 9.529853085734225626e-01 9.483757700590396134e-01
3.200000000000000067e-01 9.457697508955131838e-01 9.531179735382836471e-01 9.487334836354632817e-01
3.280000000000000138e-01 9.469943003156103822e-01 9.532506569714178646e-01 9.491807578500648379e-01
3.360000000000000209e-01 9.477076442440841575e-01 9.533833588753960475e-01 9.497220363199043724e-01
3.440000000000000280e-01 9.492665828219851720e-01 9.535160792527895834e-01 9.507372255924311233e-01
3.520000000000000351e-01 9.506970457749794878e-01 9.536488181061701930e-01 9.528530935869194973e-01
3.600000000000000422e-01 9.541376338677838298e-01 9.537815754381098188e-01 9.565437204107428704e-01
3.679999999999999938e-01 9.610197668933915249e-01 9.539143512511809586e-01 9.619428990424114811e-01
3.760000000000000009e-01 9.698262454052591908e-01 9.540471455479562213e-01 9.690597069242239403e-01
3.840000000000000080e-01 9.789474940876508047e-01 9.541799583310089927e-01 9.778409161735364119e-01
3.920000000000000151e-01 9.886364050254159430e-01 9.543127896029125479e-01 9.875663396503875369e-01
4.000000000000000222e-01 9.957756487199617146e-01 9.544456393662407168e-01 9.961862232034728315e-01
4.080000000000000293e-01 1.000000000000000000e+00 9.545785076235676625e-01 1.000844863847193622e+00
4.160000000000000364e-01 9.983217201309225741e-01 9.545209820733492334e-01 9.994772695685854025e-01
4.240000000000000435e-01 9.928896588362224884e-01 9.543881218230322316e-01 9.927683030957137333e-01
4.320000000000000506e-01 9.842211026093958814e-01 9.542552800655995648e-01 9.833381204583269142e-01
4.400000000000000577e-01 9.739283131341094357e-01 9.541224567984771809e-01 9.738569716150459188e-01
4.480000000000000648e-01 9.654039156860569904e-01 9.539896520190913609e-01 9.657672143567106460e-01
4.560000000000000164e-01 9.588103391193656400e-01 9.538568657248689409e-01 9.593952375814730482e-01
4.640000000000000235e-01 9.543238775011322339e-01 9.537240979132367569e-01 9.547366851204983629e-01
4.720000000000000306e-01 9.524673371212331041e-01 9.535913485816224222e-01 9.517639903624253161e-01
4.800000000000000377e-01 9.519524907132080882e-01 9.534586177274535501e-01 9.502016641868601399e-01
4.879999999999999893e-01 9.515495863551183264e-01 9.533259053481581979e-01 9.494612463256790758e-01
4.959999999999999964e-01 9.524679680498276957e-01 9.531932114411650891e-01 9.489826156638374588e-01
5.040000000000000036e-01 9.511800317087396595e-01 9.530605360039028362e-01 9.485580399762825188e-01
5.120000000000000107e-01 9.510909881987106296e-01 9.529278790338007177e-01 9.482913179002698811e-01
5.200000000000000178e-01 9.504260251179453833e-01 9.527952405282882342e-01 9.483445392439875388e-01
5.280000000000000249e-01 9.507549906711326715e-01 9.526626204847953305e-01 9.487766675047082376e-01
5.360000000000000320e-01 9.507885432947690285e-01 9.525300189007522844e-01 9.495344073076172897e-01
5.440000000000000391e-01 9.516669027450520568e-01 9.523974357735895957e-01 9.504847647939957955e-01
5.520000000000000462e-01 9.523274562185697345e-01 9.522648711007384303e-01 9.514415627334097403e-01
5.600000000000000533e-01 9.519137163311773842e-01 9.521323248796298433e-01 9.522145493764176960e-01
5.680000000000000604e-01 9.527925242161801034e-01 9.519997971076959997e-01 9.526759255150961669e-01
5.760000000000000675e-01 9.524017891223603982e-01 9.518672877823683987e-01 9.527980351784405277e-01
5.840000000000000746e-01 9.518703193955287967e-01 9.517347969010798714e-01 9.526424147130245768e-01
5.920000000000000817e-01 9.507138524125102741e-01 9.516023244612629162e-01 9.523200454284254102e-01
6.000000000000000888e-01 9.506408836659809847e-01 9.514698704603508084e-01 9.519468220562026239e-01
6.080000000000000959e-01 9.510220233985481331e-01 9.513374348957769344e-01 9.516078891481877244e-01
6.160000000000001030e-01 9.519680792704927619e-01 9.512050177649751248e-01 9.513409075357210920e-01
6.239999999999999991e-01 9.519281287561094373e-01 9.510726190653797651e-01 9.511419074413240971e-01
6.320000000000000062e-01 9.519834487146059399e-01 9.509402387944251300e-01 9.509852730472625471e-01
6.400000000000000133e-01 9.511531909268364782e-01 9.508078769495463822e-01 9.508443530210801686e-01
6.480000000000000204e-01 9.510302227708350431e-01 9.506755335281785735e-01 9.507040596793838727e-01
6.560000000000000275e-01 9.509199956591513070e-01 9.505432085277574217e-01 9.505631219030672430e-01
6.640000000000000346e-01 9.508030610542324013e-01 9.504109019457189778e-01 9.504280970525655903e-01
6.720000000000000417e-01 9.505253561218978131e-01 9.502786137794994037e-01 9.503048215672589283e-01
6.800000000000000488e-01 9.501589720748135903e-01 9.501463440265355276e-01 9.501932996814588250e-01
6.879999999999999449e-01 9.500862884561899202e-01 9.500140926842643996e-01 9.500880427214718482e-01
6.959999999999999520e-01 9.505308324505244988e-01 9.498818597501232919e-01 9.499818364483142430e-01
7.039999999999999591e-01 9.515300983160130954e-01 9.497496452215502538e-01 9.498699469781102245e-01
7.119999999999999662e-01 9.505873717896682340e-01 9.496174490959830017e-01 9.497524780297998959e-01
7.199999999999999734e-01 9.504159104409506398e-01 9.494852713708603620e-01 9.496336705725334504e-01
7.279999999999999805e-01 9.498154666987033146e-01 9.493531120436210502e-01 9.495187418178496763e-01
7.359999999999999876e-01 9.491201363539127911e-01 9.492209711117041149e-01 9.494104414074941989e-01
7.439999999999999947e-01 9.502221659930858433e-01 9.490888485725493817e-01 9.493072688170873796e-01
7.520000000000000018e-01 9.496728506134254344e-01 9.489567444235965654e-01 9.492038331281842378e-01
7.600000000000000089e-01 9.496908423048543435e-01 9.488246586622858247e-01 9.490927580036916389e-01
7.680000000000000160e-01 9.498556151850306994e-01 9.486925912860579846e-01 9.489671105453207911e-01
7.760000000000000231e-01 9.496153562347785515e-01 9.485605422923539809e-01 9.488222576211907677e-01
7.840000000000000302e-01 9.495459553378414741e-01 9.484285116786150827e-01 9.486565445868649915e-01
7.920000000000000373e-01 9.491416131234521325e-01 9.482964994422828919e-01 9.484710400009488396e-01
8.000000000000000444e-01 9.486582403328942537e-01 9.481645055807996769e-01 9.482689591339700241e-01
8.080000000000000515e-01 9.480501653438009324e-01 9.480325300916077058e-01 9.480551203488107870e-01
8.160000000000000586e-01 9.480847950071336072e-01 9.479005729721495799e-01 9.478354982099770343e-01
8.240000000000000657e-01 9.477506633976513495e-01 9.477686342198686775e-01 9.476168212248582412e-01
8.320000000000000728e-01 9.475934015511193742e-01 9.476367138322083772e-01 9.474060604225371662e-01
8.400000000000000799e-01 9.468217313095421694e-01 9.475048118066122793e-01 9.472096959270694949e-01
8.479999999999999760e-01 9.475184975818206068e-01 9.473729281405247615e-01 9.470329134990641551e-01
8.559999999999999831e-01 9.464422834430646914e-01 9.472410628313905345e-01 9.468790326096061527e-01
8.639999999999999902e-01 9.473713451239428318e-01 9.471092158766540869e-01 9.467493131375026572e-01
8.719999999999999973e-01 9.467643262315277308e-01 9.469773872737609066e-01 9.466430859214092219e-01
8.800000000000000044e-01 9.453796378362171460e-01 9.468455770201565924e-01 9.465580747148705232e-01
8.880000000000000115e-01 9.455335861661051666e-01 9.467137851132869653e-01 9.464907405397195994e-01
8.960000000000000187e-01 9.457338296386783583e-01 9.465820115505985122e-01 9.464365116748558737e-01
9.040000000000000258e-01 9.469633741323582043e-01 9.464502563295377202e-01 9.463899338013919138e-01
9.120000000000000329e-01 9.464499771553691598e-01 9.463185194475518536e-01 9.463449105879213619e-01
9.200000000000000400e-01 9.458627861111548185e-01 9.461868009020878434e-01 9.462951364345482119e-01
9.280000000000000471e-01 9.462560530360046851e-01 9.460551006905939531e-01 9.462346761087139235e-01
9.360000000000000542e-01 9.460441708495491708e-01 9.459234188105177799e-01 9.461585776944336779e-01
9.440000000000000613e-01 9.460365625199694817e-01 9.457917552593081423e-01 9.460633820212982492e-01
9.520000000000000684e-01 9.460519952475663352e-01 9.456601100344137478e-01 9.459473948797347820e-01
9.600000000000000755e-01 9.452214768657082322e-01 9.455284831332836371e-01 9.458106814509241733e-01
9.679999999999999716e-01 9.459364493524261563e-01 9.453968745533672946e-01 9.456548680794193418e-01
9.759999999999999787e-01 9.452292735203146057e-01 9.452652842921147602e-01 9.454828636855282520e-01
9.839999999999999858e-01 9.455172515671116384e-01 9.451337123469760737e-01 9.452985574095688071e-01
9.919999999999999929e-01 9.445751397681327877e-01 9.450021587154018299e-01 9.451065051089266866e-01
1.000000000000000000e+00 9.444332336103264947e-01 9.448706233948431787e-01 9.449115916951054128e-01
1.008000000000000007e+00 9.444325326347494665e-01 9.447391063827511593e-01 9.447186407881590364e-01
1.016000000000000014e+00 9.445723420142390081e-01 9.446076076765774765e-01 9.445319808408639828e-01
1.024000000000000021e+00 9.446749759752269826e-01 9.444761272737740576e-01 9.443550469781583079e-01
1.032000000000000028e+00 9.438387879833111116e-01 9.443446651717933849e-01 9.441901134791571559e-01
1.040000000000000036e+00 9.434546123602461920e-01 9.442132213680879405e-01 9.440382052409259650e-01
1.048000000000000043e+00 9.435383547707009155e-01 9.440817958601110949e-01 9.438991860203738149e-01
1.056000000000000050e+00 9.435729259769279897e-01 9.439503886453159964e-01 9.437719779497133477e-01
1.064000000000000057e+00 9.438694038214247017e-01 9.438189997211565707e-01 9.436548308606209634e-01
1.072000000000000064e+00 9.430685098021657220e-01 9.436876290850867433e-01 9.435455723571937181e-01
1.080000000000000071e+00 9.438158736780413172e-01 9.435562767345611057e-01 9.434418252841948460e-01
1.088000000000000078e+00 9.437411460573575939e-01 9.434249426670345828e-01 9.433412078686042035e-01
1.096000000000000085e+00 9.433205827760290374e-01 9.432936268799622104e-01 9.432415163046750095e-01
1.104000000000000092e+00 9.435955603188683760e-01 9.431623293707995792e-01 9.431408764497518638e-01
1.112000000000000099e+00 9.432489992815410451e-01 9.430310501370025023e-01 9.430378486844548380e-01
1.120000000000000107e+00 9.431610497167428608e-01 9.428997891760272365e-01 9.429314615829498258e-01
1.128000000000000114e+00 9.433380461933817962e-01 9.427685464853304831e-01 9.428211611563880323e-01
1.136000000000000121e+00 9.435946350911870173e-01 9.426373220623691651e-01 9.427067033648208749e-01
1.144000000000000128e+00 9.428713386007774311e-01 9.425061159046005388e-01 9.425880403202755442e-01
1.152000000000000135e+00 9.435672580323775094e-01 9.423749280094823044e-01 9.424652340778230108e-01
1.160000000000000142e+00 9.431524730062849082e-01 9.422437583744723844e-01 9.423384116363811014e-01
1.168000000000000149e+00 9.427420359753613255e-01 9.421126069970293671e-01 9.422077611914341233e-01
1.176000000000000156e+00 9.424446966946093962e-01 9.419814738746117300e-01 9.420735471854236875e-01
1.184000000000000163e+00 9.428417879522960066e-01 9.418503590046785057e-01 9.419361128467174105e-01
1.192000000000000171e+00 9.422661642136773708e-01 9.417192623846893929e-01 9.417958636650123339e-01
1.200000000000000178e+00 9.422984614639147161e-01 9.415881840121039792e-01 9.416532469765985791e-01
1.208000000000000185e+00 9.419637860932793538e-01 9.414571238843824075e-01 9.415087368230128373e-01
1.216000000000000192e+00 9.421558301609705977e-01 9.413260819989852646e-01 9.413628273066914076e-01
1.223999999999999977e+00 9.417511729761276484e-01 9.411950583533733594e-01 9.412160383208094672e-01
1.231999999999999984e+00 9.413652509314870409e-01 9.410640529450078340e-01 9.410689219226506808e-01
1.239999999999999991e+00 9.413055666769611918e-01 9.409330657713502744e-01 9.409220463476173357e-01
1.247999999999999998e+00 9.412593660618719937e-01 9.408020968298624886e-01 9.407759576857733785e-01
1.256000000000000005e+00 9.418622245401234716e-01 9.406711461180069511e-01 9.406311419755429837e-01
1.264000000000000012e+00 9.416979293318981092e-01 9.405402136332461360e-01 9.404879996440933532e-01
1.272000000000000020e+00 9.409183958110146628e-01 9.404092993730429617e-01 9.403468332955515763e-01
1.280000000000000027e+00 9.403283067965216846e-01 9.402784033348606796e-01 9.402078562102142989e-01
1.288000000000000034e+00 9.413120419470365485e-01 9.401475255161632072e-01 9.400712174510921226e-01
1.296000000000000041e+00 9.409924537152177804e-01 9.400166659144144621e-01 9.399370181787471967e-01
1.304000000000000048e+00 9.404429095723338961e-01 9.398858245270785838e-01 9.398053089260030024e-01
1.312000000000000055e+00 9.405136024079674417e-01 9.397550013516206002e-01 9.396760857857748839e-01
1.320000000000000062e+00 9.402175001888055661e-01 9.396241963855055390e-01 9.395492942204546338e-01
1.328000000000000069e+00 9.404309382496709446e-01 9.394934096261987611e-01 9.394248326128734616e-01
1.336000000000000076e+00 9.402249068639891849e-01 9.393626410711660712e-01 9.393025606784535242e-01
1.344000000000000083e+00 9.397280704530912576e-01 9.392318907178736076e-01 9.391823184638966593e-01
1.352000000000000091e+00 9.388842821633641700e-01 9.391011585637877301e-01 9.390639346537452692e-01
1.360000000000000098e+00 9.382969857459513285e-01 9.389704446063755761e-01 9.389472085287013936e-01
1.368000000000000105e+00 9.383079640171996250e-01 9.388397488431040605e-01 9.388318866365366056e-01
1.376000000000000112e+00 9.387213663244436956e-01 9.387090712714409868e-01 9.387176521212294844e-01
1.384000000000000119e+00 9.383639919738698820e-01 9.385784118888540473e-01 9.386041170026526714e-01
1.392000000000000126e+00 9.381804854998716525e-01 9.384477706928116003e-01 9.384908201511544812e-01
1.400000000000000133e+00 9.373937989928499137e-01 9.383171476807821154e-01 9.383772483523132868e-01
1.407999999999999918e+00 9.371007422013143406e-01 9.381865428502347282e-01 9.382628646437749520e-01
1.415999999999999925e+00 9.375690835526420130e-01 9.380559561986386852e-01 9.381471150940747794e-01
1.423999999999999932e+00 9.374999156116772259e-01 9.379253877234635661e-01 9.380294294073447947e-01
1.431999999999999940e+00 9.369066124549075836e-01 9.377948374221795058e-01 9.379092412623729613e-01
1.439999999999999947e+00 9.360305696966642053e-01 9.376643052922567501e-01 9.377860118148325652e-01
1.447999999999999954e+00 9.365677140282332447e-01 9.375337913311663218e-01 9.376592447529206176e-01
1.455999999999999961e+00 9.361124068245622043e-01 9.374032955363788000e-01 9.375285210340211783e-01
1.463999999999999968e+00 9.370364677491598293e-01 9.372728179053659847e-01 9.373935518001880185e-01
1.471999999999999975e+00 9.366235769291388902e-01 9.371423584355995651e-01 9.372542036571882562e-01
1.479999999999999982e+00 9.367241302969658845e-01 9.370119171245515632e-01 9.371104971083481505e-01
1.487999999999999989e+00 9.357869841017818491e-01 9.368814939696944455e-01 9.369626217428996817e-01
1.495999999999999996e+00 9.362512333694158473e-01 9.367510889685013442e-01 9.368109549036514050e-01
1.504000000000000004e+00 9.358470207630512627e-01 9.366207021184451698e-01 9.366560439629425527e-01
1.512000000000000011e+00 9.357868793561414655e-01 9.364903334169994986e-01 9.364985833765764323e-01
1.520000000000000018e+00 9.353123184408995705e-01 9.363599828616381293e-01 9.363394214547887673e-01
1.528000000000000025e+00 9.351505440244072265e-01 9.362296504498355265e-01 9.361795450639658345e-01
1.536000000000000032e+00 9.358937319434075253e-01 9.360993361790661549e-01 9.360200114988060927e-01
1.544000000000000039e+00 9.350872531928829945e-01 9.359690400468049232e-01 9.358618954818496150e-01
1.552000000000000046e+00 9.348610585789437488e-01 9.358387620505270732e-01 9.357062748080311465e-01
1.560000000000000053e+00 9.341381194968270130e-01 9.357085021877084019e-01 9.355541821501589528e-01
1.568000000000000060e+00 9.348916193328080659e-01 9.355782604558249282e-01 9.354065269255662507e-01
1.576000000000000068e+00 9.345819968556510204e-01 9.354480368523527822e-01 9.352640744693221375e-01
1.584000000000000075e+00 9.347414119275522237e-01 9.353178313747687600e-01 9.351274532780966542e-01
1.592000000000000082e+00 9.347530810534934176e-01 9.351876440205499907e-01 9.349970951092949623e-01
1.600000000000000089e+00 9.342081560481718672e-01 9.350574747871738257e-01 9.348731682655579966e-01
1.608000000000000096e+00 9.339830939662573384e-01 9.349273236721179492e-01 9.347556041212092826e-01
1.616000000000000103e+00 9.339643073671829443e-01 9.347971906728606006e-01 9.346441284356608037e-01
1.624000000000000110e+00 9.345838435491095053e-01 9.346670757868801305e-01 9.345382104941268864e-01
1.632000000000000117e+00 9.332780286878938902e-01 9.345369790116553332e-01 9.344370581252875452e-01
1.640000000000000124e+00 9.335966284547824179e-01 9.344069003446654476e-01 9.343397249349878475e-01
1.648000000000000131e+00 9.341099495884312987e-01 9.342768397833898231e-01 9.342451560508093777e-01
1.655999999999999917e+00 9.350831140477171566e-01 9.341467973253084756e-01 9.341521311005821504e-01
1.663999999999999924e+00 9.350694763351297123e-01 9.340167729679016428e-01 9.340593181421835700e-01
1.671999999999999931e+00 9.351926199504814186e-01 9.338867667086497848e-01 9.339654382262821963e-01
1.679999999999999938e+00 9.350697707110396939e-01 9.337567785450336943e-01 9.338692856319150692e-01
1.687999999999999945e+00 9.348900543313701794e-01 9.336268084745348306e-01 9.337696546906294470e-01
1.695999999999999952e+00 9.356106156573772425e-01 9.334968564946347636e-01 9.336654556429024865e-01
1.703999999999999959e+00 9.356951559352730818e-01 9.333669226028153965e-01 9.335558889172996810e-01
1.711999999999999966e+00 9.349836724583501235e-01 9.332370067965590765e-01 9.334403603995522491e-01
1.719999999999999973e+00 9.344445479099395824e-01 9.331071090733483731e-01 9.333183543883825095e-01
1.727999999999999980e+00 9.352226801814446100e-01 9.329772294306664104e-01 9.331896039302609580e-01
1.735999999999999988e+00 9.352868046785896006e-01 9.328473678659966462e-01 9.330542405542726625e-01
1.743999999999999995e+00 9.353942779086115156e-01 9.327175243768225377e-01 9.329125768784141126e-01
1.752000000000000002e+00 9.344655710565200613e-01 9.325876989606283196e-01 9.327649596156182277e-01
1.760000000000000009e+00 9.348361083595404519e-01 9.324578916148984487e-01 9.326120282988372701e-01
1.768000000000000016e+00 9.337201304244530098e-01 9.323281023371173815e-01 9.324548009717467112e-01
1.776000000000000023e+00 9.336551153397912861e-01 9.321983311247706849e-01 9.322942804622319501e-01
1.784000000000000030e+00 9.333621230888203835e-01 9.320685779753434819e-01 9.321313242934674559e-01
1.792000000000000037e+00 9.327122227110915542e-01 9.319388428863216722e-01 9.319670432817899197e-01
1.800000000000000044e+00 9.318941184302462766e-01 9.318091258551914891e-01 9.318028127092395918e-01
1.808000000000000052e+00 9.313819173845861998e-01 9.316794268794393874e-01 9.316397048937881120e-01
1.816000000000000059e+00 9.314824627712001703e-01 9.315497459565522664e-01 9.314784569253253821e-01
1.824000000000000066e+00 9.308168673281861372e-01 9.314200830840172474e-01 9.313200661275304881e-01
1.832000000000000073e+00 9.303845258987757383e-01 9.312904382593218955e-01 9.311656828902237226e-01
1.840000000000000080e+00 9.296269162256545204e-01 9.311608114799543312e-01 9.310158411201513440e-01
1.848000000000000087e+00 9.292074072856133515e-01 9.310312027434025639e-01 9.308706048578707648e-01
1.856000000000000094e+00 9.297401760154007100e-01 9.309016120471554911e-01 9.307304356792684974e-01
1.864000000000000101e+00 9.290972978535674276e-01 9.307720393887016774e-01 9.305959313943301670e-01
1.872000000000000108e+00 9.288658168186426645e-01 9.306424847655307975e-01 9.304668154561587246e-01
1.880000000000000115e+00 9.288114434344668657e-01 9.305129481751321929e-01 9.303423236943005881e-01
1.888000000000000123e+00 9.284521608859073183e-01 9.303834296149962046e-01 9.302223916257517100e-01
1.896000000000000130e+00 9.288944022977083659e-01 9.302539290826129514e-01 9.301071605665660602e-01
1.904000000000000137e+00 9.280741814241200149e-01 9.301244465754732182e-01 9.299956428868736413e-01
1.911999999999999922e+00 9.278616484946047294e-01 9.299949820910681231e-01 9.298864072820378635e-01
