1.000000000000000000e+00 7.871911627159137952e-14
1.010000000000000009e+00 4.080682081945008799e-14
1.020000000000000018e+00 4.183620734392222860e-14
1.030000000000000027e+00 4.549097397809498472e-14
1.040000000000000036e+00 3.954206553067647035e-14
1.050000000000000044e+00 3.561814086670784286e-14
1.060000000000000053e+00 3.523274015674869779e-14
1.070000000000000062e+00 3.147104175458061312e-14
1.080000000000000071e+00 2.998094555850174704e-14
1.090000000000000080e+00 2.899391143836606155e-14
1.100000000000000089e+00 2.734863774972753594e-14
1.110000000000000098e+00 2.714404415336556228e-14
1.120000000000000107e+00 2.473255975242576361e-14
1.130000000000000115e+00 2.446172426168683335e-14
1.140000000000000124e+00 2.320309298747658067e-14
1.150000000000000133e+00 2.422910465041364391e-14
1.160000000000000142e+00 2.209642390106370509e-14
1.170000000000000151e+00 2.111914185310163770e-14
1.180000000000000160e+00 2.040228963330653545e-14
1.190000000000000169e+00 1.912464726548416827e-14
1.200000000000000178e+00 1.691625494276956541e-14
1.210000000000000187e+00 1.515698770134378177e-14
1.220000000000000195e+00 1.450071744299636977e-14
1.230000000000000204e+00 1.394960498285595416e-14
1.240000000000000213e+00 1.289206389569353099e-14
1.250000000000000222e+00 1.291324595541004564e-14
1.260000000000000231e+00 1.270967474073698268e-14
1.270000000000000240e+00 1.241127111394938875e-14
1.280000000000000249e+00 1.344500250591158725e-14
1.290000000000000258e+00 1.339873675576125024e-14
1.300000000000000266e+00 1.413246767180678127e-14
1.310000000000000275e+00 1.359368563570857085e-14
1.320000000000000284e+00 1.371804747217345240e-14
1.330000000000000293e+00 1.417918979180679124e-14
1.340000000000000302e+00 1.429215831582327280e-14
1.350000000000000311e+00 1.437439268732803263e-14
1.360000000000000320e+00 1.495855885306488165e-14
1.370000000000000329e+00 1.520734624694276520e-14
1.380000000000000338e+00 1.598047315191018265e-14
1.390000000000000346e+00 1.690802634772947945e-14
1.400000000000000355e+00 1.742915498962116721e-14
1.410000000000000364e+00 1.720329514044009149e-14
1.420000000000000373e+00 1.997877047354915082e-14
1.430000000000000382e+00 2.338196401106391647e-14
1.440000000000000391e+00 2.650259218838341515e-14
1.450000000000000400e+00 3.175615860151135568e-14
1.460000000000000409e+00 1.831511419182066766e-14
1.470000000000000417e+00 3.039364326733900046e-03
1.480000000000000426e+00 2.809844992354677551e-01
1.490000000000000435e+00 8.954876971445442368e-01
1.500000000000000444e+00 1.755391533894906431e+00
1.510000000000000453e+00 2.708826599832407034e+00
1.520000000000000462e+00 3.582034412310673321e+00
1.530000000000000471e+00 4.228118923653663153e+00
1.540000000000000480e+00 4.525777596251658430e+00
1.550000000000000488e+00 4.413569285935123432e+00
1.560000000000000497e+00 3.956387239947338319e+00
1.570000000000000506e+00 3.296927906918782458e+00
1.580000000000000515e+00 2.579491338062575689e+00
1.590000000000000524e+00 1.931172376613106145e+00
1.600000000000000533e+00 1.447726524891663757e+00
1.610000000000000542e+00 1.157335394511880500e+00
1.620000000000000551e+00 1.031303548310149587e+00
1.630000000000000560e+00 1.022120433113732574e+00
1.640000000000000568e+00 1.064176899221939143e+00
1.650000000000000577e+00 1.101267367184662227e+00
1.660000000000000586e+00 1.118156239994922085e+00
1.670000000000000595e+00 1.112886299923869560e+00
1.680000000000000604e+00 1.080494287551282628e+00
1.690000000000000613e+00 1.035128638723466388e+00
1.700000000000000622e+00 1.001917073431060512e+00
1.710000000000000631e+00 9.900864636718806899e-01
1.720000000000000639e+00 9.978389559426686928e-01
1.730000000000000648e+00 1.022537553132248700e+00
1.740000000000000657e+00 1.048317470403040685e+00
1.750000000000000666e+00 1.051347193023140170e+00
1.760000000000000675e+00 1.032665947613885971e+00
1.770000000000000684e+00 1.022847842138064456e+00
1.780000000000000693e+00 1.045069023104543415e+00
1.790000000000000702e+00 1.088714787118508998e+00
1.800000000000000711e+00 1.128750778232994634e+00
1.810000000000000719e+00 1.153029821566652124e+00
1.820000000000000728e+00 1.161616250273647344e+00
1.830000000000000737e+00 1.151189911261412124e+00
1.840000000000000746e+00 1.115144609054729008e+00
1.850000000000000755e+00 1.057335630824412398e+00
1.860000000000000764e+00 9.965095139164795723e-01
1.870000000000000773e+00 9.538208991838339479e-01
1.880000000000000782e+00 9.376701783451385497e-01
1.890000000000000790e+00 9.428338067261270439e-01
1.900000000000000799e+00 9.589177376971231848e-01
1.910000000000000808e+00 9.767389681181887218e-01
1.920000000000000817e+00 9.890566700703831149e-01
1.930000000000000826e+00 9.880037048149600265e-01
1.940000000000000835e+00 9.678762005060268514e-01
1.950000000000000844e+00 9.331064573318721411e-01
1.960000000000000853e+00 8.989318650498858698e-01
1.970000000000000862e+00 8.808717199870561565e-01
1.980000000000000870e+00 8.832432791001734174e-01
1.990000000000000879e+00 8.969338997555011961e-01
2.000000000000000888e+00 9.068900980051071148e-01
2.010000000000000675e+00 9.018830655111483852e-01
2.020000000000000906e+00 8.795977087013842066e-01
2.030000000000001137e+00 8.452505621213930453e-01
2.040000000000000924e+00 8.052896447149139325e-01
2.050000000000000711e+00 7.606071493881360057e-01
2.060000000000000941e+00 7.059460434913448212e-01
2.070000000000001172e+00 6.374945230424475806e-01
2.080000000000000959e+00 5.616218409121441768e-01
2.090000000000000746e+00 4.960844477700880328e-01
2.100000000000000977e+00 4.624942707766055427e-01
2.110000000000001208e+00 4.751352376010659628e-01
2.120000000000000995e+00 5.314815800618637454e-01
2.130000000000000782e+00 6.085294004119887745e-01
2.140000000000001013e+00 6.683537579694606157e-01
2.150000000000001243e+00 6.727818793840053546e-01
2.160000000000001030e+00 6.008699049770307443e-01
2.170000000000000817e+00 4.599295155418710590e-01
2.180000000000001048e+00 2.845973625397869022e-01
2.190000000000001279e+00 1.251045637135409505e-01
2.200000000000001066e+00 2.998913832414638533e-02
2.210000000000000853e+00 2.904192827672531438e-02
2.220000000000001084e+00 1.216847355910629785e-01
2.230000000000001315e+00 2.751987880270089781e-01
2.240000000000001101e+00 4.348104227977715452e-01
2.250000000000000888e+00 5.429910286424474153e-01
2.260000000000001119e+00 5.607012099072971045e-01
2.270000000000001350e+00 4.819163262786754220e-01
2.280000000000001137e+00 3.355798664458943814e-01
2.290000000000000924e+00 1.741342868061520055e-01
2.300000000000001155e+00 5.206869545192197718e-02
2.310000000000001386e+00 3.360919356760828975e-13
2.320000000000001172e+00 6.482168486425994802e-14
2.330000000000000959e+00 1.065277934141068031e-13
2.340000000000001190e+00 2.412549902268444624e-02
2.350000000000001421e+00 1.173689969212699385e-01
2.360000000000001208e+00 2.678123910232566574e-01
2.370000000000000995e+00 4.295335238264134659e-01
2.380000000000001226e+00 5.481626630542248968e-01
2.390000000000001457e+00 5.832669310745449698e-01
2.400000000000001243e+00 5.228237194012681499e-01
2.410000000000001030e+00 3.871279153845881837e-01
2.420000000000001261e+00 2.217837028405041655e-01
2.430000000000001492e+00 8.138024809519689429e-02
2.440000000000001279e+00 6.813162188734812712e-03
2.450000000000001066e+00 7.232719542037281841e-14
2.460000000000001297e+00 1.008566528955621640e-13
2.470000000000001528e+00 1.065093952628458476e-13
2.480000000000001315e+00 8.389897910000006170e-14
2.490000000000001101e+00 1.551769974381415563e-13
2.500000000000001332e+00 3.259605274311488943e-02
2.510000000000001563e+00 1.259152411136620631e-01
2.520000000000001350e+00 2.611934110271509346e-01
2.530000000000001137e+00 3.959825614667228932e-01
2.540000000000001368e+00 4.856152076846279586e-01
2.550000000000001599e+00 5.000214437436111270e-01
2.560000000000001386e+00 4.337850215612870652e-01
2.570000000000001172e+00 3.081982915074028551e-01
2.580000000000001403e+00 1.649084018148880004e-01
2.590000000000001634e+00 5.149612969074043173e-02
2.600000000000001421e+00 3.784852672492668043e-13
2.610000000000001208e+00 6.330443387343493147e-14
2.620000000000001439e+00 7.502323695621050432e-14
2.630000000000001670e+00 6.275290020910080360e-14
2.640000000000001457e+00 5.611743072393967894e-14
2.650000000000001243e+00 5.282786577484364841e-14
2.660000000000001474e+00 5.208630286807902925e-14
2.670000000000001705e+00 5.362814579219330656e-14
2.680000000000001492e+00 5.759274811182019522e-14
2.690000000000001279e+00 6.455781939543436300e-14
2.700000000000001510e+00 7.577643792359637658e-14
2.710000000000001741e+00 9.570560882724014817e-14
2.720000000000001528e+00 7.182473982861904267e-14
2.730000000000001315e+00 4.177688692554869829e-04
2.740000000000001545e+00 5.738004318215015470e-02
2.750000000000001776e+00 1.722470792371836312e-01
2.760000000000001563e+00 3.146880781013213224e-01
2.770000000000001350e+00 4.426538643145522256e-01
2.780000000000001581e+00 5.183660583338429717e-01
2.790000000000001812e+00 5.196041169904971335e-01
2.800000000000001599e+00 4.457284069176760677e-01
2.810000000000001386e+00 3.180514512429427620e-01
2.820000000000001616e+00 1.743783029811045160e-01
2.830000000000001847e+00 5.778669898304618358e-02
2.840000000000001634e+00 1.352185772827765187e-08
2.850000000000001421e+00 6.789680299687259667e-14
2.860000000000001652e+00 8.818433204931361266e-14
2.870000000000001883e+00 6.867460740245464125e-14
2.880000000000001670e+00 5.751754855836767980e-14
2.890000000000001457e+00 5.009581234740854833e-14
2.900000000000001688e+00 4.506566673695914146e-14
2.910000000000001918e+00 4.167192018596372423e-14
2.920000000000001705e+00 3.946485590678885772e-14
2.930000000000001492e+00 3.816827937978686275e-14
2.940000000000001723e+00 3.761172090288073027e-14
2.950000000000001954e+00 3.769377016546404616e-14
2.960000000000001741e+00 3.836286625110747236e-14
2.970000000000001528e+00 3.962359262019463342e-14
2.980000000000001759e+00 4.135516254270436980e-14
2.990000000000001990e+00 8.773265525730244959e-14
