2.800000000000000266e-01 8.711957797263576442e-01 8.788074775479631784e-01
2.880000000000000338e-01 8.672581348870471718e-01 8.789664193335787745e-01
2.960000000000000409e-01 8.687626598000661726e-01 8.791253898655260191e-01
3.040000000000000480e-01 8.734258298566756062e-01 8.792843891490038644e-01
3.120000000000000551e-01 8.798512481383625738e-01 8.794434171892125951e-01
3.200000000000000067e-01 8.819350547280333519e-01 8.796024739913531620e-01
3.280000000000000138e-01 8.814516187788016266e-01 8.797615595606271821e-01
3.360000000000000209e-01 8.781992703423041613e-01 8.799206739022377155e-01
3.440000000000000280e-01 8.725786631000469473e-01 8.800798170213885996e-01
3.520000000000000351e-01 8.689939096969905297e-01 8.802389889232843379e-01
3.600000000000000422e-01 8.744208959173820350e-01 8.803981896131308771e-01
3.679999999999999938e-01 8.917739196460541251e-01 8.805574190961346082e-01
3.760000000000000009e-01 9.203341671085791820e-01 8.807166773775032542e-01
3.840000000000000080e-01 9.554284749784677233e-01 8.808759644624452045e-01
3.920000000000000151e-01 9.841612209793019206e-01 8.810352803561698476e-01
4.000000000000000222e-01 1.000000000000000000e+00 8.811946250638876821e-01
4.080000000000000293e-01 9.973575093712027106e-01 8.811566412946681970e-01
4.160000000000000364e-01 9.768199180011913896e-01 8.809973034554814397e-01
4.240000000000000435e-01 9.469601569148011766e-01 8.808379944290457564e-01
4.320000000000000506e-01 9.134797804157176460e-01 8.806787142101509813e-01
4.400000000000000577e-01 8.889538104040637378e-01 8.805194627935880591e-01
4.480000000000000648e-01 8.770122675443705607e-01 8.803602401741484895e-01
4.560000000000000164e-01 8.728866363403159356e-01 8.802010463466251045e-01
4.640000000000000235e-01 8.785231019347303771e-01 8.800418813058115131e-01
4.720000000000000306e-01 8.832344834698669933e-01 8.798827450465022126e-01
4.800000000000000377e-01 8.850695895907287891e-01 8.797236375634928107e-01
4.879999999999999893e-01 8.845879620393105602e-01 8.795645588515795810e-01
4.959999999999999964e-01 8.803109137422027164e-01 8.794055089055600183e-01
5.040000000000000036e-01 8.756852641681140970e-01 8.792464877202322837e-01
5.120000000000000107e-01 8.728275146552966213e-01 8.790874952903959816e-01
5.200000000000000178e-01 8.721749154849073316e-01 8.789285316108509383e-01
5.280000000000000249e-01 8.751238234182375786e-01 8.787695966763985345e-01
5.360000000000000320e-01 8.787887309932902458e-01 8.786106904818407060e-01
5.440000000000000391e-01 8.813365956038403670e-01 8.784518130219806098e-01
5.520000000000000462e-01 8.816743395541849493e-01 8.782929642916220692e-01
5.600000000000000533e-01 8.803941303311328959e-01 8.781341442855699064e-01
5.680000000000000604e-01 8.765894613722351458e-01 8.779753529986302762e-01
5.760000000000000675e-01 8.742773630573442700e-01 8.778165904256097773e-01
5.840000000000000746e-01 8.730914619437267765e-01 8.776578565613161187e-01
5.920000000000000817e-01 8.738004686590575831e-01 8.774991514005578974e-01
6.000000000000000888e-01 8.760164604198571459e-01 8.773404749381448209e-01
6.080000000000000959e-01 8.779983848867795038e-01 8.771818271688873736e-01
6.160000000000001030e-01 8.790858850977844030e-01 8.770232080875971503e-01
6.239999999999999991e-01 8.792881249137562971e-01 8.768646176890863009e-01
6.320000000000000062e-01 8.763062507628314179e-01 8.767060559681683074e-01
6.400000000000000133e-01 8.748329263054734906e-01 8.765475229196575402e-01
6.480000000000000204e-01 8.726078982619954738e-01 8.763890185383691467e-01
6.560000000000000275e-01 8.733306592814252811e-01 8.762305428191192735e-01
6.640000000000000346e-01 8.739407016927583927e-01 8.760720957567251777e-01
6.720000000000000417e-01 8.749966260626507175e-01 8.759136773460045600e-01
6.800000000000000488e-01 8.756260580473723687e-01 8.757552875817766758e-01
6.879999999999999449e-01 8.770534661247145758e-01 8.755969264588614465e-01
6.959999999999999520e-01 8.775167990573805588e-01 8.754385939720794596e-01
7.039999999999999591e-01 8.755547849608232847e-01 8.752802901162528570e-01
7.119999999999999662e-01 8.742085090637613520e-01 8.751220148862040027e-01
7.199999999999999734e-01 8.734599462076066967e-01 8.749637682767569258e-01
7.279999999999999805e-01 8.739466567801039698e-01 8.748055502827357666e-01
7.359999999999999876e-01 8.735155212254960277e-01 8.746473608989664417e-01
7.439999999999999947e-01 8.752044183310339065e-01 8.744892001202753118e-01
7.520000000000000018e-01 8.762387390513733942e-01 8.743310679414896258e-01
7.600000000000000089e-01 8.758645462290247652e-01 8.741729643574378539e-01
7.680000000000000160e-01 8.760124639764690357e-01 8.740148893629492433e-01
7.760000000000000231e-01 8.731744448911915590e-01 8.738568429528540404e-01
7.840000000000000302e-01 8.737226018343416944e-01 8.736988251219833801e-01
7.920000000000000373e-01 8.725529492107928498e-01 8.735408358651692851e-01
8.000000000000000444e-01 8.722805484373362672e-01 8.733828751772446664e-01
8.080000000000000515e-01 8.721169906977002118e-01 8.732249430530436562e-01
8.160000000000000586e-01 8.731071905328797733e-01 8.730670394874009421e-01
8.240000000000000657e-01 8.743465583062258739e-01 8.729091644751526546e-01
8.320000000000000728e-01 8.734272021488335147e-01 8.727513180111351465e-01
8.400000000000000799e-01 8.727815574228964257e-01 8.725935000901864358e-01
8.479999999999999760e-01 8.724396793593128807e-01 8.724357107071448736e-01
8.559999999999999831e-01 8.722531645078585028e-01 8.722779498568501433e-01
8.639999999999999902e-01 8.733935870578334315e-01 8.721202175341428164e-01
8.719999999999999973e-01 8.720684848010906709e-01 8.719625137338640197e-01
8.800000000000000044e-01 8.714400306403465857e-01 8.718048384508563231e-01
8.880000000000000115e-01 8.708650992738706798e-01 8.716471916799629627e-01
8.960000000000000187e-01 8.717461176544603063e-01 8.714895734160281737e-01
9.040000000000000258e-01 8.728633304885844435e-01 8.713319836538968577e-01
9.120000000000000329e-01 8.715639348857370239e-01 8.711744223884154703e-01
9.200000000000000400e-01 8.706764162101312543e-01 8.710168896144308004e-01
9.280000000000000471e-01 8.726914215539527397e-01 8.708593853267907470e-01
9.360000000000000542e-01 8.707979108489539710e-01 8.707019095203443193e-01
9.440000000000000613e-01 8.695441838490082231e-01 8.705444621899411928e-01
9.520000000000000684e-01 8.701720992436033919e-01 8.703870433304322640e-01
9.600000000000000755e-01 8.695229902994564553e-01 8.702296529366689848e-01
9.679999999999999716e-01 8.697214326174107502e-01 8.700722910035040281e-01
9.759999999999999787e-01 8.714325845896557787e-01 8.699149575257910660e-01
9.839999999999999858e-01 8.702991530423396238e-01 8.697576524983844370e-01
9.919999999999999929e-01 8.698370418202763243e-01 8.696003759161393676e-01
1.000000000000000000e+00 8.699991996266520644e-01 8.694431277739124164e-01
1.008000000000000007e+00 8.682509585778126482e-01 8.692859080665608085e-01
1.016000000000000014e+00 8.699689260219838349e-01 8.691287167889425458e-01
1.024000000000000021e+00 8.686786334739147186e-01 8.689715539359169627e-01
1.032000000000000028e+00 8.690530741388379221e-01 8.688144195023439487e-01
1.040000000000000036e+00 8.686479641522817374e-01 8.686573134830845033e-01
1.048000000000000043e+00 8.689648027395739938e-01 8.685002358730005145e-01
1.056000000000000050e+00 8.683257133304104203e-01 8.683431866669547583e-01
1.064000000000000057e+00 8.681307603154014840e-01 8.681861658598111209e-01
1.072000000000000064e+00 8.677646823995491809e-01 8.680291734464341546e-01
1.080000000000000071e+00 8.677124746474811356e-01 8.678722094216895222e-01
1.088000000000000078e+00 8.671738313032930634e-01 8.677152737804437743e-01
1.096000000000000085e+00 8.684450841410131794e-01 8.675583665175643500e-01
1.104000000000000092e+00 8.670282976547453169e-01 8.674014876279196873e-01
1.112000000000000099e+00 8.677860280575067087e-01 8.672446371063791126e-01
1.120000000000000107e+00 8.667398112618713846e-01 8.670878149478127295e-01
1.128000000000000114e+00 8.677691222472482258e-01 8.669310211470919736e-01
1.136000000000000121e+00 8.677009891488980386e-01 8.667742556990887248e-01
1.144000000000000128e+00 8.663970947214378882e-01 8.666175185986760843e-01
1.152000000000000135e+00 8.658369220926062093e-01 8.664608098407280412e-01
1.160000000000000142e+00 8.660431879271273115e-01 8.663041294201194731e-01
1.168000000000000149e+00 8.654712978821393898e-01 8.661474773317262565e-01
1.176000000000000156e+00 8.670903642742721074e-01 8.659908535704249344e-01
1.184000000000000163e+00 8.659473852178898312e-01 8.658342581310933816e-01
1.192000000000000171e+00 8.679676940587666145e-01 8.656776910086101395e-01
1.200000000000000178e+00 8.651554003008797844e-01 8.655211521978547484e-01
1.208000000000000185e+00 8.654682230732183568e-01 8.653646416937075259e-01
1.216000000000000192e+00 8.655795015889765631e-01 8.652081594910498996e-01
1.223999999999999977e+00 8.661160168297615813e-01 8.650517055847642967e-01
1.231999999999999984e+00 8.658182742052785708e-01 8.648952799697336991e-01
1.239999999999999991e+00 8.651543061658215628e-01 8.647388826408425322e-01
1.247999999999999998e+00 8.661939234292579393e-01 8.645825135929756655e-01
1.256000000000000005e+00 8.656686932249511024e-01 8.644261728210190787e-01
1.264000000000000012e+00 8.652214456137223841e-01 8.642698603198598617e-01
1.272000000000000020e+00 8.642697959513000461e-01 8.641135760843858815e-01
1.280000000000000027e+00 8.639588458140431415e-01 8.639573201094856714e-01
1.288000000000000034e+00 8.636760897200449483e-01 8.638010923900490967e-01
1.296000000000000041e+00 8.641723188999538285e-01 8.636448929209666892e-01
1.304000000000000048e+00 8.651167083502621091e-01 8.634887216971300905e-01
1.312000000000000055e+00 8.636050746176601178e-01 8.633325787134317197e-01
1.320000000000000062e+00 8.630472423978861052e-01 8.631764639647649950e-01
1.328000000000000069e+00 8.644784034383288240e-01 8.630203774460241117e-01
1.336000000000000076e+00 8.643009145496279855e-01 8.628643191521043754e-01
1.344000000000000083e+00 8.640151513387837046e-01 8.627082890779020907e-01
1.352000000000000091e+00 8.628221984089705643e-01 8.625522872183141176e-01
1.360000000000000098e+00 8.616899834529272439e-01 8.623963135682386483e-01
1.368000000000000105e+00 8.629944624418977028e-01 8.622403681225744299e-01
1.376000000000000112e+00 8.619533685499566333e-01 8.620844508762215419e-01
1.384000000000000119e+00 8.626789354928616760e-01 8.619285618240805080e-01
1.392000000000000126e+00 8.618412062307393429e-01 8.617727009610531841e-01
1.400000000000000133e+00 8.610935107067437810e-01 8.616168682820422031e-01
1.407999999999999918e+00 8.620586393481598497e-01 8.614610637819509753e-01
1.415999999999999925e+00 8.614776207105790951e-01 8.613052874556840210e-01
1.423999999999999932e+00 8.600851979127471791e-01 8.611495392981467489e-01
1.431999999999999940e+00 8.610741183865907589e-01 8.609938193042455667e-01
1.439999999999999947e+00 8.596956209980961550e-01 8.608381274688874374e-01
1.447999999999999954e+00 8.592418573433291407e-01 8.606824637869806560e-01
1.455999999999999961e+00 8.600396157155082433e-01 8.605268282534344060e-01
1.463999999999999968e+00 8.606147156879716542e-01 8.603712208631584257e-01
1.471999999999999975e+00 8.604773249288011350e-01 8.602156416110637860e-01
1.479999999999999982e+00 8.579012468094018296e-01 8.600600904920622236e-01
1.487999999999999989e+00 8.586834509692119477e-01 8.599045675010666967e-01
1.495999999999999996e+00 8.598181940845363025e-01 8.597490726329906074e-01
1.504000000000000004e+00 8.584436421073461387e-01 8.595936058827485793e-01
1.512000000000000011e+00 8.592603175893194223e-01 8.594381672452562348e-01
1.520000000000000018e+00 8.579753584244704800e-01 8.592827567154299739e-01
1.528000000000000025e+00 8.588842515526589061e-01 8.591273742881871955e-01
1.536000000000000032e+00 8.592798030724300151e-01 8.589720199584459648e-01
1.544000000000000039e+00 8.582707799741512433e-01 8.588166937211256791e-01
1.552000000000000046e+00 8.591257622789979509e-01 8.586613955711462909e-01
1.560000000000000053e+00 8.567173419335925022e-01 8.585061255034289740e-01
1.568000000000000060e+00 8.571508116902442076e-01 8.583508835128955683e-01
1.576000000000000068e+00 8.572293883923119973e-01 8.581956695944689129e-01
1.584000000000000075e+00 8.577682403841850878e-01 8.580404837430727349e-01
1.592000000000000082e+00 8.568280447600832295e-01 8.578853259536318721e-01
1.600000000000000089e+00 8.569330220790363217e-01 8.577301962210718278e-01
1.608000000000000096e+00 8.571852524982755961e-01 8.575750945403191050e-01
1.616000000000000103e+00 8.576186743482047126e-01 8.574200209063014277e-01
1.624000000000000110e+00 8.576462691569024521e-01 8.572649753139468531e-01
1.632000000000000117e+00 8.564074425431152937e-01 8.571099577581846596e-01
1.640000000000000124e+00 8.566228495013784583e-01 8.569549682339452357e-01
1.648000000000000131e+00 8.564374157477702143e-01 8.568000067361596361e-01
1.655999999999999917e+00 8.556305057724454821e-01 8.566450732597598039e-01
1.663999999999999924e+00 8.579673708004463828e-01 8.564901677996786811e-01
1.671999999999999931e+00 8.574861458040242690e-01 8.563352903508503200e-01
1.679999999999999938e+00 8.565731839633716760e-01 8.561804409082092171e-01
1.687999999999999945e+00 8.580214380855842871e-01 8.560256194666913121e-01
1.695999999999999952e+00 8.568562159154919922e-01 8.558708260212332108e-01
1.703999999999999959e+00 8.563472344647109491e-01 8.557160605667721853e-01
1.711999999999999966e+00 8.573666681759121166e-01 8.555613230982469508e-01
1.719999999999999973e+00 8.563943921548916594e-01 8.554066136105967777e-01
1.727999999999999980e+00 8.573518904077052083e-01 8.552519320987618245e-01
1.735999999999999988e+00 8.569282660126862350e-01 8.550972785576834712e-01
1.743999999999999995e+00 8.578304311429093554e-01 8.549426529823036525e-01
1.752000000000000002e+00 8.559219553966005423e-01 8.547880553675655246e-01
1.760000000000000009e+00 8.573379477882270283e-01 8.546334857084129100e-01
1.768000000000000016e+00 8.573001924846708199e-01 8.544789439997907410e-01
1.776000000000000023e+00 8.552867837751920721e-01 8.543244302366447274e-01
1.784000000000000030e+00 8.546321140437810326e-01 8.541699444139214670e-01
1.792000000000000037e+00 8.539991858123801016e-01 8.540154865265687789e-01
1.800000000000000044e+00 8.543666405481574744e-01 8.538610565695349264e-01
1.808000000000000052e+00 8.528952916154584063e-01 8.537066545377693938e-01
1.816000000000000059e+00 8.535296894350946628e-01 8.535522804262226648e-01
1.824000000000000066e+00 8.526589271290994088e-01 8.533979342298457782e-01
1.832000000000000073e+00 8.517548307689194464e-01 8.532436159435908829e-01
1.840000000000000080e+00 8.523692214838385350e-01 8.530893255624112381e-01
1.848000000000000087e+00 8.515550694242576268e-01 8.529350630812605472e-01
1.856000000000000094e+00 8.513698886271112709e-01 8.527808284950939566e-01
1.864000000000000101e+00 8.511845615060397163e-01 8.526266217988671681e-01
1.872000000000000108e+00 8.506358954007250395e-01 8.524724429875368825e-01
1.880000000000000115e+00 8.496854823370795229e-01 8.523182920560608000e-01
1.888000000000000123e+00 8.503338442807705233e-01 8.521641689993973978e-01
1.896000000000000130e+00 8.501244288285007000e-01 8.520100738125061524e-01
1.904000000000000137e+00 8.499412977408576930e-01 8.518560064903473172e-01
1.911999999999999922e+00 8.476732150645186481e-01 8.517019670278824783e-01
