1.000000000000000000e+00 2.042632538324105344e-12
1.014999999999999902e+00 1.133116861439093133e-12
1.029999999999999805e+00 1.193630870220264193e-12
1.044999999999999707e+00 1.274483436100141007e-12
1.059999999999999609e+00 9.256482982438032963e-13
1.074999999999999512e+00 9.255956998540031830e-13
1.089999999999999414e+00 8.615529992499164317e-13
1.104999999999999316e+00 7.767346293797698896e-13
1.119999999999999218e+00 8.001077580613371518e-13
1.134999999999999121e+00 8.138013147706475120e-13
1.149999999999999023e+00 7.435237105771854141e-13
1.164999999999998925e+00 6.841374123033206152e-13
1.179999999999998828e+00 6.216628213213903029e-13
1.194999999999998730e+00 5.490618633956090578e-13
1.209999999999998632e+00 4.465858649671172729e-13
1.224999999999998535e+00 4.241361431345697923e-13
1.239999999999998437e+00 3.925218406766397485e-13
1.254999999999998339e+00 4.125921435227180786e-13
1.269999999999998241e+00 3.862428053046889511e-13
1.284999999999998144e+00 4.303243551076796982e-13
1.299999999999998046e+00 4.265824354964296456e-13
1.314999999999997948e+00 4.458750941508263193e-13
1.329999999999997851e+00 4.609609146260020090e-13
1.344999999999997753e+00 4.899318850089545645e-13
1.359999999999997655e+00 5.529368217709134237e-13
1.374999999999997558e+00 5.737629194350343291e-13
1.389999999999997460e+00 6.229256491152498235e-13
1.404999999999997362e+00 7.178458270106537531e-13
1.419999999999997264e+00 8.430437880776259932e-13
1.434999999999997167e+00 1.083528402722283116e-12
1.449999999999997069e+00 1.092977911075423188e-12
1.464999999999996971e+00 1.442088202279569352e-12
1.479999999999996874e+00 2.240731600320543526e-01
1.494999999999996776e+00 1.272931914168804246e+00
1.509999999999996678e+00 3.007120799655633281e+00
1.524999999999996581e+00 4.723007612372214226e+00
1.539999999999996483e+00 5.521349751574543774e+00
1.554999999999996385e+00 4.799870597247095638e+00
1.569999999999996287e+00 3.234214943110834461e+00
1.584999999999996190e+00 1.756619640777743019e+00
1.599999999999996092e+00 8.324776079641126314e-01
1.614999999999995994e+00 6.404385690285295807e-01
1.629999999999995897e+00 8.113147777916537295e-01
1.644999999999995799e+00 1.014013317128656499e+00
1.659999999999995701e+00 9.799141237036622654e-01
1.674999999999995604e+00 8.973417008925316241e-01
1.689999999999995506e+00 8.483980121271204045e-01
1.704999999999995408e+00 8.770562519163543902e-01
1.719999999999995310e+00 1.055284406720712775e+00
1.734999999999995213e+00 1.122276295626284837e+00
1.749999999999995115e+00 1.034901449825883502e+00
1.764999999999995017e+00 9.052597125168458936e-01
1.779999999999994920e+00 7.800677615195679149e-01
1.794999999999994822e+00 7.738765236580217310e-01
1.809999999999994724e+00 8.736660547670362931e-01
1.824999999999994627e+00 9.556496148210879005e-01
1.839999999999994529e+00 1.060151580576548458e+00
1.854999999999994431e+00 1.216969214164002056e+00
1.869999999999994333e+00 1.251094870952691895e+00
1.884999999999994236e+00 1.078967751250685669e+00
1.899999999999994138e+00 8.861960208280558193e-01
1.914999999999994040e+00 8.499494191311408597e-01
1.929999999999993943e+00 8.928320595537779791e-01
1.944999999999993845e+00 8.575268139477111307e-01
1.959999999999993747e+00 7.644046103641882750e-01
1.974999999999993650e+00 7.249622837050171409e-01
1.989999999999993552e+00 7.289125911988293405e-01
2.004999999999993676e+00 6.878334210091574530e-01
2.019999999999993356e+00 6.011552708086288499e-01
2.034999999999993037e+00 5.474102936649606344e-01
2.049999999999993161e+00 5.646918963913016842e-01
2.064999999999993285e+00 5.971666618142285055e-01
2.079999999999992966e+00 5.656646016531441390e-01
2.094999999999992646e+00 4.889218101300886188e-01
2.109999999999992770e+00 4.574587939513545809e-01
2.124999999999992895e+00 5.102279939749831961e-01
2.139999999999992575e+00 5.922077773601711614e-01
2.154999999999992255e+00 5.941869777263379948e-01
2.169999999999992379e+00 4.474298789657413788e-01
2.184999999999992504e+00 2.182111668656279702e-01
2.199999999999992184e+00 7.462295992193909711e-02
2.214999999999991864e+00 1.375406557606330682e-01
2.229999999999991989e+00 3.771874610825494689e-01
2.244999999999992113e+00 6.373759370832146054e-01
2.259999999999991793e+00 7.419384504292476645e-01
2.274999999999991473e+00 6.125423087015451351e-01
2.289999999999991598e+00 3.297254634126544626e-01
2.304999999999991722e+00 7.936782509559305032e-02
2.319999999999991402e+00 8.118607929467442839e-12
2.334999999999991083e+00 3.426238519511457664e-02
2.349999999999991207e+00 2.246188307178355603e-01
2.364999999999991331e+00 4.512348889440572774e-01
2.379999999999991012e+00 5.623341363801329651e-01
2.394999999999990692e+00 4.845830764580900119e-01
2.409999999999990816e+00 2.707059006444574312e-01
2.424999999999990941e+00 6.717907595364575046e-02
2.439999999999990621e+00 7.269211262779236670e-12
2.454999999999990301e+00 4.842130505448352709e-12
2.469999999999990425e+00 5.346279282625277741e-12
2.484999999999990550e+00 4.617374201586916667e-12
2.499999999999990230e+00 1.254222540272614773e-03
2.514999999999989910e+00 1.749343857360491916e-01
2.529999999999990035e+00 4.330692293155222194e-01
2.544999999999990159e+00 6.055213427787390357e-01
2.559999999999989839e+00 5.805176239749174627e-01
2.574999999999989519e+00 3.764544829869773679e-01
2.589999999999989644e+00 1.300230635851932770e-01
2.604999999999989768e+00 1.282487125342032557e-11
2.619999999999989448e+00 3.915728259758448117e-12
2.634999999999989129e+00 3.669389444804247608e-12
2.649999999999989253e+00 3.213818093164819438e-12
2.664999999999989377e+00 3.142468195049693407e-12
2.679999999999989058e+00 3.389910467246886518e-12
2.694999999999988738e+00 4.028164241623039047e-12
2.709999999999988862e+00 4.753362885129711030e-12
2.724999999999988987e+00 8.028245473982628895e-12
2.739999999999988667e+00 6.265198357644001514e-02
2.754999999999988347e+00 2.562477862178478283e-01
2.769999999999988471e+00 4.797376674898375382e-01
2.784999999999988596e+00 5.999389222556900103e-01
2.799999999999988276e+00 5.453865977876688476e-01
2.814999999999987956e+00 3.472343094877696212e-01
2.829999999999988081e+00 1.223740270925535722e-01
2.844999999999988205e+00 2.246174984606128218e-11
2.859999999999987885e+00 4.971371666241147070e-12
2.874999999999987566e+00 4.704080196921560512e-12
2.889999999999987690e+00 3.909186808863644965e-12
2.904999999999987814e+00 3.579945210836716666e-12
2.919999999999987494e+00 3.591459817229070341e-12
2.934999999999987175e+00 3.786169533139115874e-12
2.949999999999987299e+00 3.821815489336218364e-12
2.964999999999987423e+00 3.642935527417316688e-02
2.979999999999987104e+00 3.245556337241385370e-01
2.994999999999986784e+00 7.589166359513931370e-01
