2.800000000000000266e-01 8.421448948046411642e-01 8.477031590538712802e-01 8.415209057253175695e-01
2.880000000000000338e-01 8.381967846635606234e-01 8.479043205048784060e-01 8.394768902073403982e-01
2.960000000000000409e-01 8.380052810479176051e-01 8.481055296918519337e-01 8.400682698764532219e-01
3.040000000000000480e-01 8.429142005057409515e-01 8.483067866261193579e-01 8.434425955699993427e-01
3.120000000000000551e-01 8.495058331811247143e-01 8.485080913190115037e-01 8.491732609559572431e-01
3.200000000000000067e-01 8.551464640412619334e-01 8.487094437818614168e-01 8.546350376571913987e-01
3.280000000000000138e-01 8.562603935314281323e-01 8.489108440260048072e-01 8.558028282509662077e-01
3.360000000000000209e-01 8.555902393335639289e-01 8.491122920627807158e-01 8.516862194388513663e-01
3.440000000000000280e-01 8.484644166319632586e-01 8.493137879035300708e-01 8.467660179599860726e-01
3.520000000000000351e-01 8.427436620316157700e-01 8.495153315595969090e-01 8.469378940170971815e-01
3.600000000000000422e-01 8.469570823366683321e-01 8.497169230423278208e-01 8.542742927919313445e-01
3.679999999999999938e-01 8.638789018705355094e-01 8.499185623630722830e-01 8.686476339044719719e-01
3.760000000000000009e-01 8.967682856176683037e-01 8.501202495331824371e-01 8.929434609285940017e-01
3.840000000000000080e-01 9.379227199389839065e-01 8.503219845640127561e-01 9.305118192158721158e-01
3.920000000000000151e-01 9.770614253316052267e-01 8.505237674669208214e-01 9.746564819253613621e-01
4.000000000000000222e-01 9.999834937074456587e-01 8.507255982532667682e-01 1.005741390876550012e+00
4.080000000000000293e-01 1.000000000000000000e+00 8.507189621441684224e-01 1.005153001435925342e+00
4.160000000000000364e-01 9.751541603657642998e-01 8.505171329322093188e-01 9.732808978747085060e-01
4.240000000000000435e-01 9.362987002437562767e-01 8.503153516033143955e-01 9.290934328195724623e-01
4.320000000000000506e-01 8.961461956185907685e-01 8.501136181461238506e-01 8.919398374089886339e-01
4.400000000000000577e-01 8.649528578885066210e-01 8.499119325492803245e-01 8.680457063155971875e-01
4.480000000000000648e-01 8.491630870788725582e-01 8.497102948014290114e-01 8.539234314820323135e-01
4.560000000000000164e-01 8.455921961921895047e-01 8.495087048912181027e-01 8.468159776561936525e-01
4.640000000000000235e-01 8.497054280583948849e-01 8.493071628072983437e-01 8.468727674941992634e-01
4.720000000000000306e-01 8.561041056938208937e-01 8.491056685383229219e-01 8.518718465152882446e-01
4.800000000000000377e-01 8.567258235968931990e-01 8.489042220729482446e-01 8.558585349171797807e-01
4.879999999999999893e-01 8.573482197613685463e-01 8.487028233998330506e-01 8.545028901715074898e-01
4.959999999999999964e-01 8.520167452655721396e-01 8.485014725076387432e-01 8.489669788248332960e-01
5.040000000000000036e-01 8.431695807114600871e-01 8.483001693850296121e-01 8.432880639734117167e-01
5.120000000000000107e-01 8.399793987895618486e-01 8.480989140206725008e-01 8.400057626143008216e-01
5.200000000000000178e-01 8.375190002371034614e-01 8.478977064032370281e-01 8.395025706507706076e-01
5.280000000000000249e-01 8.420468379402461512e-01 8.476965465213953665e-01 8.416295521146464065e-01
5.360000000000000320e-01 8.479947482841500017e-01 8.474954343638225751e-01 8.458122203852402876e-01
5.440000000000000391e-01 8.504847572801458311e-01 8.472943699191961553e-01 8.500957227846143160e-01
5.520000000000000462e-01 8.530753953478411589e-01 8.470933531761966062e-01 8.518947205380018595e-01
5.600000000000000533e-01 8.512956306699271947e-01 8.468923841235066474e-01 8.501574445145994030e-01
5.680000000000000604e-01 8.464396918608454445e-01 8.466914627498123291e-01 8.461643386476133122e-01
5.760000000000000675e-01 8.419732028875382968e-01 8.464905890438017000e-01 8.421696144080178525e-01
5.840000000000000746e-01 8.394392864461525106e-01 8.462897629941660282e-01 8.398055218783230247e-01
5.920000000000000817e-01 8.389560534646673950e-01 8.460889845895990247e-01 8.396605404399450912e-01
6.000000000000000888e-01 8.447927523105931424e-01 8.458882538187970646e-01 8.414853397700049475e-01
6.080000000000000959e-01 8.469215362318324170e-01 8.456875706704592988e-01 8.442830753471448624e-01
6.160000000000001030e-01 8.466454747376094270e-01 8.454869351332873206e-01 8.465724739334563598e-01
6.239999999999999991e-01 8.499447414988120508e-01 8.452863471959859432e-01 8.471529218815574414e-01
6.320000000000000062e-01 8.459453173895425948e-01 8.450858068472619777e-01 8.458402074331665688e-01
6.400000000000000133e-01 8.432587304760825742e-01 8.448853140758254554e-01 8.434877922882124679e-01
6.480000000000000204e-01 8.414087438817358100e-01 8.446848688703888497e-01 8.413580209344351246e-01
6.560000000000000275e-01 8.394286292856861786e-01 8.444844712196674097e-01 8.404192246008720391e-01
6.640000000000000346e-01 8.417741883997996721e-01 8.442841211123787160e-01 8.409570053687549507e-01
6.720000000000000417e-01 8.430638119440259093e-01 8.440838185372435687e-01 8.425469503468397958e-01
6.800000000000000488e-01 8.447526970928292966e-01 8.438835634829852106e-01 8.443181151966945297e-01
6.879999999999999449e-01 8.457724831324741066e-01 8.436833559383293268e-01 8.453887772140089574e-01
6.959999999999999520e-01 8.460432694500389372e-01 8.434831958920046002e-01 8.452737632349514030e-01
7.039999999999999591e-01 8.443966561435468643e-01 8.432830833327422670e-01 8.440689820894465845e-01
7.119999999999999662e-01 8.418064109212947121e-01 8.430830182492761171e-01 8.423494226495995552e-01
7.199999999999999734e-01 8.391859896882580827e-01 8.428830006303429379e-01 8.408595794396304113e-01
7.279999999999999805e-01 8.376762503737547050e-01 8.426830304646818481e-01 8.401570595148848408e-01
7.359999999999999876e-01 8.402906779486057909e-01 8.424831077410347424e-01 8.403810233321025169e-01
7.439999999999999947e-01 8.416286229086217263e-01 8.422832324481462907e-01 8.412447880542919254e-01
7.520000000000000018e-01 8.428685228088695913e-01 8.420834045747638275e-01 8.422259687261011152e-01
7.600000000000000089e-01 8.417225096674285645e-01 8.418836241096372408e-01 8.428350186682188605e-01
7.680000000000000160e-01 8.432208476372492489e-01 8.416838910415189723e-01 8.428308415296440481e-01
7.760000000000000231e-01 8.407652052994736280e-01 8.414842053591644611e-01 8.422940344658749190e-01
7.840000000000000302e-01 8.403048929084181440e-01 8.412845670513316998e-01 8.415375402234424040e-01
7.920000000000000373e-01 8.395001281893313960e-01 8.410849761067812347e-01 8.409172646017349928e-01
8.000000000000000444e-01 8.383251363601997852e-01 8.408854325142762765e-01 8.406550774863876807e-01
8.080000000000000515e-01 8.384846856671404058e-01 8.406859362625828114e-01 8.407602785787057220e-01
8.160000000000000586e-01 8.391282025538664424e-01 8.404864873404693792e-01 8.410631300184699954e-01
8.240000000000000657e-01 8.417793349575941608e-01 8.402870857367075175e-01 8.413209139148836169e-01
8.320000000000000728e-01 8.408588943189392317e-01 8.400877314400708729e-01 8.413404381735084536e-01
8.400000000000000799e-01 8.411048220715313661e-01 8.398884244393360898e-01 8.410618473629076775e-01
8.479999999999999760e-01 8.398194885364870244e-01 8.396891647232824774e-01 8.405674994410206047e-01
8.559999999999999831e-01 8.382250435252697196e-01 8.394899522806920089e-01 8.400217036183281749e-01
8.639999999999999902e-01 8.388074982931102985e-01 8.392907871003492115e-01 8.395847996647418654e-01
8.719999999999999973e-01 8.359236951406801008e-01 8.390916691710413877e-01 8.393476064955169846e-01
8.800000000000000044e-01 8.365930479123429020e-01 8.388925984815585046e-01 8.393081261936585769e-01
8.880000000000000115e-01 8.377034923468796856e-01 8.386935750206927498e-01 8.393889011202594341e-01
8.960000000000000187e-01 8.405851672317675716e-01 8.384945987772398635e-01 8.394796082893767331e-01
9.040000000000000258e-01 8.398663271301874955e-01 8.382956697399974733e-01 8.394826778014845559e-01
9.120000000000000329e-01 8.401272230156623388e-01 8.380967878977659824e-01 8.393428684971776521e-01
9.200000000000000400e-01 8.367485991408166734e-01 8.378979532393489027e-01 8.390542531024041129e-01
9.280000000000000471e-01 8.368364476069258817e-01 8.376991657535518554e-01 8.386495536700804276e-01
9.360000000000000542e-01 8.375299642974334269e-01 8.375004254291834593e-01 8.381809883702024955e-01
9.440000000000000613e-01 8.370221491902116728e-01 8.373017322550547759e-01 8.377017107079707259e-01
9.520000000000000684e-01 8.352743626280949574e-01 8.371030862199797529e-01 8.372541168946496803e-01
9.600000000000000755e-01 8.358544883513939761e-01 8.369044873127747808e-01 8.368654339330112713e-01
9.679999999999999716e-01 8.362850431189248201e-01 8.367059355222589145e-01 8.365469471877149399e-01
9.759999999999999787e-01 8.363359055302449496e-01 8.365074308372542067e-01 8.362949218310138377e-01
9.839999999999999858e-01 8.365894141029495135e-01 8.363089732465848192e-01 8.360939243555784994e-01
9.919999999999999929e-01 8.357529394999206884e-01 8.361105627390779116e-01 8.359221307527358036e-01
1.000000000000000000e+00 8.342668355459003093e-01 8.359121993035633080e-01 8.357567882403920123e-01
1.008000000000000007e+00 8.348488800085868133e-01 8.357138829288732751e-01 8.355792525695624473e-01
1.016000000000000014e+00 8.355537527835373846e-01 8.355156136038428549e-01 8.353793415336419059e-01
1.024000000000000021e+00 8.355210094308997970e-01 8.353173913173098653e-01 8.351568885728963831e-01
1.032000000000000028e+00 8.355863209579621476e-01 8.351192160581143442e-01 8.349190133015662596e-01
1.040000000000000036e+00 8.355377505936339988e-01 8.349210878150996606e-01 8.346753489148055483e-01
1.048000000000000043e+00 8.337844338690564294e-01 8.347230065771110707e-01 8.344347000483186561e-01
1.056000000000000050e+00 8.349444779808664618e-01 8.345249723329971614e-01 8.342039544535648776e-01
1.064000000000000057e+00 8.337931446580605366e-01 8.343269850716085179e-01 8.339880836492701288e-01
1.072000000000000064e+00 8.341618491672087021e-01 8.341290447817990561e-01 8.337902739688244358e-01
1.080000000000000071e+00 8.330002484738148194e-01 8.339311514524246904e-01 8.336113454822433599e-01
1.088000000000000078e+00 8.337531161551533510e-01 8.337333050723444439e-01 8.334480165213959957e-01
1.096000000000000085e+00 8.337959492666460193e-01 8.335355056304197818e-01 8.332915661145219310e-01
1.104000000000000092e+00 8.335422533783092280e-01 8.333377531155147233e-01 8.331293217360438152e-01
1.112000000000000099e+00 8.347268788851426313e-01 8.331400475164961739e-01 8.329489474810674032e-01
1.120000000000000107e+00 8.340497278934393410e-01 8.329423888222335925e-01 8.327430025911763956e-01
1.128000000000000114e+00 8.326540074147704695e-01 8.327447770215988809e-01 8.325117079855879343e-01
1.136000000000000121e+00 8.327480622278430333e-01 8.325472121034668271e-01 8.322631533712896434e-01
1.144000000000000128e+00 8.326599538319930938e-01 8.323496940567147728e-01 8.320104382857201886e-01
1.152000000000000135e+00 8.323742254854767930e-01 8.321522228702227242e-01 8.317663559798412765e-01
1.160000000000000142e+00 8.312900261209894559e-01 8.319547985328731299e-01 8.315383685953932069e-01
1.168000000000000149e+00 8.313803699652639878e-01 8.317574210335514362e-01 8.313266531297550666e-01
1.176000000000000156e+00 8.339767650518009612e-01 8.315600903611455319e-01 8.311256298445153234e-01
1.184000000000000163e+00 8.311046212861429305e-01 8.313628065045458593e-01 8.309277723705772445e-01
1.192000000000000171e+00 8.322041883288443520e-01 8.311655694526455251e-01 8.307282020328108363e-01
1.200000000000000178e+00 8.321813037713075012e-01 8.309683791943405229e-01 8.305278817687075099e-01
1.208000000000000185e+00 8.290161283453719721e-01 8.307712357185291774e-01 8.303332635723414956e-01
1.216000000000000192e+00 8.313067403029370528e-01 8.305741390141123670e-01 8.301527261641715727e-01
1.223999999999999977e+00 8.302904279333714888e-01 8.303770890699940788e-01 8.299925465802318048e-01
1.231999999999999984e+00 8.301387206564041499e-01 8.301800858750805201e-01 8.298545554335973184e-01
1.239999999999999991e+00 8.295031049964383119e-01 8.299831294182806740e-01 8.297358504427345682e-01
1.247999999999999998e+00 8.306303784491074760e-01 8.297862196885060770e-01 8.296304446432889446e-01
1.256000000000000005e+00 8.293399426672309893e-01 8.295893566746710412e-01 8.295322058998899628e-01
1.264000000000000012e+00 8.322887411390769152e-01 8.293925403656924322e-01 8.294371181204907018e-01
1.272000000000000020e+00 8.293687024020838239e-01 8.291957707504895581e-01 8.293432185265120493e-01
1.280000000000000027e+00 8.289772568262963048e-01 8.289990478179847244e-01 8.292489221189323079e-01
1.288000000000000034e+00 8.281390129721846183e-01 8.288023715571026795e-01 8.291515037745582628e-01
1.296000000000000041e+00 8.288674143469683120e-01 8.286057419567707250e-01 8.290464123827709919e-01
1.304000000000000048e+00 8.297264176137899572e-01 8.284091590059187160e-01 8.289275496292698442e-01
1.312000000000000055e+00 8.287155686187135384e-01 8.282126226934795055e-01 8.287889179017859931e-01
1.320000000000000062e+00 8.288442643318314484e-01 8.280161330083882776e-01 8.286270044887114050e-01
1.328000000000000069e+00 8.306198790153748179e-01 8.278196899395828812e-01 8.284420408486328213e-01
1.336000000000000076e+00 8.281130610356384203e-01 8.276232934760037185e-01 8.282374176960040080e-01
1.344000000000000083e+00 8.281567074204152501e-01 8.274269436065940786e-01 8.280183501860890471e-01
1.352000000000000091e+00 8.269908588105967517e-01 8.272306403202996927e-01 8.277905269046998971e-01
1.360000000000000098e+00 8.271500281938748422e-01 8.270343836060687348e-01 8.275585861013801114e-01
1.368000000000000105e+00 8.261164515447154688e-01 8.268381734528523763e-01 8.273250249959303027e-01
1.376000000000000112e+00 8.265540557897781415e-01 8.266420098496042312e-01 8.270904398482373798e-01
1.384000000000000119e+00 8.270203428780251720e-01 8.264458927852803560e-01 8.268543837673217878e-01
1.392000000000000126e+00 8.260482036390399685e-01 8.262498222488398048e-01 8.266156129856329082e-01
1.400000000000000133e+00 8.268670632221355454e-01 8.260537982292440740e-01 8.263722004980403879e-01
1.407999999999999918e+00 8.263989300820426820e-01 8.258578207154569917e-01 8.261224235976567520e-01
1.415999999999999925e+00 8.251701543002805117e-01 8.256618896964453835e-01 8.258656833310167311e-01
1.423999999999999932e+00 8.264321784197462550e-01 8.254660051611788507e-01 8.256026334787112120e-01
1.431999999999999940e+00 8.237937503615885282e-01 8.252701670986288818e-01 8.253352964802578295e-01
1.439999999999999947e+00 8.255930227616088413e-01 8.250743754977702960e-01 8.250674981522685414e-01
1.447999999999999954e+00 8.240123671576955466e-01 8.248786303475803550e-01 8.248043087974945564e-01
1.455999999999999961e+00 8.236918038868771275e-01 8.246829316370385410e-01 8.245502772354447174e-01
1.463999999999999968e+00 8.244454027653063122e-01 8.244872793551275558e-01 8.243082837410762309e-01
1.471999999999999975e+00 8.228919957653779704e-01 8.242916734908322107e-01 8.240796102990066707e-01
1.479999999999999982e+00 8.234990311340609770e-01 8.240961140331403145e-01 8.238638396034788647e-01
1.487999999999999989e+00 8.240115728251156124e-01 8.239006009710418965e-01 8.236585376798468694e-01
1.495999999999999996e+00 8.224361643633156804e-01 8.237051342935300946e-01 8.234600826022115960e-01
1.504000000000000004e+00 8.226338903069501107e-01 8.235097139896000451e-01 8.232649169733335937e-01
1.512000000000000011e+00 8.218323037056494140e-01 8.233143400482501040e-01 8.230693476186555779e-01
1.520000000000000018e+00 8.219227867704814727e-01 8.231190124584808476e-01 8.228688562975714493e-01
1.528000000000000025e+00 8.230955052221244905e-01 8.229237312092956280e-01 8.226590420130067693e-01
1.536000000000000032e+00 8.224395091547382908e-01 8.227284962897002396e-01 8.224371177071272410e-01
1.544000000000000039e+00 8.241820900759244672e-01 8.225333076887032524e-01 8.222019726455942479e-01
1.552000000000000046e+00 8.209999940917006578e-01 8.223381653953157899e-01 8.219541280251247972e-01
1.560000000000000053e+00 8.202465300091157374e-01 8.221430693985516402e-01 8.216969919845460435e-01
1.568000000000000060e+00 8.207996028282003032e-01 8.219480196874270339e-01 8.214370139667919180e-01
1.576000000000000068e+00 8.210814809070907661e-01 8.217530162509610880e-01 8.211812385183148155e-01
1.584000000000000075e+00 8.196149890350155065e-01 8.215580590781751402e-01 8.209355246006964091e-01
1.592000000000000082e+00 8.217313810948715380e-01 8.213631481580935256e-01 8.207053766100097514e-01
1.600000000000000089e+00 8.194432512875433616e-01 8.211682834797426889e-01 8.204961308335116943e-01
1.608000000000000096e+00 8.216200318560296090e-01 8.209734650321525162e-01 8.203111566494749596e-01
1.616000000000000103e+00 8.202530941435398626e-01 8.207786928043544483e-01 8.201519029693886687e-01
1.624000000000000110e+00 8.194324606025437108e-01 8.205839667853833674e-01 8.200203018271117195e-01
1.632000000000000117e+00 8.195472162722128306e-01 8.203892869642762653e-01 8.199184439056190765e-01
1.640000000000000124e+00 8.195109508294996514e-01 8.201946533300729092e-01 8.198452728720955207e-01
1.648000000000000131e+00 8.204717304991470117e-01 8.200000658718158419e-01 8.197964119978474740e-01
1.655999999999999917e+00 8.196626975823759764e-01 8.198055245785499379e-01 8.197672708208341152e-01
1.663999999999999924e+00 8.197423367013103590e-01 8.196110294393227358e-01 8.197528655867598602e-01
1.671999999999999931e+00 8.210111502970838249e-01 8.194165804431843281e-01 8.197450418203542366e-01
1.679999999999999938e+00 8.196316932100200514e-01 8.192221775791875826e-01 8.197343790503757166e-01
1.687999999999999945e+00 8.203074612051529657e-01 8.190278208363879209e-01 8.197147842008380980e-01
1.695999999999999952e+00 8.207613643547662097e-01 8.188335102038432067e-01 8.196820686738253148e-01
1.703999999999999959e+00 8.214593457663695864e-01 8.186392456706138576e-01 8.196293802142076146e-01
1.711999999999999966e+00 8.202738904012303323e-01 8.184450272257632886e-01 8.195494315924276574e-01
1.719999999999999973e+00 8.204984283826465274e-01 8.182508548583571351e-01 8.194396860546444561e-01
1.727999999999999980e+00 8.192415141287078262e-01 8.180567285574635861e-01 8.192995176877189145e-01
1.735999999999999988e+00 8.189359446463835290e-01 8.178626483121538282e-01 8.191246093701478603e-01
1.743999999999999995e+00 8.169829897466799329e-01 8.176686141115011575e-01 8.189107465901571681e-01
1.752000000000000002e+00 8.199769105052066021e-01 8.174746259445817564e-01 8.186599226141400010e-01
1.760000000000000009e+00 8.184753924913190648e-01 8.172806838004744723e-01 8.183751725693085843e-01
1.768000000000000016e+00 8.184169591437199243e-01 8.170867876682603725e-01 8.180534748145420476e-01
1.776000000000000023e+00 8.185849556861788390e-01 8.168929375370236334e-01 8.176922956304386592e-01
1.784000000000000030e+00 8.199765746133620414e-01 8.166991333958503185e-01 8.172982460196493992e-01
1.792000000000000037e+00 8.179200672190620747e-01 8.165053752338298221e-01 8.168801573625281698e-01
1.800000000000000044e+00 8.160452490006722126e-01 8.163116630400537588e-01 8.164403838004267167e-01
1.808000000000000052e+00 8.174815283772125518e-01 8.161179968036162968e-01 8.159838167674853260e-01
1.816000000000000059e+00 8.154578674895677226e-01 8.159243765136141580e-01 8.155273373977626195e-01
1.824000000000000066e+00 8.149027848742793623e-01 8.157308021591470615e-01 8.150874858208239093e-01
1.832000000000000073e+00 8.145537269779635769e-01 8.155372737293167251e-01 8.146676274261616113e-01
1.840000000000000080e+00 8.126397646484811998e-01 8.153437912132279752e-01 8.142707950312924048e-01
1.848000000000000087e+00 8.142369614238629261e-01 8.151503545999877476e-01 8.139132135659177258e-01
1.856000000000000094e+00 8.123018929417691325e-01 8.149569638787059755e-01 8.136080827939777826e-01
1.864000000000000101e+00 8.125027759246432613e-01 8.147636190384949240e-01 8.133489493426683259e-01
1.872000000000000108e+00 8.114678929323781986e-01 8.145703200684695222e-01 8.131283427054670776e-01
1.880000000000000115e+00 8.137162376472972802e-01 8.143770669577473642e-01 8.129574609696068599e-01
1.888000000000000123e+00 8.122454112781041236e-01 8.141838596954482643e-01 8.128444214129084688e-01
1.896000000000000130e+00 8.138538765270164621e-01 8.139906982706952565e-01 8.127703436713613616e-01
1.904000000000000137e+00 8.129975212843995047e-01 8.137975826726132622e-01 8.127145345360959894e-01
1.911999999999999922e+00 8.095692952804928177e-01 8.136045128903304224e-01 8.126848930823427075e-01
