1.000000000000000000e+00 1.000499274076476851e-11
1.014999999999999902e+00 5.463562464665835921e-12
1.029999999999999805e+00 5.365491339370229067e-12
1.044999999999999707e+00 4.971719175134859189e-12
1.059999999999999609e+00 4.428752013211403636e-12
1.074999999999999512e+00 3.937915105517308262e-12
1.089999999999999414e+00 3.948088527493585988e-12
1.104999999999999316e+00 3.566950474540347825e-12
1.119999999999999218e+00 3.693399972743527605e-12
1.134999999999999121e+00 3.453309340817205470e-12
1.149999999999999023e+00 3.396435791719729828e-12
1.164999999999998925e+00 3.137005419636529771e-12
1.179999999999998828e+00 2.511822215798653464e-12
1.194999999999998730e+00 2.015087901407926075e-12
1.209999999999998632e+00 1.743276169498321613e-12
1.224999999999998535e+00 1.682536068465289694e-12
1.239999999999998437e+00 1.593523946709601052e-12
1.254999999999998339e+00 1.580250134132122761e-12
1.269999999999998241e+00 1.618471576780069222e-12
1.284999999999998144e+00 1.626469765342384738e-12
1.299999999999998046e+00 1.622735242103893709e-12
1.314999999999997948e+00 1.594818581589332320e-12
1.329999999999997851e+00 1.545791867503939940e-12
1.344999999999997753e+00 1.603643687115433443e-12
1.359999999999997655e+00 1.672867369218788472e-12
1.374999999999997558e+00 1.863879827761085093e-12
1.389999999999997460e+00 2.052901002127080040e-12
1.404999999999997362e+00 2.236545962423150447e-12
1.419999999999997264e+00 2.517470847830486059e-12
1.434999999999997167e+00 3.256571308735850481e-12
1.449999999999997069e+00 2.332437280193760182e-12
1.464999999999996971e+00 5.206806002539543639e-10
1.479999999999996874e+00 5.853154260866950676e-01
1.494999999999996776e+00 1.752836396532307939e+00
1.509999999999996678e+00 3.236793085550971227e+00
1.524999999999996581e+00 4.543311479494942517e+00
1.539999999999996483e+00 5.172942420887804538e+00
1.554999999999996385e+00 4.912680661424400519e+00
1.569999999999996287e+00 3.992206557983879467e+00
1.584999999999996190e+00 2.852787199887538261e+00
1.599999999999996092e+00 1.857849769089650938e+00
1.614999999999995994e+00 1.201072329405071137e+00
1.629999999999995897e+00 8.740154276146767653e-01
1.644999999999995799e+00 7.367963841731269836e-01
1.659999999999995701e+00 7.115163030018785140e-01
1.674999999999995604e+00 7.889725979382798959e-01
1.689999999999995506e+00 9.074451610007494562e-01
1.704999999999995408e+00 9.907223714242852086e-01
1.719999999999995310e+00 1.070881748797413380e+00
1.734999999999995213e+00 1.146800952630642634e+00
1.749999999999995115e+00 1.161160425225820969e+00
1.764999999999995017e+00 1.144905544794539765e+00
1.779999999999994920e+00 1.119328203144175360e+00
1.794999999999994822e+00 1.048410878831579351e+00
1.809999999999994724e+00 9.561048058750470924e-01
1.824999999999994627e+00 8.923386811015349140e-01
1.839999999999994529e+00 8.591618947173628174e-01
1.854999999999994431e+00 8.460932604761707276e-01
1.869999999999994333e+00 8.406058236997824284e-01
1.884999999999994236e+00 8.310291967959499981e-01
1.899999999999994138e+00 8.378555196016707063e-01
1.914999999999994040e+00 8.898620670920921460e-01
1.929999999999993943e+00 9.517036934004554638e-01
1.944999999999993845e+00 9.373780652217277298e-01
1.959999999999993747e+00 8.212854320768868677e-01
1.974999999999993650e+00 6.802245853988025948e-01
1.989999999999993552e+00 6.023779874629616726e-01
2.004999999999993676e+00 5.949978284583050669e-01
2.019999999999993356e+00 6.019218368965408850e-01
2.034999999999993037e+00 5.847429896203470978e-01
2.049999999999993161e+00 5.599466043498740886e-01
2.064999999999993285e+00 5.612411060418952546e-01
2.079999999999992966e+00 5.867982532719058231e-01
2.094999999999992646e+00 5.901680778355682389e-01
2.109999999999992770e+00 5.219882602464127608e-01
2.124999999999992895e+00 3.808477709833932301e-01
2.139999999999992575e+00 2.262646789539836112e-01
2.154999999999992255e+00 1.396068469474578688e-01
2.169999999999992379e+00 1.629602637763004624e-01
2.184999999999992504e+00 2.717034792125820886e-01
2.199999999999992184e+00 4.005919482307679358e-01
2.214999999999991864e+00 4.866306369219566830e-01
2.229999999999991989e+00 4.951640705877294324e-01
2.244999999999992113e+00 4.296409043316019027e-01
2.259999999999991793e+00 3.279250200493002976e-01
2.274999999999991473e+00 2.407831342480107606e-01
2.289999999999991598e+00 2.031902001812119218e-01
2.304999999999991722e+00 2.195347722488900644e-01
2.319999999999991402e+00 2.686779387811314979e-01
2.334999999999991083e+00 3.181843535713875792e-01
2.349999999999991207e+00 3.384234430537297333e-01
2.364999999999991331e+00 3.140572744476355926e-01
2.379999999999991012e+00 2.498163181214922979e-01
2.394999999999990692e+00 1.663734173103764702e-01
2.409999999999990816e+00 8.830042997896291046e-02
2.424999999999990941e+00 3.274199149821349630e-02
2.439999999999990621e+00 5.155933695121292688e-03
2.454999999999990301e+00 5.957056119266168825e-11
2.469999999999990425e+00 2.475694115264630781e-08
2.484999999999990550e+00 1.938351774529620611e-02
2.499999999999990230e+00 6.473032029816835897e-02
2.514999999999989910e+00 1.251402061672217125e-01
2.529999999999990035e+00 1.814993771145531620e-01
2.544999999999990159e+00 2.176134838844929198e-01
2.559999999999989839e+00 2.270030401768712847e-01
2.574999999999989519e+00 2.127899764585965137e-01
2.589999999999989644e+00 1.829201280495946214e-01
2.604999999999989768e+00 1.451865946163397036e-01
2.619999999999989448e+00 1.051881828399808955e-01
2.634999999999989129e+00 6.729443254185056567e-02
2.649999999999989253e+00 3.643431517049913748e-02
2.664999999999989377e+00 1.840185116604054621e-02
2.679999999999989058e+00 1.795184083027441535e-02
2.694999999999988738e+00 3.582961558330347018e-02
2.709999999999988862e+00 6.678375197709737754e-02
2.724999999999988987e+00 1.001500460037702267e-01
2.739999999999988667e+00 1.232211808726746682e-01
2.754999999999988347e+00 1.261655338660378767e-01
2.769999999999988471e+00 1.064250742340257100e-01
2.784999999999988596e+00 7.056680389660544006e-02
2.799999999999988276e+00 3.231497652026717876e-02
2.814999999999987956e+00 6.548204105581868946e-03
2.829999999999988081e+00 1.710056994063461861e-10
2.844999999999988205e+00 3.313184439126977614e-10
2.859999999999987885e+00 3.280151026469484503e-10
2.874999999999987566e+00 2.689120860999899357e-10
2.889999999999987690e+00 2.672659843961619274e-10
2.904999999999987814e+00 1.229954246117733816e-10
2.919999999999987494e+00 7.346806050471319209e-11
2.934999999999987175e+00 1.870953516633648561e-02
2.949999999999987299e+00 1.069408523729658972e-01
2.964999999999987423e+00 2.718790871836900269e-01
2.979999999999987104e+00 4.910105055461246870e-01
2.994999999999986784e+00 7.308641671973754583e-01
