2.800000000000000266e-01 8.292811254934731036e-01 8.332037624654776709e-01 8.271856312318741633e-01
2.880000000000000338e-01 8.208930353125742929e-01 8.334722389816767718e-01 8.243211755157504594e-01
2.960000000000000409e-01 8.217875604698881009e-01 8.337408020068943770e-01 8.245446160198286467e-01
3.040000000000000480e-01 8.265014621925355076e-01 8.340094515690056332e-01 8.280459483855143743e-01
3.120000000000000551e-01 8.342214015332717336e-01 8.342781876958945686e-01 8.344309115039709734e-01
3.200000000000000067e-01 8.438922109105473357e-01 8.345470104154544266e-01 8.408637251829929049e-01
3.280000000000000138e-01 8.454575644014045155e-01 8.348159197555871103e-01 8.423881240435950879e-01
3.360000000000000209e-01 8.405137520194514433e-01 8.350849157442038484e-01 8.368720089239476412e-01
3.440000000000000280e-01 8.320671657384564046e-01 8.353539984092244186e-01 8.288472194670756243e-01
3.520000000000000351e-01 8.199524753607114747e-01 8.356231677785779244e-01 8.257203519938414171e-01
3.600000000000000422e-01 8.212413199728275659e-01 8.358924238802025730e-01 8.308726867123287230e-01
3.679999999999999938e-01 8.375297921980620064e-01 8.361617667420452316e-01 8.441223711141933039e-01
3.760000000000000009e-01 8.732937113361431969e-01 8.364311963920619819e-01 8.683733542349992840e-01
3.840000000000000080e-01 9.199420190711303791e-01 8.367007128582180098e-01 9.087907697304181687e-01
3.920000000000000151e-01 9.631027918620539419e-01 8.369703161684871606e-01 9.605444316964544260e-01
4.000000000000000222e-01 9.954135035290224698e-01 8.372400063508527168e-01 1.002050273034219341e+00
4.080000000000000293e-01 1.000000000000000000e+00 8.373252510089764789e-01 1.008763933326458861e+00
4.160000000000000364e-01 9.754621255790182355e-01 8.370555333677613952e-01 9.761455921246313672e-01
4.240000000000000435e-01 9.341623938769404445e-01 8.367859026074875306e-01 9.246649577667795938e-01
4.320000000000000506e-01 8.867260345105252295e-01 8.365163587001692713e-01 8.792695575661237939e-01
4.400000000000000577e-01 8.494235478449947419e-01 8.362469016178292192e-01 8.502899301067311510e-01
4.480000000000000648e-01 8.255191928617330310e-01 8.359775313324999679e-01 8.341684882700677317e-01
4.560000000000000164e-01 8.220963736594137927e-01 8.357082478162222161e-01 8.264674211424549721e-01
4.640000000000000235e-01 8.282911431196162688e-01 8.354390510410462101e-01 8.270440832488584748e-01
4.720000000000000306e-01 8.389878767757866784e-01 8.351699409790313000e-01 8.342220805215589952e-01
4.800000000000000377e-01 8.433492620692318864e-01 8.349009176022452738e-01 8.413202832450468183e-01
4.879999999999999893e-01 8.461639170799376553e-01 8.346319808827654674e-01 8.421042778189297140e-01
4.959999999999999964e-01 8.403535795527793395e-01 8.343631307926777652e-01 8.366899392131006419e-01
5.040000000000000036e-01 8.306195001490930263e-01 8.340943673040775996e-01 8.298167600397790000e-01
5.120000000000000107e-01 8.211407589393540096e-01 8.338256903890688410e-01 8.252855853750387105e-01
5.200000000000000178e-01 8.235123713876894014e-01 8.335571000197645741e-01 8.240498789838424099e-01
5.280000000000000249e-01 8.268568331296805018e-01 8.332885961682868770e-01 8.259727761178808914e-01
5.360000000000000320e-01 8.320041345218516238e-01 8.330201788067669311e-01 8.305536191416176273e-01
5.440000000000000391e-01 8.366821696471858916e-01 8.327518479073444668e-01 8.358892248756459864e-01
5.520000000000000462e-01 8.393593962610020887e-01 8.324836034421687625e-01 8.389804809524057383e-01
5.600000000000000533e-01 8.386307062536897394e-01 8.322154453833975341e-01 8.380250445773247403e-01
5.680000000000000604e-01 8.330339704212060825e-01 8.319473737031979343e-01 8.338535918277802939e-01
5.760000000000000675e-01 8.263605366373253380e-01 8.316793883737456650e-01 8.289177083549581493e-01
5.840000000000000746e-01 8.252966769129642666e-01 8.314114893672256423e-01 8.254377041304454821e-01
5.920000000000000817e-01 8.249786880486246199e-01 8.311436766558317757e-01 8.245345891990525367e-01
6.000000000000000888e-01 8.273720112083827738e-01 8.308759502117668561e-01 8.262118892733220088e-01
6.080000000000000959e-01 8.315076552850512170e-01 8.306083100072425562e-01 8.294437927682293266e-01
6.160000000000001030e-01 8.354030931880576105e-01 8.303407560144794308e-01 8.324991587289685135e-01
6.239999999999999991e-01 8.366138323927821974e-01 8.300732882057072493e-01 8.337922495114962196e-01
6.320000000000000062e-01 8.327577249831903394e-01 8.298059065531646628e-01 8.327633750187555250e-01
6.400000000000000133e-01 8.281296335726872071e-01 8.295386110290988713e-01 8.300726140537175723e-01
6.480000000000000204e-01 8.260765874302635758e-01 8.292714016057667337e-01 8.270710243780932114e-01
6.560000000000000275e-01 8.248332371719727663e-01 8.290042782554333245e-01 8.250509549661931841e-01
6.640000000000000346e-01 8.245260670516530999e-01 8.287372409503731552e-01 8.246872933605466915e-01
6.720000000000000417e-01 8.268456826132380977e-01 8.284702896628695079e-01 8.258258955526933676e-01
6.800000000000000488e-01 8.283857723241359050e-01 8.282034243652143246e-01 8.276538382201075184e-01
6.879999999999999449e-01 8.296013540562289235e-01 8.279366450297089841e-01 8.291562010117458081e-01
6.959999999999999520e-01 8.302174443761101141e-01 8.276699516286634140e-01 8.296117328504803989e-01
7.039999999999999591e-01 8.302346315172355329e-01 8.274033441343965345e-01 8.288792438003110830e-01
7.119999999999999662e-01 8.255272561860583780e-01 8.271368225192362589e-01 8.273767134100016296e-01
7.199999999999999734e-01 8.257581712257782147e-01 8.268703867555193820e-01 8.258074626688167719e-01
7.279999999999999805e-01 8.241225260735645097e-01 8.266040368155915807e-01 8.247861918598955455e-01
7.359999999999999876e-01 8.227918006428751596e-01 8.263377726718073024e-01 8.245591845715780632e-01
7.439999999999999947e-01 8.232961359338253349e-01 8.260715942965303205e-01 8.249516475549469874e-01
7.520000000000000018e-01 8.275255215190545632e-01 8.258055016621329569e-01 8.255288587634588282e-01
7.600000000000000089e-01 8.268225297967255472e-01 8.255394947409964157e-01 8.258474494449725700e-01
7.680000000000000160e-01 8.268270923479236201e-01 8.252735735055110045e-01 8.256652736747598365e-01
7.760000000000000231e-01 8.242341523516641955e-01 8.250077379280758016e-01 8.250258012447142519e-01
7.840000000000000302e-01 8.226069493944849764e-01 8.247419879810987675e-01 8.241935537065319117e-01
7.920000000000000373e-01 8.220330382347472709e-01 8.244763236369968551e-01 8.234902289800385411e-01
8.000000000000000444e-01 8.198101422342540801e-01 8.242107448681957882e-01 8.231321724519384819e-01
8.080000000000000515e-01 8.223587980412260245e-01 8.239452516471300614e-01 8.231503873465788601e-01
8.160000000000000586e-01 8.218331298714048883e-01 8.236798439462433841e-01 8.234090418265862521e-01
8.240000000000000657e-01 8.243182101900272674e-01 8.234145217379881254e-01 8.236918076656316590e-01
8.320000000000000728e-01 8.249906576087207011e-01 8.231492849948255364e-01 8.238098836302358841e-01
8.400000000000000799e-01 8.228649180214965275e-01 8.228841336892258607e-01 8.236808020272657904e-01
8.479999999999999760e-01 8.228378995717888778e-01 8.226190677936678908e-01 8.233415116478755014e-01
8.559999999999999831e-01 8.225014943708828241e-01 8.223540872806396340e-01 8.229011724110428805e-01
8.639999999999999902e-01 8.203809937544407349e-01 8.220891921226378685e-01 8.224743777737908434e-01
8.719999999999999973e-01 8.206940362494759000e-01 8.218243822921680319e-01 8.221327267548613760e-01
8.800000000000000044e-01 8.200912319065660760e-01 8.215596577617448881e-01 8.218888792282648126e-01
8.880000000000000115e-01 8.208776402715072251e-01 8.212950185038913054e-01 8.217101646677300586e-01
8.960000000000000187e-01 8.210546497677501110e-01 8.210304644911398109e-01 8.215485013987420260e-01
9.040000000000000258e-01 8.209589709380852307e-01 8.207659956960313696e-01 8.213666937875085949e-01
9.120000000000000329e-01 8.227156132138003786e-01 8.205016120911156063e-01 8.211479593647252884e-01
9.200000000000000400e-01 8.201396872274716587e-01 8.202373136489514716e-01 8.208919421266916983e-01
9.280000000000000471e-01 8.197740636305244077e-01 8.199731003421064646e-01 8.206069574251022569e-01
9.360000000000000542e-01 8.179411701136600765e-01 8.197089721431567444e-01 8.203026485012203661e-01
9.440000000000000613e-01 8.192374198590158807e-01 8.194449290246876849e-01 8.199845964667354936e-01
9.520000000000000684e-01 8.175801377077033250e-01 8.191809709592933197e-01 8.196539619553981915e-01
9.600000000000000755e-01 8.183484914465823934e-01 8.189170979195764533e-01 8.193113272380416756e-01
9.679999999999999716e-01 8.197504011412418690e-01 8.186533098781487716e-01 8.189589775508530067e-01
9.759999999999999787e-01 8.173150501215256103e-01 8.183896068076308428e-01 8.185996457143207561e-01
9.839999999999999858e-01 8.195357449309290665e-01 8.181259886806520054e-01 8.182356629965790162e-01
9.919999999999999929e-01 8.177845859641401649e-01 8.178624554698503690e-01 8.178704422989160339e-01
1.000000000000000000e+00 8.170275741769345013e-01 8.175990071478728138e-01 8.175100215325080688e-01
1.008000000000000007e+00 8.158986374371162142e-01 8.173356436873753239e-01 8.171637172605151767e-01
1.016000000000000014e+00 8.154334826994459329e-01 8.170723650610222100e-01 8.168443423680480375e-01
1.024000000000000021e+00 8.166981386137709409e-01 8.168091712414869976e-01 8.165659059139539488e-01
1.032000000000000028e+00 8.155743700550486253e-01 8.165460622014519831e-01 8.163373552548638390e-01
1.040000000000000036e+00 8.167213000530615385e-01 8.162830379136079006e-01 8.161565078695902642e-01
1.048000000000000043e+00 8.178375329361201596e-01 8.160200983506548100e-01 8.160095049048228244e-01
1.056000000000000050e+00 8.141775587544640702e-01 8.157572434853010979e-01 8.158756469992133331e-01
1.064000000000000057e+00 8.164619998810687118e-01 8.154944732902641436e-01 8.157341222607108477e-01
1.072000000000000064e+00 8.149486039772392276e-01 8.152317877382700972e-01 8.155703259647706371e-01
1.080000000000000071e+00 8.158692856705879182e-01 8.149691868020541019e-01 8.153794393254902850e-01
1.088000000000000078e+00 8.142965445536716196e-01 8.147066704543596272e-01 8.151644441303649291e-01
1.096000000000000085e+00 8.140968197508637871e-01 8.144442386679392465e-01 8.149297597486028222e-01
1.104000000000000092e+00 8.163006316720138322e-01 8.141818914155544151e-01 8.146760629201190707e-01
1.112000000000000099e+00 8.176571960469729561e-01 8.139196286699749150e-01 8.143997013788275563e-01
1.120000000000000107e+00 8.123631480845339148e-01 8.136574504039797429e-01 8.140952598917883254e-01
1.128000000000000114e+00 8.122461976097345993e-01 8.133953565903563332e-01 8.137591128797974083e-01
1.136000000000000121e+00 8.145919462628005148e-01 8.131333472019013353e-01 8.133927855901252890e-01
1.144000000000000128e+00 8.131906548377222377e-01 8.128714222114196142e-01 8.130038970998627601e-01
1.152000000000000135e+00 8.120712380862838975e-01 8.126095815917251386e-01 8.126031533525803763e-01
1.160000000000000142e+00 8.139086868786317153e-01 8.123478253156405371e-01 8.122000048060301625e-01
1.168000000000000149e+00 8.138363806400203959e-01 8.120861533559972090e-01 8.118009414222502329e-01
1.176000000000000156e+00 8.126089216979830443e-01 8.118245656856354353e-01 8.114106888553818120e-01
1.184000000000000163e+00 8.105397921066515021e-01 8.115630622774038239e-01 8.110340964552749110e-01
1.192000000000000171e+00 8.113899098175841873e-01 8.113016431041603083e-01 8.106777179894113505e-01
1.200000000000000178e+00 8.114293894214572589e-01 8.110403081387709268e-01 8.103503400808939050e-01
1.208000000000000185e+00 8.095782260701114286e-01 8.107790573541111545e-01 8.100607261908281398e-01
1.216000000000000192e+00 8.093926603419155930e-01 8.105178907230646823e-01 8.098129933643710698e-01
1.223999999999999977e+00 8.085680416326074260e-01 8.102568082185243048e-01 8.096033198319474433e-01
1.231999999999999984e+00 8.111600546448816118e-01 8.099958098133909212e-01 8.094204368926438686e-01
1.239999999999999991e+00 8.105417135867615253e-01 8.097348954805749788e-01 8.092487174985795173e-01
1.247999999999999998e+00 8.095367986918011738e-01 8.094740651929951403e-01 8.090722236321548078e-01
1.256000000000000005e+00 8.099850840036341149e-01 8.092133189235788393e-01 8.088790545651545205e-01
1.264000000000000012e+00 8.083889294550650195e-01 8.089526566452623912e-01 8.086641011032882354e-01
1.272000000000000020e+00 8.099213841821661930e-01 8.086920783309906602e-01 8.084281161612467681e-01
1.280000000000000027e+00 8.095969036414214504e-01 8.084315839537175030e-01 8.081744562811773447e-01
1.288000000000000034e+00 8.055041880727338288e-01 8.081711734864049923e-01 8.079068011125151161e-01
1.296000000000000041e+00 8.080319174737722321e-01 8.079108469020244154e-01 8.076285832257505959e-01
1.304000000000000048e+00 8.100659438678069479e-01 8.076506041735554975e-01 8.073429437700299083e-01
1.312000000000000055e+00 8.066601854126491666e-01 8.073904452739867343e-01 8.070533601288654157e-01
1.320000000000000062e+00 8.047275757114489281e-01 8.071303701763153926e-01 8.067650556490026936e-01
1.328000000000000069e+00 8.069702982800783797e-01 8.068703788535471766e-01 8.064851729294095772e-01
1.336000000000000076e+00 8.081456752924508491e-01 8.066104712786968944e-01 8.062206655369995589e-01
1.344000000000000083e+00 8.075299837023657279e-01 8.063506474247875699e-01 8.059762133663554984e-01
1.352000000000000091e+00 8.073066332323850514e-01 8.060909072648514417e-01 8.057540252557016114e-01
1.360000000000000098e+00 8.039275719167644496e-01 8.058312507719289641e-01 8.055542650626341672e-01
1.368000000000000105e+00 8.038862581205353797e-01 8.055716779190695842e-01 8.053751090923576550e-01
1.376000000000000112e+00 8.045001520817283147e-01 8.053121886793312978e-01 8.052134854076511417e-01
1.384000000000000119e+00 8.056838622815022388e-01 8.050527830257807604e-01 8.050661826367502272e-01
1.392000000000000126e+00 8.050737314209609474e-01 8.047934609314932874e-01 8.049293205553447184e-01
1.400000000000000133e+00 8.028522099854614735e-01 8.045342223695531869e-01 8.047967885826177170e-01
1.407999999999999918e+00 8.064726802337008893e-01 8.042750673130528716e-01 8.046605020519053131e-01
1.415999999999999925e+00 8.061195482855518790e-01 8.040159957350939690e-01 8.045125095825420569e-01
1.423999999999999932e+00 8.051492596348678310e-01 8.037570076087863225e-01 8.043465545069228284e-01
1.431999999999999940e+00 8.043087094849664664e-01 8.034981029072487679e-01 8.041589346697509688e-01
1.439999999999999947e+00 8.042628393772792705e-01 8.032392816036086902e-01 8.039497124996747290e-01
1.447999999999999954e+00 8.027976306499093884e-01 8.029805436710020228e-01 8.037226708511561180e-01
1.455999999999999961e+00 8.027844228729643650e-01 8.027218890825734698e-01 8.034824968532473521e-01
1.463999999999999968e+00 8.032777006033470224e-01 8.024633178114763954e-01 8.032318082758580502e-01
1.471999999999999975e+00 8.013661861177218126e-01 8.022048298308727121e-01 8.029708110272881783e-01
1.479999999999999982e+00 8.031919966014356982e-01 8.019464251139332145e-01 8.026980509437294797e-01
1.487999999999999989e+00 8.023680818760721145e-01 8.016881036338369126e-01 8.024104793629275312e-01
1.495999999999999996e+00 8.004763982005300704e-01 8.014298653637718095e-01 8.021044852228833566e-01
1.504000000000000004e+00 8.020552993141205622e-01 8.011717102769345678e-01 8.017782849727463912e-01
1.512000000000000011e+00 8.018450808618936554e-01 8.009136383465303988e-01 8.014324820010758632e-01
1.520000000000000018e+00 8.019242133767036096e-01 8.006556495457728406e-01 8.010682613812131203e-01
1.528000000000000025e+00 8.023180287705464764e-01 8.003977438478844242e-01 8.006870300726417478e-01
1.536000000000000032e+00 8.004341664250660404e-01 8.001399212260963401e-01 8.002922354328476651e-01
1.544000000000000039e+00 8.000993076327643783e-01 7.998821816536481055e-01 7.998897286895481074e-01
1.552000000000000046e+00 8.002455342287093654e-01 7.996245251037881197e-01 7.994864497476494858e-01
1.560000000000000053e+00 7.972205388774576962e-01 7.993669515497734412e-01 7.990907404220053412e-01
1.568000000000000060e+00 7.992334609771096776e-01 7.991094609648692337e-01 7.987130889613129892e-01
1.576000000000000068e+00 7.961274551008321598e-01 7.988520533223499864e-01 7.983634398568981716e-01
1.584000000000000075e+00 7.975179759814801095e-01 7.985947285954981822e-01 7.980474822495302600e-01
1.592000000000000082e+00 7.982347688534364716e-01 7.983374867576054079e-01 7.977670024463637821e-01
1.600000000000000089e+00 7.980198304919021712e-01 7.980803277819716879e-01 7.975220592225571448e-01
1.608000000000000096e+00 7.963034559093857823e-01 7.978232516419051512e-01 7.973102408523139450e-01
1.616000000000000103e+00 7.979413198192513157e-01 7.975662583107234749e-01 7.971258649954011677e-01
1.624000000000000110e+00 7.974568066671260391e-01 7.973093477617521074e-01 7.969629719732600481e-01
1.632000000000000117e+00 7.958893731283889217e-01 7.970525199683254902e-01 7.968172514709555010e-01
1.640000000000000124e+00 7.955894867391543057e-01 7.967957749037865023e-01 7.966827611694176081e-01
1.648000000000000131e+00 7.976733900980390590e-01 7.965391125414867934e-01 7.965498548271439105e-01
1.655999999999999917e+00 7.975265493376496595e-01 7.962825328547862291e-01 7.964090278356937835e-01
1.663999999999999924e+00 7.957842298049787599e-01 7.960260358170538897e-01 7.962535421406904401e-01
1.671999999999999931e+00 7.949999618921800293e-01 7.957696214016667380e-01 7.960765161025606940e-01
1.679999999999999938e+00 7.952343798678863651e-01 7.955132895820107297e-01 7.958705767319057545e-01
1.687999999999999945e+00 7.968937318924194102e-01 7.952570403314802583e-01 7.956331114734545018e-01
1.695999999999999952e+00 7.955260026175249299e-01 7.950008736234781548e-01 7.953667960277953641e-01
1.703999999999999959e+00 7.958090065226846033e-01 7.947447894314163541e-01 7.950730233967764349e-01
1.711999999999999966e+00 7.968021735887431678e-01 7.944887877287146738e-01 7.947509627048270353e-01
1.719999999999999973e+00 7.939714502168851995e-01 7.942328684888018131e-01 7.944044730040220603e-01
1.727999999999999980e+00 7.941562563840200983e-01 7.939770316851151311e-01 7.940424101823388980e-01
1.735999999999999988e+00 7.929967551632508549e-01 7.937212772911003134e-01 7.936709190428768990e-01
1.743999999999999995e+00 7.951152152268348150e-01 7.934656052802118165e-01 7.932938864027292425e-01
1.752000000000000002e+00 7.937209336573252116e-01 7.932100156259125345e-01 7.929211147133252702e-01
1.760000000000000009e+00 7.896448584888284827e-01 7.929545083016739104e-01 7.925652749700109467e-01
1.768000000000000016e+00 7.900381597197212447e-01 7.926990832809757137e-01 7.922300659848340310e-01
1.776000000000000023e+00 7.912822055205969152e-01 7.924437405373068177e-01 7.919123712579420049e-01
1.784000000000000030e+00 7.932364320692556481e-01 7.921884800441642005e-01 7.916149289058282967e-01
1.792000000000000037e+00 7.913205404516742147e-01 7.919333017750532777e-01 7.913434214265995248e-01
1.800000000000000044e+00 7.898596111392645058e-01 7.916782057034884579e-01 7.910930565943353754e-01
1.808000000000000052e+00 7.910506706849911307e-01 7.914231918029922541e-01 7.908540266245265293e-01
1.816000000000000059e+00 7.913957865099000566e-01 7.911682600470959503e-01 7.906279264932487560e-01
1.824000000000000066e+00 7.899591481128694914e-01 7.909134104093393791e-01 7.904209216740323285e-01
1.832000000000000073e+00 7.911948475093892874e-01 7.906586428632704777e-01 7.902244372253931504e-01
1.840000000000000080e+00 7.923569512046975127e-01 7.904039573824465092e-01 7.900237059072490187e-01
1.848000000000000087e+00 7.896123091031167496e-01 7.901493539404322863e-01 7.898211314800045457e-01
1.856000000000000094e+00 7.895152310069556423e-01 7.898948325108018365e-01 7.896273607905508474e-01
1.864000000000000101e+00 7.892215521740586492e-01 7.896403930671375138e-01 7.894350915428574034e-01
1.872000000000000108e+00 7.895937459458395313e-01 7.893860355830302211e-01 7.892299006691123608e-01
1.880000000000000115e+00 7.873402443595970412e-01 7.891317600320790770e-01 7.890204922439737478e-01
1.888000000000000123e+00 7.886859057339743462e-01 7.888775663878920819e-01 7.888252395371422310e-01
1.896000000000000130e+00 7.892830073687456816e-01 7.886234546240855625e-01 7.886351810077698588e-01
1.904000000000000137e+00 7.870981912993706420e-01 7.883694247142842837e-01 7.884279589025657842e-01
1.911999999999999922e+00 7.886281554381888714e-01 7.881154766321217808e-01 7.882117107446662274e-01
