0.000000000000000000e+00 1.437316100330452207e+00
8.000000000000007105e-03 1.351429625461574302e+00
1.599999999999998646e-02 1.221806363908557014e+00
2.399999999999999356e-02 1.052406639598070903e+00
3.200000000000000067e-02 8.739293163492980465e-01
4.000000000000000777e-02 7.018057092070384417e-01
4.799999999999998712e-02 5.600113081266319126e-01
5.599999999999999423e-02 4.430066895047224951e-01
6.400000000000000133e-02 3.579803487759081748e-01
7.200000000000000844e-02 3.006338973145751270e-01
7.999999999999998779e-02 2.720794242217386971e-01
8.799999999999999489e-02 2.618166848295431781e-01
9.600000000000000200e-02 2.671880373474523895e-01
1.040000000000000091e-01 2.877679989965974405e-01
1.119999999999999885e-01 3.212847175074874384e-01
1.199999999999999956e-01 3.731223687657636567e-01
1.280000000000000027e-01 4.275690442095037569e-01
1.360000000000000098e-01 4.862872145452089567e-01
1.440000000000000169e-01 5.378461395310377702e-01
1.520000000000000240e-01 5.769728705259886681e-01
1.599999999999999756e-01 5.921096897221793665e-01
1.679999999999999827e-01 5.927804254776541937e-01
1.759999999999999898e-01 5.676783919485277607e-01
1.839999999999999969e-01 5.216262333283634423e-01
1.920000000000000040e-01 4.805185839610005005e-01
2.000000000000000111e-01 4.412576364160508136e-01
2.080000000000000182e-01 3.849076563689350916e-01
2.159999999999999698e-01 3.559474778195458322e-01
2.239999999999999769e-01 3.416375730026516844e-01
2.319999999999999840e-01 3.317766357579716718e-01
2.399999999999999911e-01 3.256401228562312289e-01
2.479999999999999982e-01 3.459661590214865301e-01
2.560000000000000053e-01 3.717712658857861285e-01
2.640000000000000124e-01 4.071550533895341717e-01
2.720000000000000195e-01 4.399856306491554125e-01
2.799999999999999711e-01 4.698560752810529428e-01
2.879999999999999782e-01 5.068797866522952722e-01
2.959999999999999853e-01 5.292515403902453563e-01
3.039999999999999925e-01 5.461430206768347340e-01
3.119999999999999996e-01 5.429430098857948028e-01
3.200000000000000067e-01 5.251703693372254955e-01
3.280000000000000138e-01 5.017747226204264388e-01
3.360000000000000209e-01 4.729164315231254023e-01
3.439999999999999725e-01 4.397653032683666585e-01
3.519999999999999796e-01 4.042813679083027134e-01
3.599999999999999867e-01 3.790962621863372406e-01
3.679999999999999938e-01 3.598673725350032271e-01
3.760000000000000009e-01 3.506362636141733269e-01
3.840000000000000080e-01 3.500193849983690986e-01
3.920000000000000151e-01 3.627599335639943301e-01
4.000000000000000222e-01 3.793720072362795070e-01
4.080000000000000293e-01 3.970969262902473984e-01
4.160000000000000364e-01 4.249599428123999600e-01
4.240000000000000435e-01 4.536243283080184652e-01
4.320000000000000506e-01 4.791201105161270735e-01
4.399999999999999467e-01 5.023540950225390267e-01
4.479999999999999538e-01 5.170627928085763658e-01
4.559999999999999609e-01 5.205614463205224807e-01
4.639999999999999680e-01 5.075479186338078819e-01
4.719999999999999751e-01 4.971127543004838500e-01
4.799999999999999822e-01 4.783227842606351254e-01
4.879999999999999893e-01 4.510516108091117138e-01
4.959999999999999964e-01 4.256074009554020599e-01
5.040000000000000036e-01 3.988519463682245192e-01
5.120000000000000107e-01 3.828844205075154217e-01
5.200000000000000178e-01 3.726426431750721191e-01
5.280000000000000249e-01 3.672079554819007163e-01
5.360000000000000320e-01 3.682157370276337160e-01
5.440000000000000391e-01 3.811849641084118501e-01
5.520000000000000462e-01 3.987438802937262050e-01
5.599999999999999423e-01 4.181214594243009564e-01
5.679999999999999494e-01 4.379635609141187547e-01
5.759999999999999565e-01 4.597932399465489706e-01
5.839999999999999636e-01 4.792230319396076910e-01
5.919999999999999707e-01 4.939667401747234732e-01
5.999999999999999778e-01 4.926574558317123320e-01
6.079999999999999849e-01 4.991425803960510832e-01
6.159999999999999920e-01 4.877363489929819051e-01
6.239999999999999991e-01 4.698327048539990836e-01
6.320000000000000062e-01 4.518257963368136343e-01
6.400000000000000133e-01 4.376482535145067021e-01
6.480000000000000204e-01 4.201678747066036612e-01
6.560000000000000275e-01 4.028588454654710715e-01
6.640000000000000346e-01 3.933044830364321731e-01
6.720000000000000417e-01 3.885037690481399353e-01
6.800000000000000488e-01 3.924212911736022491e-01
6.879999999999999449e-01 4.057716418997833197e-01
6.959999999999999520e-01 4.168541848238211944e-01
7.039999999999999591e-01 4.276783611369751048e-01
7.119999999999999662e-01 4.378549837353939433e-01
7.199999999999999734e-01 4.566554684202441261e-01
7.279999999999999805e-01 4.723059380865679002e-01
7.359999999999999876e-01 4.736253301346091682e-01
7.439999999999999947e-01 4.768934794870135496e-01
7.520000000000000018e-01 4.817620006800459320e-01
7.600000000000000089e-01 4.787739209104739380e-01
7.680000000000000160e-01 4.650646429287449424e-01
7.760000000000000231e-01 4.520373364088832169e-01
7.840000000000000302e-01 4.343728729737020844e-01
7.920000000000000373e-01 4.226138324594688189e-01
8.000000000000000444e-01 4.140542116312170839e-01
8.080000000000000515e-01 4.031537120060099122e-01
8.159999999999999476e-01 4.014716182619689766e-01
8.239999999999999547e-01 3.969899107362418467e-01
8.319999999999999618e-01 4.035366285952637910e-01
8.399999999999999689e-01 4.076697914601759010e-01
8.479999999999999760e-01 4.218845705112407862e-01
8.559999999999999831e-01 4.349148686403827568e-01
8.639999999999999902e-01 4.514117494370240569e-01
8.719999999999999973e-01 4.741302421243893117e-01
8.800000000000000044e-01 4.888086636774814364e-01
8.880000000000000115e-01 4.911523334193942936e-01
8.960000000000000187e-01 4.903188901940468414e-01
9.040000000000000258e-01 4.859078627909106385e-01
9.120000000000000329e-01 4.745883234178538967e-01
9.200000000000000400e-01 4.564321582434406332e-01
9.280000000000000471e-01 4.414777910977906727e-01
9.360000000000000542e-01 4.326931202144871924e-01
9.440000000000000613e-01 4.193320679614757629e-01
9.520000000000000684e-01 4.104348771297244292e-01
9.600000000000000755e-01 4.085200846582133227e-01
9.680000000000000826e-01 4.012949122336095242e-01
9.760000000000000897e-01 4.038529049812136784e-01
9.840000000000000968e-01 4.081199572236088868e-01
9.920000000000001039e-01 4.163114821059271109e-01
9.999999999999998890e-01 4.238146522663838178e-01
1.008000000000000007e+00 4.328527933327931398e-01
1.016000000000000014e+00 4.410908807207841176e-01
1.024000000000000021e+00 4.460170114774212324e-01
1.032000000000000028e+00 4.532952049941917916e-01
1.040000000000000036e+00 4.533085524981004255e-01
1.048000000000000043e+00 4.544517590426396803e-01
1.056000000000000050e+00 4.532582696402457367e-01
1.064000000000000057e+00 4.496527963698745411e-01
1.072000000000000064e+00 4.432024415616018231e-01
1.080000000000000071e+00 4.400863196852164427e-01
1.088000000000000078e+00 4.318902113558201195e-01
1.096000000000000085e+00 4.260236563058930614e-01
1.104000000000000092e+00 4.224367022855475828e-01
1.112000000000000099e+00 4.201477953312127700e-01
1.120000000000000107e+00 4.189791135614182593e-01
1.128000000000000114e+00 4.277486071265354517e-01
1.136000000000000121e+00 4.266227146408475002e-01
1.144000000000000128e+00 4.311292633664114970e-01
1.152000000000000135e+00 4.332269545776267217e-01
1.160000000000000142e+00 4.411766566884837704e-01
1.168000000000000149e+00 4.441425036267235282e-01
1.176000000000000156e+00 4.499362110118761970e-01
1.184000000000000163e+00 4.473075016391937497e-01
1.192000000000000171e+00 4.499984089955686994e-01
1.200000000000000178e+00 4.448155896872545978e-01
1.208000000000000185e+00 4.395621680463547842e-01
1.216000000000000192e+00 4.415115392003030603e-01
1.224000000000000199e+00 4.300864718321504854e-01
1.232000000000000206e+00 4.268043836932218227e-01
1.240000000000000213e+00 4.225785601112417300e-01
1.247999999999999776e+00 4.202445617339414796e-01
1.255999999999999783e+00 4.226592696960448370e-01
1.263999999999999790e+00 4.258019369466166659e-01
1.271999999999999797e+00 4.310573474288726947e-01
1.279999999999999805e+00 4.262105980914710490e-01
1.287999999999999812e+00 4.315598946459112129e-01
1.295999999999999819e+00 4.361757514338107100e-01
1.303999999999999826e+00 4.390316491066542093e-01
1.311999999999999833e+00 4.421731649809494402e-01
1.319999999999999840e+00 4.377772030516514090e-01
1.327999999999999847e+00 4.428934468350232967e-01
1.335999999999999854e+00 4.532481412843603064e-01
1.343999999999999861e+00 4.494692883794988991e-01
1.351999999999999869e+00 4.386868510904537999e-01
1.359999999999999876e+00 4.411318463568831283e-01
1.367999999999999883e+00 4.553447094568920384e-01
1.375999999999999890e+00 4.417336968718640899e-01
1.383999999999999897e+00 4.322997442040082405e-01
1.391999999999999904e+00 4.320540852935217391e-01
1.399999999999999911e+00 4.396438369632060250e-01
1.407999999999999918e+00 4.335513600793891031e-01
1.415999999999999925e+00 4.343717168660065631e-01
1.423999999999999932e+00 4.353776809774173029e-01
1.431999999999999940e+00 4.346929650189692018e-01
1.439999999999999947e+00 4.352434096069582870e-01
1.447999999999999954e+00 4.371740511326202561e-01
1.455999999999999961e+00 4.351455879014494710e-01
1.463999999999999968e+00 4.407536734678507706e-01
1.471999999999999975e+00 4.411783370727172526e-01
1.479999999999999982e+00 4.408700007345939254e-01
1.487999999999999989e+00 4.408023258565049729e-01
1.495999999999999996e+00 4.415285318829518801e-01
1.504000000000000004e+00 4.352288971248270966e-01
1.512000000000000011e+00 4.343701711777751551e-01
1.520000000000000018e+00 4.381559230796728821e-01
1.528000000000000025e+00 4.325945082062650493e-01
1.536000000000000032e+00 4.316305040008578953e-01
1.544000000000000039e+00 4.337145339256306409e-01
1.552000000000000046e+00 4.366878333681653013e-01
1.560000000000000053e+00 4.306874997076363676e-01
1.568000000000000060e+00 4.340412347959261563e-01
1.576000000000000068e+00 4.329892113306076373e-01
1.584000000000000075e+00 4.285171681860389103e-01
1.592000000000000082e+00 4.333524072162469043e-01
1.600000000000000089e+00 4.350640814730544759e-01
1.608000000000000096e+00 4.311112643416252221e-01
1.616000000000000103e+00 4.267226569671359604e-01
1.624000000000000110e+00 4.418047038529275827e-01
1.632000000000000117e+00 4.364624533057870903e-01
1.640000000000000124e+00 4.374581726186370090e-01
1.648000000000000131e+00 4.329589522798895640e-01
1.656000000000000139e+00 4.374723265161183372e-01
1.664000000000000146e+00 4.358351778628566375e-01
1.672000000000000153e+00 4.360208918940403078e-01
1.680000000000000160e+00 4.383545401665077113e-01
1.688000000000000167e+00 4.391179729699743461e-01
1.696000000000000174e+00 4.363717064623997000e-01
1.704000000000000181e+00 4.370425165183506877e-01
