0.000000000000000000e+00 1.400609088891715981e+00
8.000000000000007105e-03 1.358268411480342497e+00
1.599999999999998646e-02 1.243789657916713365e+00
2.399999999999999356e-02 1.083821320175105685e+00
3.200000000000000067e-02 9.104880511960826706e-01
4.000000000000000777e-02 7.453566409645486779e-01
4.799999999999998712e-02 6.013586017643159920e-01
5.599999999999999423e-02 4.966774035426244072e-01
6.400000000000000133e-02 4.309218733456873229e-01
7.200000000000000844e-02 3.952794754307213942e-01
7.999999999999998779e-02 3.820048542097591593e-01
8.799999999999999489e-02 3.867818340180291803e-01
9.600000000000000200e-02 4.010239281959077640e-01
1.040000000000000091e-01 4.230540564431774508e-01
1.119999999999999885e-01 4.565006274292903732e-01
1.199999999999999956e-01 5.046187229286446252e-01
1.280000000000000027e-01 5.602672893818620992e-01
1.360000000000000098e-01 6.220160444654311283e-01
1.440000000000000169e-01 6.808659805202882387e-01
1.520000000000000240e-01 7.243279078329066811e-01
1.599999999999999756e-01 7.467856212114755143e-01
1.679999999999999827e-01 7.415792542474543003e-01
1.759999999999999898e-01 7.123782853404115878e-01
1.839999999999999969e-01 6.669036599777456997e-01
1.920000000000000040e-01 6.132059661554403185e-01
2.000000000000000111e-01 5.607711856849847409e-01
2.080000000000000182e-01 5.148052491217689486e-01
2.159999999999999698e-01 4.817969391799644119e-01
2.239999999999999769e-01 4.594973814718914529e-01
2.319999999999999840e-01 4.510336846683200007e-01
2.399999999999999911e-01 4.520271132997151775e-01
2.479999999999999982e-01 4.674982958700739655e-01
2.560000000000000053e-01 4.914905840875181675e-01
2.640000000000000124e-01 5.228671147960115562e-01
2.720000000000000195e-01 5.623937540911773114e-01
2.799999999999999711e-01 6.066108956969192834e-01
2.879999999999999782e-01 6.488186908767454852e-01
2.959999999999999853e-01 6.822049163088508283e-01
3.039999999999999925e-01 7.017700247592257856e-01
3.119999999999999996e-01 7.035980910145482881e-01
3.200000000000000067e-01 6.883369750908588935e-01
3.280000000000000138e-01 6.581395769126605622e-01
3.360000000000000209e-01 6.197121819469696424e-01
3.439999999999999725e-01 5.818015805751723946e-01
3.519999999999999796e-01 5.446580103866666134e-01
3.599999999999999867e-01 5.138735455397237528e-01
3.679999999999999938e-01 4.934293630285846999e-01
3.760000000000000009e-01 4.837963753879930273e-01
3.840000000000000080e-01 4.816129487845018375e-01
3.920000000000000151e-01 4.901781628491201914e-01
4.000000000000000222e-01 5.068621823090697642e-01
4.080000000000000293e-01 5.295072826202530392e-01
4.160000000000000364e-01 5.550336403200625268e-01
4.240000000000000435e-01 5.846982988139501902e-01
4.320000000000000506e-01 6.161198119655668659e-01
4.399999999999999467e-01 6.398751579167872849e-01
4.479999999999999538e-01 6.563883009889983633e-01
4.559999999999999609e-01 6.653271415299296665e-01
4.639999999999999680e-01 6.620616185617835825e-01
4.719999999999999751e-01 6.469967780671278534e-01
4.799999999999999822e-01 6.229915465649468187e-01
4.879999999999999893e-01 5.924817061150299269e-01
4.959999999999999964e-01 5.620216634378308873e-01
5.040000000000000036e-01 5.370857805538411522e-01
5.120000000000000107e-01 5.187156447015082161e-01
5.200000000000000178e-01 5.083619456281692761e-01
5.280000000000000249e-01 5.028415947402734565e-01
5.360000000000000320e-01 5.083091433234930845e-01
5.440000000000000391e-01 5.181695351244210990e-01
5.520000000000000462e-01 5.370256560256992939e-01
5.599999999999999423e-01 5.577608198731607292e-01
5.679999999999999494e-01 5.825285821847825396e-01
5.759999999999999565e-01 6.062498263615944127e-01
5.839999999999999636e-01 6.267798843885461491e-01
5.919999999999999707e-01 6.412940844882826230e-01
5.999999999999999778e-01 6.488585541173671478e-01
6.079999999999999849e-01 6.487452427183120207e-01
6.159999999999999920e-01 6.394242255453603807e-01
6.239999999999999991e-01 6.209422314821799738e-01
6.320000000000000062e-01 5.966104846796189687e-01
6.400000000000000133e-01 5.725981672375723974e-01
6.480000000000000204e-01 5.482992158493028567e-01
6.560000000000000275e-01 5.274462840104752193e-01
6.640000000000000346e-01 5.142372902792743394e-01
6.720000000000000417e-01 5.094972818796987823e-01
6.800000000000000488e-01 5.124327553293910320e-01
6.879999999999999449e-01 5.230278332435351896e-01
6.959999999999999520e-01 5.371803889185732261e-01
7.039999999999999591e-01 5.557872900689795337e-01
7.119999999999999662e-01 5.726228661769308115e-01
7.199999999999999734e-01 5.923955421187383497e-01
7.279999999999999805e-01 6.101364659951844516e-01
7.359999999999999876e-01 6.286702136844961597e-01
7.439999999999999947e-01 6.424696274969056153e-01
7.520000000000000018e-01 6.507957894456063430e-01
7.600000000000000089e-01 6.540167365707523217e-01
7.680000000000000160e-01 6.523843454725202218e-01
7.760000000000000231e-01 6.420889764660420163e-01
7.840000000000000302e-01 6.230864369220997512e-01
7.920000000000000373e-01 6.005236962154791858e-01
8.000000000000000444e-01 5.782109201321349312e-01
8.080000000000000515e-01 5.552038043250282495e-01
8.159999999999999476e-01 5.396258420922259713e-01
8.239999999999999547e-01 5.306104905245567771e-01
8.319999999999999618e-01 5.304515382724324102e-01
8.399999999999999689e-01 5.352980378103577852e-01
8.479999999999999760e-01 5.501252959819969979e-01
8.559999999999999831e-01 5.660935078838315038e-01
8.639999999999999902e-01 5.807377302118605922e-01
8.719999999999999973e-01 5.956037061396896037e-01
8.800000000000000044e-01 6.080587652478112171e-01
8.880000000000000115e-01 6.131508871247731696e-01
8.960000000000000187e-01 6.147745219959658280e-01
9.040000000000000258e-01 6.142492685886592474e-01
9.120000000000000329e-01 6.095570577436096871e-01
9.200000000000000400e-01 6.006962178050327950e-01
9.280000000000000471e-01 5.899549043469130005e-01
9.360000000000000542e-01 5.777262699260119483e-01
9.440000000000000613e-01 5.667628033281950639e-01
9.520000000000000684e-01 5.559633211465383473e-01
9.600000000000000755e-01 5.465294610614205295e-01
9.680000000000000826e-01 5.418144173532386532e-01
9.760000000000000897e-01 5.413473144085448885e-01
9.840000000000000968e-01 5.430747338683701297e-01
9.920000000000001039e-01 5.489390111047939280e-01
9.999999999999998890e-01 5.587674390367231014e-01
1.008000000000000007e+00 5.717374712454961205e-01
1.016000000000000014e+00 5.831277903452253275e-01
1.024000000000000021e+00 5.941913583293210177e-01
1.032000000000000028e+00 6.012375736034691887e-01
1.040000000000000036e+00 6.061873674437161519e-01
1.048000000000000043e+00 6.071379243912342627e-01
1.056000000000000050e+00 6.051813375471246648e-01
1.064000000000000057e+00 5.992987036672231538e-01
1.072000000000000064e+00 5.924054625257380025e-01
1.080000000000000071e+00 5.849044604452086071e-01
1.088000000000000078e+00 5.758422589699165872e-01
1.096000000000000085e+00 5.662791356264722520e-01
1.104000000000000092e+00 5.570237450527111278e-01
1.112000000000000099e+00 5.502731374441572898e-01
1.120000000000000107e+00 5.459124877025537392e-01
1.128000000000000114e+00 5.465841552071081244e-01
1.136000000000000121e+00 5.513034151121405380e-01
1.144000000000000128e+00 5.574779385181879432e-01
1.152000000000000135e+00 5.664857813201492620e-01
1.160000000000000142e+00 5.733179461544447575e-01
1.168000000000000149e+00 5.795555820048702289e-01
1.176000000000000156e+00 5.877898200869683398e-01
1.184000000000000163e+00 5.950536472878898975e-01
1.192000000000000171e+00 5.939607047395740747e-01
1.200000000000000178e+00 5.935774856454826276e-01
1.208000000000000185e+00 5.932434330659994703e-01
1.216000000000000192e+00 5.894343650876866514e-01
1.224000000000000199e+00 5.829794558174281605e-01
1.232000000000000206e+00 5.760214413779431997e-01
1.240000000000000213e+00 5.722840545678240520e-01
1.247999999999999776e+00 5.685646935440858973e-01
1.255999999999999783e+00 5.654065239585414071e-01
1.263999999999999790e+00 5.651449525520303441e-01
1.271999999999999797e+00 5.652674877593079072e-01
1.279999999999999805e+00 5.654595179360843993e-01
1.287999999999999812e+00 5.662847869978937521e-01
1.295999999999999819e+00 5.679145539621545113e-01
1.303999999999999826e+00 5.714749202887984270e-01
1.311999999999999833e+00 5.775093370860303610e-01
1.319999999999999840e+00 5.835711162931034313e-01
1.327999999999999847e+00 5.870307794929116030e-01
1.335999999999999854e+00 5.914918017502779346e-01
1.343999999999999861e+00 5.926272393735955157e-01
1.351999999999999869e+00 5.930167879746018889e-01
1.359999999999999876e+00 5.923330819225389732e-01
1.367999999999999883e+00 5.896134884714353541e-01
1.375999999999999890e+00 5.854149463918715268e-01
1.383999999999999897e+00 5.804923064077427419e-01
1.391999999999999904e+00 5.750800834830179786e-01
1.399999999999999911e+00 5.683409078411565396e-01
1.407999999999999918e+00 5.643342479923869615e-01
1.415999999999999925e+00 5.596752997786879069e-01
1.423999999999999932e+00 5.562992790845591173e-01
1.431999999999999940e+00 5.575573190200164841e-01
1.439999999999999947e+00 5.614939937286961280e-01
1.447999999999999954e+00 5.681940525054354207e-01
1.455999999999999961e+00 5.737775871547988737e-01
1.463999999999999968e+00 5.787120833114633989e-01
1.471999999999999975e+00 5.838058670076521350e-01
1.479999999999999982e+00 5.839816787494365169e-01
1.487999999999999989e+00 5.837382284841262647e-01
1.495999999999999996e+00 5.821457425787028850e-01
1.504000000000000004e+00 5.808549136123360990e-01
1.512000000000000011e+00 5.781482410686660245e-01
1.520000000000000018e+00 5.748779446131045967e-01
1.528000000000000025e+00 5.750841146528362646e-01
1.536000000000000032e+00 5.769918556052265890e-01
1.544000000000000039e+00 5.773760177564571938e-01
1.552000000000000046e+00 5.800455832935663691e-01
1.560000000000000053e+00 5.814462948170824319e-01
1.568000000000000060e+00 5.800285577730193154e-01
1.576000000000000068e+00 5.776198481900534087e-01
1.584000000000000075e+00 5.738178462655760814e-01
1.592000000000000082e+00 5.700725580652117319e-01
1.600000000000000089e+00 5.709551888090521610e-01
1.608000000000000096e+00 5.725886513152217416e-01
1.616000000000000103e+00 5.747991520965093359e-01
1.624000000000000110e+00 5.797950751740501563e-01
1.632000000000000117e+00 5.851991081031626685e-01
1.640000000000000124e+00 5.877993524991130814e-01
1.648000000000000131e+00 5.889864347173985326e-01
1.656000000000000139e+00 5.880577005519103118e-01
1.664000000000000146e+00 5.874271032351505717e-01
1.672000000000000153e+00 5.865263857021907334e-01
1.680000000000000160e+00 5.831364085004066000e-01
1.688000000000000167e+00 5.802933281542712596e-01
1.696000000000000174e+00 5.792486723088164924e-01
1.704000000000000181e+00 5.788915270704614313e-01
