0.000000000000000000e+00 1.785132160972692006e+00
8.000000000000007105e-03 1.731589866099499497e+00
1.600000000000001421e-02 1.569880816939007495e+00
2.399999999999999356e-02 1.343234719965956447e+00
3.200000000000000067e-02 1.094943646314814334e+00
4.000000000000000777e-02 8.579124744869290886e-01
4.800000000000001488e-02 6.534559748095722931e-01
5.599999999999999423e-02 4.939242080521818457e-01
6.400000000000000133e-02 3.909663197862465744e-01
7.200000000000000844e-02 3.345926824205220917e-01
8.000000000000001554e-02 3.129392933284924072e-01
8.799999999999999489e-02 3.165121016782888597e-01
9.600000000000000200e-02 3.391249933526617744e-01
1.040000000000000091e-01 3.773665986768146574e-01
1.120000000000000162e-01 4.368492512816654072e-01
1.199999999999999956e-01 5.088682288180772506e-01
1.280000000000000027e-01 5.917565977668893806e-01
1.360000000000000098e-01 6.774671609998685895e-01
1.440000000000000169e-01 7.564839701252619175e-01
1.520000000000000240e-01 8.108767497496440768e-01
1.600000000000000311e-01 8.369934053619637604e-01
1.679999999999999827e-01 8.252342091303134231e-01
1.759999999999999898e-01 7.784219273384831439e-01
1.839999999999999969e-01 7.113999797723321583e-01
1.920000000000000040e-01 6.304382244987084549e-01
2.000000000000000111e-01 5.595798932713508256e-01
2.080000000000000182e-01 4.914287444226391188e-01
2.160000000000000253e-01 4.553936791123802674e-01
2.239999999999999769e-01 4.164872389094572136e-01
2.319999999999999840e-01 4.213634419285869348e-01
2.399999999999999911e-01 4.196099513415614823e-01
2.479999999999999982e-01 4.490817224392136264e-01
2.560000000000000053e-01 4.841047921179170710e-01
2.640000000000000124e-01 5.253116824947476893e-01
2.720000000000000195e-01 5.810221701043606357e-01
2.800000000000000266e-01 6.352679571990680341e-01
2.879999999999999782e-01 6.873454725818093358e-01
2.959999999999999853e-01 7.321452901917281375e-01
3.039999999999999925e-01 7.550604739909584362e-01
3.119999999999999996e-01 7.623137254906969806e-01
3.200000000000000067e-01 7.443731422484716198e-01
3.280000000000000138e-01 7.086163121169607448e-01
3.360000000000000209e-01 6.581700497061073740e-01
3.440000000000000280e-01 6.059486489633317818e-01
3.519999999999999796e-01 5.520927871957950206e-01
3.599999999999999867e-01 5.103176059001107712e-01
3.679999999999999938e-01 4.736352715264361968e-01
3.760000000000000009e-01 4.591172075302717981e-01
3.840000000000000080e-01 4.539628440392842190e-01
3.920000000000000151e-01 4.651360182191954795e-01
4.000000000000000222e-01 4.910347552606807442e-01
4.080000000000000293e-01 5.243278950642018543e-01
4.160000000000000364e-01 5.699319216120506404e-01
4.240000000000000435e-01 6.130023270469802110e-01
4.320000000000000506e-01 6.554722523803178102e-01
4.400000000000000577e-01 6.890523872788881787e-01
4.479999999999999538e-01 7.118751701385800379e-01
4.559999999999999609e-01 7.190670606607598714e-01
4.639999999999999680e-01 7.099315174855754806e-01
4.719999999999999751e-01 6.879800724683509117e-01
4.799999999999999822e-01 6.557844771351385438e-01
4.879999999999999893e-01 6.180323160917670089e-01
4.959999999999999964e-01 5.786950446067841147e-01
5.040000000000000036e-01 5.413387677234987594e-01
5.120000000000000107e-01 5.158086379350527162e-01
5.200000000000000178e-01 4.966285742834913863e-01
5.280000000000000249e-01 4.889919898416315580e-01
5.360000000000000320e-01 4.916380742129944914e-01
5.440000000000000391e-01 5.049327716251430509e-01
5.520000000000000462e-01 5.284090761050381779e-01
5.600000000000000533e-01 5.577848326839324189e-01
5.679999999999999494e-01 5.908344566443011203e-01
5.759999999999999565e-01 6.226012568403328507e-01
5.839999999999999636e-01 6.525228193688589196e-01
5.919999999999999707e-01 6.746052097236746592e-01
5.999999999999999778e-01 6.845933297019637376e-01
6.079999999999999849e-01 6.817566936590668814e-01
6.159999999999999920e-01 6.720470528696141921e-01
6.239999999999999991e-01 6.484154982992388350e-01
6.320000000000000062e-01 6.195016134307583799e-01
6.400000000000000133e-01 5.912101088675369986e-01
6.480000000000000204e-01 5.599847596396269056e-01
6.560000000000000275e-01 5.352989185775991476e-01
6.640000000000000346e-01 5.152313766777113502e-01
6.720000000000000417e-01 5.052443750062212136e-01
6.800000000000000488e-01 5.021606153134738904e-01
6.880000000000000560e-01 5.138070463851586167e-01
6.959999999999999520e-01 5.320630789204033873e-01
7.039999999999999591e-01 5.556295657597820625e-01
7.119999999999999662e-01 5.827851763260042395e-01
7.199999999999999734e-01 6.088394969381634159e-01
7.279999999999999805e-01 6.337511362106054147e-01
7.359999999999999876e-01 6.483559305202508671e-01
7.439999999999999947e-01 6.594647954201313667e-01
7.520000000000000018e-01 6.572555320780758548e-01
7.600000000000000089e-01 6.563257681142853350e-01
7.680000000000000160e-01 6.418422096734637261e-01
7.760000000000000231e-01 6.254480672158756471e-01
7.840000000000000302e-01 6.019667224792621951e-01
7.920000000000000373e-01 5.793694312685557790e-01
8.000000000000000444e-01 5.592393668549315855e-01
8.080000000000000515e-01 5.432834122510104002e-01
8.160000000000000586e-01 5.352406233580161432e-01
8.239999999999999547e-01 5.326079630943014731e-01
8.319999999999999618e-01 5.329360919981512845e-01
8.399999999999999689e-01 5.403669154122240359e-01
8.479999999999999760e-01 5.535615171500861686e-01
8.559999999999999831e-01 5.669897649028706743e-01
8.639999999999999902e-01 5.778433491877617012e-01
8.719999999999999973e-01 5.888652679561670045e-01
8.800000000000000044e-01 5.990082532386982184e-01
8.880000000000000115e-01 6.060988390588100128e-01
8.960000000000000187e-01 6.164234804983386162e-01
9.040000000000000258e-01 6.189170065261303533e-01
9.120000000000000329e-01 6.234677414972625842e-01
9.200000000000000400e-01 6.224047067852914727e-01
9.280000000000000471e-01 6.134164936095425347e-01
9.360000000000000542e-01 5.965612871658226846e-01
9.440000000000000613e-01 5.825876136249628079e-01
9.520000000000000684e-01 5.643074877203776429e-01
9.600000000000000755e-01 5.561742790059580610e-01
9.680000000000000826e-01 5.484964845262974009e-01
9.760000000000000897e-01 5.474491508859431477e-01
9.840000000000000968e-01 5.540353973043894431e-01
9.920000000000001039e-01 5.619291655973949196e-01
1.000000000000000000e+00 5.759982409634817335e-01
1.008000000000000007e+00 5.888314213089212990e-01
1.016000000000000014e+00 6.012162310595848824e-01
1.024000000000000021e+00 6.113796320355128211e-01
1.032000000000000028e+00 6.208682772507455594e-01
1.040000000000000036e+00 6.221887632935720891e-01
1.048000000000000043e+00 6.244981314042095111e-01
1.056000000000000050e+00 6.190008027990224759e-01
1.064000000000000057e+00 6.141843061297471706e-01
1.072000000000000064e+00 6.074298415493111225e-01
1.080000000000000071e+00 5.970602821890573786e-01
1.088000000000000078e+00 5.905280341266153643e-01
1.096000000000000085e+00 5.778777491693755097e-01
1.104000000000000092e+00 5.732607060922046971e-01
1.112000000000000099e+00 5.645221831218616426e-01
1.120000000000000107e+00 5.610689463659060960e-01
1.128000000000000114e+00 5.597755131603371348e-01
1.136000000000000121e+00 5.638416753148880467e-01
1.144000000000000128e+00 5.712724131833840646e-01
1.152000000000000135e+00 5.817857187266913810e-01
1.160000000000000142e+00 5.915191317168688734e-01
1.168000000000000149e+00 6.044171011548779004e-01
1.176000000000000156e+00 6.065162100108643095e-01
1.184000000000000163e+00 6.165090390105955054e-01
1.192000000000000171e+00 6.128534318284223348e-01
1.200000000000000178e+00 6.128902829492247628e-01
1.208000000000000185e+00 6.060083132304729947e-01
1.216000000000000192e+00 5.998378964268432645e-01
1.224000000000000199e+00 5.929676645351743547e-01
1.232000000000000206e+00 5.863128193100609620e-01
1.240000000000000213e+00 5.814807472320359105e-01
1.248000000000000220e+00 5.790691890370707196e-01
1.255999999999999783e+00 5.746609456066430477e-01
1.263999999999999790e+00 5.685315952625358271e-01
1.271999999999999797e+00 5.644877980143436780e-01
1.279999999999999805e+00 5.643293930723305429e-01
1.287999999999999812e+00 5.662077469752577752e-01
1.295999999999999819e+00 5.713167198202686592e-01
1.303999999999999826e+00 5.803932081236971019e-01
1.311999999999999833e+00 5.901635511604022000e-01
1.319999999999999840e+00 6.029918494803382378e-01
1.327999999999999847e+00 6.060297536303770327e-01
1.335999999999999854e+00 6.127768770313680724e-01
1.343999999999999861e+00 6.117428511861819906e-01
1.351999999999999869e+00 6.165553055249084480e-01
1.359999999999999876e+00 6.092794043220238764e-01
1.367999999999999883e+00 6.079286130426012624e-01
1.375999999999999890e+00 5.967679395543913357e-01
1.383999999999999897e+00 5.950042623048709123e-01
1.391999999999999904e+00 5.865687670706540846e-01
1.399999999999999911e+00 5.834996716092900604e-01
1.407999999999999918e+00 5.763181000866839376e-01
1.415999999999999925e+00 5.729439867494235950e-01
1.423999999999999932e+00 5.740666013456048322e-01
1.431999999999999940e+00 5.723883626162244997e-01
1.439999999999999947e+00 5.752246728014249744e-01
1.447999999999999954e+00 5.778018654126149123e-01
1.455999999999999961e+00 5.814350146368826300e-01
1.463999999999999968e+00 5.827081089430621308e-01
1.471999999999999975e+00 5.876776427183439955e-01
1.479999999999999982e+00 5.907542828505822907e-01
1.487999999999999989e+00 5.942354667847032923e-01
1.495999999999999996e+00 5.970366187615239184e-01
1.504000000000000004e+00 5.949300027564095039e-01
1.512000000000000011e+00 5.988282057779654721e-01
1.520000000000000018e+00 5.941471962162618858e-01
1.528000000000000025e+00 5.950336472287748313e-01
1.536000000000000032e+00 5.924807052599146973e-01
1.544000000000000039e+00 5.906459565802275602e-01
1.552000000000000046e+00 5.853601241055599314e-01
1.560000000000000053e+00 5.810475158666643658e-01
1.568000000000000060e+00 5.768312669592219333e-01
1.576000000000000068e+00 5.757942078440947409e-01
1.584000000000000075e+00 5.758215751927447945e-01
1.592000000000000082e+00 5.741042821622213133e-01
1.600000000000000089e+00 5.803867184543328728e-01
1.608000000000000096e+00 5.868536779239500456e-01
1.616000000000000103e+00 5.951342887794548453e-01
1.624000000000000110e+00 5.995390217772654795e-01
1.632000000000000117e+00 6.022720184105380126e-01
1.640000000000000124e+00 6.053958571227990859e-01
1.648000000000000131e+00 6.056782761799379688e-01
1.656000000000000139e+00 6.043952854088630033e-01
1.664000000000000146e+00 6.034531449122012559e-01
1.672000000000000153e+00 6.005147408461566361e-01
1.680000000000000160e+00 5.951830561041089318e-01
1.688000000000000167e+00 5.922443931089300673e-01
1.696000000000000174e+00 5.869476954763401810e-01
1.704000000000000181e+00 5.820872439735966797e-01
1.712000000000000188e+00 5.771356839955231743e-01
