0.000000000000000000e+00 9.026050095252950989e-01
8.000000000000007105e-03 8.424434249141445896e-01
1.599999999999998646e-02 8.019201871906364021e-01
2.399999999999999356e-02 7.689198303413192770e-01
3.200000000000000067e-02 6.622124207193815781e-01
4.000000000000000777e-02 5.449256543414107146e-01
4.799999999999998712e-02 4.473274478587244141e-01
5.599999999999999423e-02 3.660204262709054190e-01
6.400000000000000133e-02 2.999189445346280847e-01
7.200000000000000844e-02 2.582995219242147367e-01
7.999999999999998779e-02 2.360188475446433343e-01
8.799999999999999489e-02 2.265252030778413805e-01
9.600000000000000200e-02 2.287823918681490820e-01
1.040000000000000091e-01 2.403170607849946516e-01
1.119999999999999885e-01 2.640078596848839387e-01
1.199999999999999956e-01 2.961644943098805660e-01
1.280000000000000027e-01 3.322906585075423580e-01
1.360000000000000098e-01 3.714848299960617495e-01
1.440000000000000169e-01 4.049117747333886297e-01
1.520000000000000240e-01 4.330110814182623336e-01
1.599999999999999756e-01 4.527980669392785984e-01
1.679999999999999827e-01 4.474291037519288472e-01
1.759999999999999898e-01 4.305238613172331363e-01
1.839999999999999969e-01 3.991415302576825641e-01
1.920000000000000040e-01 3.682269315898714646e-01
2.000000000000000111e-01 3.386549176311158260e-01
2.080000000000000182e-01 3.149354470613078827e-01
2.159999999999999698e-01 2.929744970562411233e-01
2.239999999999999769e-01 2.778384533484264951e-01
2.319999999999999840e-01 2.675850078569436685e-01
2.399999999999999911e-01 2.640541176200343343e-01
2.479999999999999982e-01 2.731059774483380886e-01
2.560000000000000053e-01 2.876105556494692461e-01
2.640000000000000124e-01 3.096272285265105895e-01
2.720000000000000195e-01 3.266654677273407859e-01
2.799999999999999711e-01 3.530413625481254591e-01
2.879999999999999782e-01 3.827586329779832375e-01
2.959999999999999853e-01 4.017509281509801800e-01
3.039999999999999925e-01 4.111621152714857730e-01
3.119999999999999996e-01 4.165396484677532651e-01
3.200000000000000067e-01 4.121270734112803535e-01
3.280000000000000138e-01 4.007997467982479800e-01
3.360000000000000209e-01 3.769010001136554044e-01
3.439999999999999725e-01 3.463866762150372702e-01
3.519999999999999796e-01 3.260927022790609531e-01
3.599999999999999867e-01 3.067577730777414358e-01
3.679999999999999938e-01 2.907886987287381375e-01
3.760000000000000009e-01 2.784228243858451468e-01
3.840000000000000080e-01 2.795799590080894070e-01
3.920000000000000151e-01 2.821953350832561158e-01
4.000000000000000222e-01 2.992901420052784811e-01
4.080000000000000293e-01 3.113520434404232762e-01
4.160000000000000364e-01 3.196265392286279372e-01
4.240000000000000435e-01 3.467364932618347551e-01
4.320000000000000506e-01 3.741060924908713448e-01
4.399999999999999467e-01 3.898593750092581023e-01
4.479999999999999538e-01 3.884103403716227532e-01
4.559999999999999609e-01 3.959670852798423679e-01
4.639999999999999680e-01 3.898862989160034043e-01
4.719999999999999751e-01 3.833089140184678389e-01
4.799999999999999822e-01 3.751841857545291647e-01
4.879999999999999893e-01 3.546657842348296397e-01
4.959999999999999964e-01 3.275060428831548243e-01
5.040000000000000036e-01 3.115229759504694051e-01
5.120000000000000107e-01 3.036552964859585146e-01
5.200000000000000178e-01 2.983705534947173610e-01
5.280000000000000249e-01 2.934987235104417058e-01
5.360000000000000320e-01 2.986525828163160146e-01
5.440000000000000391e-01 3.009052246982117929e-01
5.520000000000000462e-01 3.079609424512296800e-01
5.599999999999999423e-01 3.249340481124251556e-01
5.679999999999999494e-01 3.344038765025055815e-01
5.759999999999999565e-01 3.511203351005798834e-01
5.839999999999999636e-01 3.614151543653559839e-01
5.919999999999999707e-01 3.730611286913457780e-01
5.999999999999999778e-01 3.771808900080901306e-01
6.079999999999999849e-01 3.732073119343225498e-01
6.159999999999999920e-01 3.722590196239399796e-01
6.239999999999999991e-01 3.665107494467650939e-01
6.320000000000000062e-01 3.572929283983322102e-01
6.400000000000000133e-01 3.448594904741784095e-01
6.480000000000000204e-01 3.303868469972239819e-01
6.560000000000000275e-01 3.163378831603639307e-01
6.640000000000000346e-01 3.062526536112711861e-01
6.720000000000000417e-01 3.006447027669961192e-01
6.800000000000000488e-01 3.008144023785412902e-01
6.879999999999999449e-01 3.051552924663628596e-01
6.959999999999999520e-01 3.136149326143101157e-01
7.039999999999999591e-01 3.225248481905358400e-01
7.119999999999999662e-01 3.322921608695659779e-01
7.199999999999999734e-01 3.436334086480204997e-01
7.279999999999999805e-01 3.604140397636088622e-01
7.359999999999999876e-01 3.693291825186529320e-01
7.439999999999999947e-01 3.740760372824639135e-01
7.520000000000000018e-01 3.790168737626851692e-01
7.600000000000000089e-01 3.846574752731549141e-01
7.680000000000000160e-01 3.757270313856487243e-01
7.760000000000000231e-01 3.622162111376412419e-01
7.840000000000000302e-01 3.532182981704107827e-01
7.920000000000000373e-01 3.358801487259913121e-01
8.000000000000000444e-01 3.242200572293731375e-01
8.080000000000000515e-01 3.108352030072438210e-01
8.159999999999999476e-01 3.057514950138345289e-01
8.239999999999999547e-01 3.053168121878909735e-01
8.319999999999999618e-01 3.108388858099989105e-01
8.399999999999999689e-01 3.174469920299419767e-01
8.479999999999999760e-01 3.244448336535052935e-01
8.559999999999999831e-01 3.324756608121759993e-01
8.639999999999999902e-01 3.400159008095910429e-01
8.719999999999999973e-01 3.449835989632925037e-01
8.800000000000000044e-01 3.534667168261161341e-01
8.880000000000000115e-01 3.573706403746617632e-01
8.960000000000000187e-01 3.576985489165382393e-01
9.040000000000000258e-01 3.584554455841896248e-01
9.120000000000000329e-01 3.580249931111371686e-01
9.200000000000000400e-01 3.514241651390872523e-01
9.280000000000000471e-01 3.461596090889691446e-01
9.360000000000000542e-01 3.342598964202682654e-01
9.440000000000000613e-01 3.289504859651566360e-01
9.520000000000000684e-01 3.245217694247353735e-01
9.600000000000000755e-01 3.257540061214193039e-01
9.680000000000000826e-01 3.210357645259155901e-01
9.760000000000000897e-01 3.231271396450904887e-01
9.840000000000000968e-01 3.266240837500773986e-01
9.920000000000001039e-01 3.336851787813847059e-01
9.999999999999998890e-01 3.372232001346241459e-01
1.008000000000000007e+00 3.444110405806324882e-01
1.016000000000000014e+00 3.435195899926428709e-01
1.024000000000000021e+00 3.494704575047489770e-01
1.032000000000000028e+00 3.543374296304959148e-01
1.040000000000000036e+00 3.583719735136016715e-01
1.048000000000000043e+00 3.623664976187673803e-01
1.056000000000000050e+00 3.575158539240572697e-01
1.064000000000000057e+00 3.473437028239823032e-01
1.072000000000000064e+00 3.467839784413423998e-01
1.080000000000000071e+00 3.458572475859881257e-01
1.088000000000000078e+00 3.387881941316001622e-01
1.096000000000000085e+00 3.319536615834888793e-01
1.104000000000000092e+00 3.240525760349476925e-01
1.112000000000000099e+00 3.156241969941510073e-01
1.120000000000000107e+00 3.119504353402620667e-01
1.128000000000000114e+00 3.179694833066407655e-01
1.136000000000000121e+00 3.233603520845083623e-01
1.144000000000000128e+00 3.254695531057032465e-01
1.152000000000000135e+00 3.199462473627850412e-01
1.160000000000000142e+00 3.277876874637133953e-01
1.168000000000000149e+00 3.412162535291575760e-01
1.176000000000000156e+00 3.473991156062196106e-01
1.184000000000000163e+00 3.536668207128595420e-01
1.192000000000000171e+00 3.519231678029234311e-01
1.200000000000000178e+00 3.517743396313531834e-01
1.208000000000000185e+00 3.550814753318349837e-01
1.216000000000000192e+00 3.527286391206764793e-01
1.224000000000000199e+00 3.500471457297666955e-01
1.232000000000000206e+00 3.439461561580170468e-01
1.240000000000000213e+00 3.420595266287921321e-01
1.247999999999999776e+00 3.392494635503477407e-01
1.255999999999999783e+00 3.364720400053117233e-01
1.263999999999999790e+00 3.313517829732791076e-01
1.271999999999999797e+00 3.333001177519708258e-01
1.279999999999999805e+00 3.326512029755254174e-01
1.287999999999999812e+00 3.323772802356116940e-01
1.295999999999999819e+00 3.372527572403153928e-01
1.303999999999999826e+00 3.405494218071616341e-01
1.311999999999999833e+00 3.414196578279722338e-01
1.319999999999999840e+00 3.417682725535500787e-01
1.327999999999999847e+00 3.445955192845936987e-01
1.335999999999999854e+00 3.475756361053065069e-01
1.343999999999999861e+00 3.497161721910245769e-01
1.351999999999999869e+00 3.498199666279460662e-01
1.359999999999999876e+00 3.489881793451147241e-01
1.367999999999999883e+00 3.507092613848645790e-01
1.375999999999999890e+00 3.488100116875785806e-01
1.383999999999999897e+00 3.436258781292427789e-01
1.391999999999999904e+00 3.403100716872065612e-01
1.399999999999999911e+00 3.371771846976607812e-01
1.407999999999999918e+00 3.313734844748118524e-01
1.415999999999999925e+00 3.306995531842968350e-01
1.423999999999999932e+00 3.307421459830745536e-01
1.431999999999999940e+00 3.298588646300305571e-01
1.439999999999999947e+00 3.300936715391762921e-01
1.447999999999999954e+00 3.332966786246674418e-01
1.455999999999999961e+00 3.371143835297162883e-01
1.463999999999999968e+00 3.368523914656589846e-01
1.471999999999999975e+00 3.409525528551456963e-01
1.479999999999999982e+00 3.436633349693200556e-01
1.487999999999999989e+00 3.448481515421645272e-01
1.495999999999999996e+00 3.472746023783548353e-01
1.504000000000000004e+00 3.439586361637412826e-01
1.512000000000000011e+00 3.378423008486280410e-01
1.520000000000000018e+00 3.392829121948132687e-01
1.528000000000000025e+00 3.400093861846359977e-01
1.536000000000000032e+00 3.344945845904434556e-01
1.544000000000000039e+00 3.289992159984031495e-01
1.552000000000000046e+00 3.296386492040781491e-01
1.560000000000000053e+00 3.324943490421822800e-01
1.568000000000000060e+00 3.320176869242591478e-01
1.576000000000000068e+00 3.238569343950510326e-01
1.584000000000000075e+00 3.306641723887846496e-01
1.592000000000000082e+00 3.309510385704444446e-01
1.600000000000000089e+00 3.466984447674579806e-01
1.608000000000000096e+00 3.353384922546387981e-01
1.616000000000000103e+00 3.411582069795806027e-01
1.624000000000000110e+00 3.390980914933744983e-01
1.632000000000000117e+00 3.405936470212589939e-01
1.640000000000000124e+00 3.445083131941012455e-01
1.648000000000000131e+00 3.432106407964908290e-01
1.656000000000000139e+00 3.426938153806915466e-01
1.664000000000000146e+00 3.393973881813526772e-01
1.672000000000000153e+00 3.404613499693517897e-01
1.680000000000000160e+00 3.447896633908921205e-01
1.688000000000000167e+00 3.436283457444056499e-01
1.696000000000000174e+00 3.342922484885910706e-01
1.704000000000000181e+00 3.309287591796490902e-01
