0.000000000000000000e+00 1.393418605494276541e+00
8.000000000000007105e-03 1.334913707101737401e+00
1.599999999999998646e-02 1.253155667032951115e+00
2.399999999999999356e-02 1.094839981364001957e+00
3.200000000000000067e-02 9.332490753984368226e-01
4.000000000000000777e-02 7.312399322561059511e-01
4.799999999999998712e-02 5.561331785989318544e-01
5.599999999999999423e-02 4.160302107667455673e-01
6.400000000000000133e-02 3.172461286877317210e-01
7.200000000000000844e-02 2.617731645442937238e-01
7.999999999999998779e-02 2.368151353311293839e-01
8.799999999999999489e-02 2.305758281226740203e-01
9.600000000000000200e-02 2.476916544768862083e-01
1.040000000000000091e-01 2.808065495240748000e-01
1.119999999999999885e-01 3.265008157722746884e-01
1.199999999999999956e-01 3.899235697815741641e-01
1.280000000000000027e-01 4.650299037857814066e-01
1.360000000000000098e-01 5.446529947383712544e-01
1.440000000000000169e-01 6.120721965005051501e-01
1.520000000000000240e-01 6.682785455711951483e-01
1.599999999999999756e-01 6.894945424339118389e-01
1.679999999999999827e-01 6.871724528724378889e-01
1.759999999999999898e-01 6.517314240036131689e-01
1.839999999999999969e-01 5.972541512652971285e-01
1.920000000000000040e-01 5.253280686153114498e-01
2.000000000000000111e-01 4.721827679722001569e-01
2.080000000000000182e-01 4.013073427139364768e-01
2.159999999999999698e-01 3.726103634227306838e-01
2.239999999999999769e-01 3.425332063299952878e-01
2.319999999999999840e-01 3.220244470096581546e-01
2.399999999999999911e-01 3.588890647267107825e-01
2.479999999999999982e-01 3.400282685737578414e-01
2.560000000000000053e-01 3.928188355783337471e-01
2.640000000000000124e-01 4.277818531646871425e-01
2.720000000000000195e-01 4.694239868740621713e-01
2.799999999999999711e-01 5.273538216773272502e-01
2.879999999999999782e-01 5.658576945788988954e-01
2.959999999999999853e-01 6.055912642544071245e-01
3.039999999999999925e-01 6.229050563012658026e-01
3.119999999999999996e-01 6.303403903612582182e-01
3.200000000000000067e-01 6.159363766005938601e-01
3.280000000000000138e-01 5.810693865456015850e-01
3.360000000000000209e-01 5.382049776070362279e-01
3.439999999999999725e-01 4.856755032606487887e-01
3.519999999999999796e-01 4.410101477210354171e-01
3.599999999999999867e-01 3.986639448547800169e-01
3.679999999999999938e-01 3.723212589438340547e-01
3.760000000000000009e-01 3.592328521655809848e-01
3.840000000000000080e-01 3.568940197785147039e-01
3.920000000000000151e-01 3.711857823055962347e-01
4.000000000000000222e-01 3.956150885549935547e-01
4.080000000000000293e-01 4.263246380575440586e-01
4.160000000000000364e-01 4.657856415274721495e-01
4.240000000000000435e-01 5.028662113220003782e-01
4.320000000000000506e-01 5.389069458963526849e-01
4.399999999999999467e-01 5.672400826755359393e-01
4.479999999999999538e-01 5.900132419598492772e-01
4.559999999999999609e-01 5.976091061106961755e-01
4.639999999999999680e-01 5.911993937093156237e-01
4.719999999999999751e-01 5.691840780616315154e-01
4.799999999999999822e-01 5.412611454615777751e-01
4.879999999999999893e-01 5.084729649832713250e-01
4.959999999999999964e-01 4.717656263459253929e-01
5.040000000000000036e-01 4.434575607124250918e-01
5.120000000000000107e-01 4.206909659085139586e-01
5.200000000000000178e-01 4.009653768091580583e-01
5.280000000000000249e-01 3.954413911732761466e-01
5.360000000000000320e-01 4.011364898664545042e-01
5.440000000000000391e-01 4.084266079964652962e-01
5.520000000000000462e-01 4.269807084506561101e-01
5.599999999999999423e-01 4.501414937596920907e-01
5.679999999999999494e-01 4.772102600468106637e-01
5.759999999999999565e-01 5.080048786441779818e-01
5.839999999999999636e-01 5.332180837043127841e-01
5.919999999999999707e-01 5.537409570114734114e-01
5.999999999999999778e-01 5.609561637035530568e-01
6.079999999999999849e-01 5.609195300440403820e-01
6.159999999999999920e-01 5.511637436099653398e-01
6.239999999999999991e-01 5.324945897324124822e-01
6.320000000000000062e-01 5.071318735613294937e-01
6.400000000000000133e-01 4.823922301525394585e-01
6.480000000000000204e-01 4.554528088385763618e-01
6.560000000000000275e-01 4.332153980388318004e-01
6.640000000000000346e-01 4.197948100887920475e-01
6.720000000000000417e-01 4.086697141042247017e-01
6.800000000000000488e-01 4.097980129101397306e-01
6.879999999999999449e-01 4.178287743141851363e-01
6.959999999999999520e-01 4.297569353653286628e-01
7.039999999999999591e-01 4.488210056503669221e-01
7.119999999999999662e-01 4.694344500026523259e-01
7.199999999999999734e-01 4.918007524394730767e-01
7.279999999999999805e-01 5.085921456503147420e-01
7.359999999999999876e-01 5.229550807117367972e-01
7.439999999999999947e-01 5.353540908881883054e-01
7.520000000000000018e-01 5.411788435296576161e-01
7.600000000000000089e-01 5.391481171016391238e-01
7.680000000000000160e-01 5.314136618762954622e-01
7.760000000000000231e-01 5.147285845897990875e-01
7.840000000000000302e-01 4.953920302317056379e-01
7.920000000000000373e-01 4.733335388495061302e-01
8.000000000000000444e-01 4.550417640272935160e-01
8.080000000000000515e-01 4.396553271147151665e-01
8.159999999999999476e-01 4.292911791539081867e-01
8.239999999999999547e-01 4.246879825589567892e-01
8.319999999999999618e-01 4.303767040320309323e-01
8.399999999999999689e-01 4.362869593406588087e-01
8.479999999999999760e-01 4.496848877269333244e-01
8.559999999999999831e-01 4.739421546383509320e-01
8.639999999999999902e-01 4.921265931502604163e-01
8.719999999999999973e-01 5.129025697772490178e-01
8.800000000000000044e-01 5.292141422932055139e-01
8.880000000000000115e-01 5.394752374894151714e-01
8.960000000000000187e-01 5.418879724053125013e-01
9.040000000000000258e-01 5.387364207112322889e-01
9.120000000000000329e-01 5.288834437311686898e-01
9.200000000000000400e-01 5.131835470109584740e-01
9.280000000000000471e-01 4.979220982560502162e-01
9.360000000000000542e-01 4.818549398318291987e-01
9.440000000000000613e-01 4.710939978964437946e-01
9.520000000000000684e-01 4.522607345739252938e-01
9.600000000000000755e-01 4.493879829094975520e-01
9.680000000000000826e-01 4.470114520064518149e-01
9.760000000000000897e-01 4.452355383833966895e-01
9.840000000000000968e-01 4.460023295066559701e-01
9.920000000000001039e-01 4.563287728171015467e-01
9.999999999999998890e-01 4.634671522949640465e-01
1.008000000000000007e+00 4.733060130805427090e-01
1.016000000000000014e+00 4.875271978978862331e-01
1.024000000000000021e+00 4.994691587252844123e-01
1.032000000000000028e+00 5.012516905429195146e-01
1.040000000000000036e+00 5.107053721474291708e-01
1.048000000000000043e+00 5.129073580565574053e-01
1.056000000000000050e+00 5.104480385475553827e-01
1.064000000000000057e+00 5.104144937589739639e-01
1.072000000000000064e+00 4.997056448966471498e-01
1.080000000000000071e+00 4.939984585142523366e-01
1.088000000000000078e+00 4.849684760112949466e-01
1.096000000000000085e+00 4.753122489371460757e-01
1.104000000000000092e+00 4.631390888163358088e-01
1.112000000000000099e+00 4.580651657690463230e-01
1.120000000000000107e+00 4.540458115524509397e-01
1.128000000000000114e+00 4.593729576155042849e-01
1.136000000000000121e+00 4.639202928520025915e-01
1.144000000000000128e+00 4.680296578222404857e-01
1.152000000000000135e+00 4.741351326129720212e-01
1.160000000000000142e+00 4.867500132845278826e-01
1.168000000000000149e+00 4.950986435161967014e-01
1.176000000000000156e+00 5.046085160611540887e-01
1.184000000000000163e+00 5.084345826020483239e-01
1.192000000000000171e+00 5.151019807055869926e-01
1.200000000000000178e+00 5.160934277864259734e-01
1.208000000000000185e+00 5.190178029772045676e-01
1.216000000000000192e+00 5.078881656046488891e-01
1.224000000000000199e+00 5.026777085932754296e-01
1.232000000000000206e+00 4.898749043461457786e-01
1.240000000000000213e+00 4.820010683980566202e-01
1.247999999999999776e+00 4.680259183262629463e-01
1.255999999999999783e+00 4.614364608097459852e-01
1.263999999999999790e+00 4.566366363292975739e-01
1.271999999999999797e+00 4.505106714546707747e-01
1.279999999999999805e+00 4.519971249006513592e-01
1.287999999999999812e+00 4.540967002985736856e-01
1.295999999999999819e+00 4.604086585879396121e-01
1.303999999999999826e+00 4.658665704001013208e-01
1.311999999999999833e+00 4.732155724115538198e-01
1.319999999999999840e+00 4.775260731876925235e-01
1.327999999999999847e+00 4.819217673497304122e-01
1.335999999999999854e+00 4.829665989846803065e-01
1.343999999999999861e+00 4.895676277142195776e-01
1.351999999999999869e+00 4.902998490430857115e-01
1.359999999999999876e+00 4.884793969780225065e-01
1.367999999999999883e+00 5.033429056212908037e-01
1.375999999999999890e+00 4.934417149289894722e-01
1.383999999999999897e+00 4.990458185285853721e-01
1.391999999999999904e+00 4.953296545405397877e-01
1.399999999999999911e+00 4.873318271003477808e-01
1.407999999999999918e+00 4.910834801448414888e-01
1.415999999999999925e+00 4.832761838350294048e-01
1.423999999999999932e+00 4.830256466602649845e-01
1.431999999999999940e+00 4.831830724913483421e-01
1.439999999999999947e+00 4.784265585852650049e-01
1.447999999999999954e+00 4.796538270326404785e-01
1.455999999999999961e+00 4.844321328766578727e-01
1.463999999999999968e+00 4.818188544495004555e-01
1.471999999999999975e+00 4.886353582746101321e-01
1.479999999999999982e+00 4.934352909819593180e-01
1.487999999999999989e+00 4.944940082814420212e-01
1.495999999999999996e+00 5.002507705173100394e-01
1.504000000000000004e+00 4.965799752137745604e-01
1.512000000000000011e+00 4.999134397540212493e-01
1.520000000000000018e+00 5.013861840848677920e-01
1.528000000000000025e+00 4.997973770725698262e-01
1.536000000000000032e+00 5.018443321977045235e-01
1.544000000000000039e+00 4.982367407765053158e-01
1.552000000000000046e+00 4.964712121646113197e-01
1.560000000000000053e+00 4.938618814789382805e-01
1.568000000000000060e+00 4.835708160401034350e-01
1.576000000000000068e+00 4.778158116221439822e-01
1.584000000000000075e+00 4.725858001237062123e-01
1.592000000000000082e+00 4.684197150155193778e-01
1.600000000000000089e+00 4.703552561510790930e-01
1.608000000000000096e+00 4.625598296400481035e-01
1.616000000000000103e+00 4.713837206585890782e-01
1.624000000000000110e+00 4.739681037380359951e-01
1.632000000000000117e+00 4.779539823307000224e-01
1.640000000000000124e+00 4.840336438344514658e-01
1.648000000000000131e+00 4.837291497252129147e-01
1.656000000000000139e+00 4.845154362704939821e-01
1.664000000000000146e+00 4.886412296800661248e-01
1.672000000000000153e+00 4.862383893449613859e-01
1.680000000000000160e+00 4.900865446502406519e-01
1.688000000000000167e+00 4.894448629913662474e-01
1.696000000000000174e+00 4.887847910776824678e-01
1.704000000000000181e+00 4.885640065796512665e-01
