0.000000000000000000e+00 7.503286529897061907e-01
7.999999999999979350e-03 7.577743936868578389e-01
1.599999999999998646e-02 6.977026332629058247e-01
2.399999999999999356e-02 6.151547367458909399e-01
3.200000000000000067e-02 5.240157966533560696e-01
3.999999999999998002e-02 4.440304902159469824e-01
4.799999999999998712e-02 3.741058115207034351e-01
5.599999999999999423e-02 3.223972816466829094e-01
6.400000000000000133e-02 2.814572974844457565e-01
7.199999999999998068e-02 2.493877835228014983e-01
7.999999999999998779e-02 2.287605741788366620e-01
8.799999999999999489e-02 2.210735210008051288e-01
9.600000000000000200e-02 2.176071764069712200e-01
1.039999999999999813e-01 2.243595276143212636e-01
1.119999999999999885e-01 2.379857692086188026e-01
1.199999999999999956e-01 2.590208792762674905e-01
1.280000000000000027e-01 2.826366933568533191e-01
1.360000000000000098e-01 3.083871776529983344e-01
1.440000000000000169e-01 3.312771497270519672e-01
1.519999999999999685e-01 3.487687196419932967e-01
1.599999999999999756e-01 3.594961637076904415e-01
1.679999999999999827e-01 3.594019573591429872e-01
1.759999999999999898e-01 3.475055098498268658e-01
1.839999999999999969e-01 3.297591358434040498e-01
1.920000000000000040e-01 3.096103468663259362e-01
2.000000000000000111e-01 2.894740189214644044e-01
2.079999999999999627e-01 2.678434161904290622e-01
2.159999999999999698e-01 2.522870264718695132e-01
2.239999999999999769e-01 2.424323293950025604e-01
2.319999999999999840e-01 2.360725584041494518e-01
2.399999999999999911e-01 2.337229080430021366e-01
2.479999999999999982e-01 2.381215399542739031e-01
2.560000000000000053e-01 2.486271662631960588e-01
2.640000000000000124e-01 2.586444200794876802e-01
2.719999999999999640e-01 2.741560064167420929e-01
2.799999999999999711e-01 2.915744099274415468e-01
2.879999999999999782e-01 3.066484644060817888e-01
2.959999999999999853e-01 3.192756535796988371e-01
3.039999999999999925e-01 3.269733874854282019e-01
3.119999999999999996e-01 3.295132438355761195e-01
3.200000000000000067e-01 3.245172590677896096e-01
3.280000000000000138e-01 3.181562455135705791e-01
3.359999999999999654e-01 3.085716814505436445e-01
3.439999999999999725e-01 2.922887965219703177e-01
3.519999999999999796e-01 2.796757304923434551e-01
3.599999999999999867e-01 2.646987315465609281e-01
3.679999999999999938e-01 2.562107895445041583e-01
3.760000000000000009e-01 2.514376089736808373e-01
3.840000000000000080e-01 2.493057461483029202e-01
3.920000000000000151e-01 2.514999588765202132e-01
4.000000000000000222e-01 2.614858078851509671e-01
4.080000000000000293e-01 2.745150106697089587e-01
4.160000000000000364e-01 2.780824596401733628e-01
4.240000000000000435e-01 2.795951922872355611e-01
4.319999999999999396e-01 2.917099145476440558e-01
4.399999999999999467e-01 3.128490844593250775e-01
4.479999999999999538e-01 3.218816735382923899e-01
4.559999999999999609e-01 3.150569652566954093e-01
4.639999999999999680e-01 3.080989236882412108e-01
4.719999999999999751e-01 3.037148622476111837e-01
4.799999999999999822e-01 2.996514996316877455e-01
4.879999999999999893e-01 2.921196902410939100e-01
4.959999999999999964e-01 2.815364066638780804e-01
5.040000000000000036e-01 2.753463304369548337e-01
5.120000000000000107e-01 2.644013009189624674e-01
5.200000000000000178e-01 2.565207038990459654e-01
5.280000000000000249e-01 2.529378992368293000e-01
5.360000000000000320e-01 2.540519914993149553e-01
5.440000000000000391e-01 2.576934718562072235e-01
5.519999999999999352e-01 2.681848879339256975e-01
5.599999999999999423e-01 2.808484430721860381e-01
5.679999999999999494e-01 2.879165528392840234e-01
5.759999999999999565e-01 2.965638501535894922e-01
5.839999999999999636e-01 3.046580486170236135e-01
5.919999999999999707e-01 3.093264978426329970e-01
5.999999999999999778e-01 3.138622725591667662e-01
6.079999999999999849e-01 3.131307465600957074e-01
6.159999999999999920e-01 3.122105980655296431e-01
6.239999999999999991e-01 3.081562111451299768e-01
6.320000000000000062e-01 3.001058489352320113e-01
6.400000000000000133e-01 2.919897878677095160e-01
6.480000000000000204e-01 2.836250871698886011e-01
6.560000000000000275e-01 2.767228057845925182e-01
6.640000000000000346e-01 2.681034845388556853e-01
6.720000000000000417e-01 2.638874224376978050e-01
6.799999999999999378e-01 2.662589568566110509e-01
6.879999999999999449e-01 2.682442588170217412e-01
6.959999999999999520e-01 2.707194168607467422e-01
7.039999999999999591e-01 2.785792679296490437e-01
7.119999999999999662e-01 2.854907685694290653e-01
7.199999999999999734e-01 2.893495983378311376e-01
7.279999999999999805e-01 3.008778339000710011e-01
7.359999999999999876e-01 3.059574423976371693e-01
7.439999999999999947e-01 3.102230625815347032e-01
7.520000000000000018e-01 3.143198091304268971e-01
7.600000000000000089e-01 3.130628548370408826e-01
7.680000000000000160e-01 3.109032327752189184e-01
7.760000000000000231e-01 3.036347753337674815e-01
7.840000000000000302e-01 2.971485269099716220e-01
7.920000000000000373e-01 2.935209173750124578e-01
8.000000000000000444e-01 2.872798045689754498e-01
8.079999999999999405e-01 2.808312337130154379e-01
8.159999999999999476e-01 2.754303067489943246e-01
8.239999999999999547e-01 2.755483115791583781e-01
8.319999999999999618e-01 2.741008714196832563e-01
8.399999999999999689e-01 2.774545061067879015e-01
8.479999999999999760e-01 2.815641589686957991e-01
8.559999999999999831e-01 2.863435215293471670e-01
8.639999999999999902e-01 2.907781079775439981e-01
8.719999999999999973e-01 2.979715986819646556e-01
8.800000000000000044e-01 3.043833918638447211e-01
8.880000000000000115e-01 3.069233325845465710e-01
8.960000000000000187e-01 3.099145485239409581e-01
9.040000000000000258e-01 3.064582502933169694e-01
9.120000000000000329e-01 3.029168277418700095e-01
9.200000000000000400e-01 3.000982721062685488e-01
9.280000000000000471e-01 2.923542276689227726e-01
9.360000000000000542e-01 2.885427955611237216e-01
9.440000000000000613e-01 2.865319433278787908e-01
9.520000000000000684e-01 2.789286247905522487e-01
9.600000000000000755e-01 2.744266118626795814e-01
9.680000000000000826e-01 2.758931117549562884e-01
9.760000000000000897e-01 2.781921896816509365e-01
9.840000000000000968e-01 2.809630689627204414e-01
9.919999999999998819e-01 2.825943248091922211e-01
9.999999999999998890e-01 2.830581088434973025e-01
1.008000000000000007e+00 2.857639475535436180e-01
1.016000000000000014e+00 2.891678192391813895e-01
1.024000000000000021e+00 2.943951004634507984e-01
1.032000000000000028e+00 2.966939078116733186e-01
1.040000000000000036e+00 2.984053560907388158e-01
1.048000000000000043e+00 2.987259495005336607e-01
1.056000000000000050e+00 2.952603095990197213e-01
1.064000000000000057e+00 2.920156765490577455e-01
1.072000000000000064e+00 2.867065811766254524e-01
1.080000000000000071e+00 2.843882413044108159e-01
1.088000000000000078e+00 2.833399469580190067e-01
1.096000000000000085e+00 2.771597077699816669e-01
1.104000000000000092e+00 2.731498394024386434e-01
1.112000000000000099e+00 2.696618528563617945e-01
1.120000000000000107e+00 2.701232211410947159e-01
1.128000000000000114e+00 2.731784382908509223e-01
1.136000000000000121e+00 2.787779245537803652e-01
1.144000000000000128e+00 2.852557221745398164e-01
1.152000000000000135e+00 2.845045890027487201e-01
1.160000000000000142e+00 2.839887222605306238e-01
1.168000000000000149e+00 2.877930259386856648e-01
1.176000000000000156e+00 2.929157309319633251e-01
1.184000000000000163e+00 2.983418590261036063e-01
1.192000000000000171e+00 3.011549793980878298e-01
1.200000000000000178e+00 2.997423480644272331e-01
1.208000000000000185e+00 2.936703104315078749e-01
1.216000000000000192e+00 2.918661023747259886e-01
1.224000000000000199e+00 2.904617791016332329e-01
1.232000000000000206e+00 2.894016656889680794e-01
1.239999999999999769e+00 2.851130494390446413e-01
1.247999999999999776e+00 2.834560055841921500e-01
1.255999999999999783e+00 2.807792257739498143e-01
1.263999999999999790e+00 2.807846474280328297e-01
1.271999999999999797e+00 2.794427948043349264e-01
1.279999999999999805e+00 2.811471774164078785e-01
1.287999999999999812e+00 2.825395830587283386e-01
1.295999999999999819e+00 2.825878582908520342e-01
1.303999999999999826e+00 2.853658598695836823e-01
1.311999999999999833e+00 2.857175966406222400e-01
1.319999999999999840e+00 2.904438496262254366e-01
1.327999999999999847e+00 2.922279274414525951e-01
1.335999999999999854e+00 2.932430126095950662e-01
1.343999999999999861e+00 2.924906780134753914e-01
1.351999999999999869e+00 2.898321715553400790e-01
1.359999999999999876e+00 2.911961658400428754e-01
1.367999999999999883e+00 2.916048171227813013e-01
1.375999999999999890e+00 2.884589782494232368e-01
1.383999999999999897e+00 2.846869143726837303e-01
1.391999999999999904e+00 2.854528853461698046e-01
1.399999999999999911e+00 2.824350010598977723e-01
1.407999999999999918e+00 2.829945956010556651e-01
1.415999999999999925e+00 2.802986725559200032e-01
1.423999999999999932e+00 2.816533539500682970e-01
1.431999999999999940e+00 2.812066066683105992e-01
1.439999999999999947e+00 2.794980590674291943e-01
1.447999999999999954e+00 2.826546407169783781e-01
1.455999999999999961e+00 2.878939596882530427e-01
1.463999999999999968e+00 2.883358610069975958e-01
1.471999999999999975e+00 2.876996763481510788e-01
1.479999999999999982e+00 2.847416632754115606e-01
1.487999999999999989e+00 2.861304206906924441e-01
1.495999999999999996e+00 2.879006496247292213e-01
1.504000000000000004e+00 2.850355684051661953e-01
1.512000000000000011e+00 2.863284292405496867e-01
1.520000000000000018e+00 2.884084527420505695e-01
1.528000000000000025e+00 2.876391345637209218e-01
1.536000000000000032e+00 2.846308142871407099e-01
1.544000000000000039e+00 2.846321966652056723e-01
1.552000000000000046e+00 2.785151429396461875e-01
1.560000000000000053e+00 2.832063392531901092e-01
1.568000000000000060e+00 2.871631143753464732e-01
1.576000000000000068e+00 2.781720511752211467e-01
1.584000000000000075e+00 2.778748655849792581e-01
1.592000000000000082e+00 2.887296757392291968e-01
1.600000000000000089e+00 2.951242395044780809e-01
1.608000000000000096e+00 3.012131775105204579e-01
1.616000000000000103e+00 2.849330293713849271e-01
1.624000000000000110e+00 2.895104409010491597e-01
1.632000000000000117e+00 2.952873177963352136e-01
1.640000000000000124e+00 2.993367071542463176e-01
1.648000000000000131e+00 2.956409152016561959e-01
1.656000000000000139e+00 2.908140653384684859e-01
1.664000000000000146e+00 2.946528568745246934e-01
1.672000000000000153e+00 2.979537325692556693e-01
1.680000000000000160e+00 2.976673714472916066e-01
1.688000000000000167e+00 2.906187533707758619e-01
1.696000000000000174e+00 2.863967531675477018e-01
