8.000000000000007105e-03 1.639743764723401442e+00
1.600000000000001421e-02 1.326788643169737325e+00
2.400000000000002132e-02 9.910806015138009517e-01
3.200000000000002842e-02 7.431961498263710553e-01
4.000000000000003553e-02 5.158389593340053647e-01
4.800000000000004263e-02 4.680620185554885682e-01
5.599999999999999423e-02 4.841323256098749028e-01
6.400000000000000133e-02 5.475115405369120891e-01
7.200000000000000844e-02 6.273666666218985499e-01
8.000000000000001554e-02 6.643317395440867523e-01
8.799999999999996714e-02 6.602550677425625958e-01
9.599999999999997424e-02 6.153052972886974281e-01
1.039999999999999813e-01 5.609096369885625544e-01
1.119999999999999885e-01 5.268995311238059420e-01
1.199999999999999956e-01 5.239098378913330523e-01
1.280000000000000027e-01 5.492558336759492121e-01
1.360000000000000098e-01 5.887937637017737202e-01
1.440000000000000169e-01 6.175370795791084166e-01
1.520000000000000240e-01 6.272330188261091566e-01
1.600000000000000311e-01 6.155319373120280435e-01
1.680000000000000382e-01 5.877857062320226422e-01
1.760000000000000453e-01 5.611095809630688436e-01
1.840000000000000524e-01 5.497037007439947720e-01
1.920000000000000595e-01 5.529311767594341509e-01
2.000000000000000666e-01 5.670019019996899168e-01
2.080000000000000737e-01 5.914646561379658385e-01
2.160000000000000808e-01 6.042800524244057447e-01
2.239999999999999769e-01 6.110031196368204132e-01
2.319999999999999840e-01 5.969391945218094353e-01
2.399999999999999911e-01 5.818354495848907515e-01
2.479999999999999982e-01 5.618647756572422436e-01
2.560000000000000053e-01 5.531680894297443807e-01
2.640000000000000124e-01 5.556705215512425244e-01
2.720000000000000195e-01 5.664738678153234952e-01
2.800000000000000266e-01 5.809793932841741393e-01
2.879999999999999227e-01 5.898628350213730442e-01
2.959999999999999298e-01 5.997626792711817645e-01
3.039999999999999369e-01 5.936445863881163465e-01
3.119999999999999440e-01 5.878421134645452906e-01
3.199999999999999512e-01 5.763968265116351519e-01
3.279999999999999583e-01 5.765559837895415374e-01
3.359999999999999654e-01 5.769736816917180322e-01
3.439999999999999725e-01 5.855469450454654501e-01
3.519999999999999796e-01 5.910331846027493397e-01
3.599999999999999867e-01 5.923679600842954862e-01
3.679999999999999938e-01 5.987509057727322670e-01
3.760000000000000009e-01 5.922613525788246180e-01
3.840000000000000080e-01 5.893838192905478390e-01
3.920000000000000151e-01 5.787265597356598956e-01
4.000000000000000222e-01 5.741984459767971449e-01
4.080000000000000293e-01 5.691492171106453668e-01
4.160000000000000364e-01 5.698854750051278728e-01
4.240000000000000435e-01 5.793109407552229362e-01
4.320000000000000506e-01 5.835037404182173981e-01
4.400000000000000577e-01 5.930846643874263524e-01
4.479999999999999538e-01 5.937875676664797764e-01
4.559999999999999609e-01 5.946643041995399726e-01
4.639999999999999680e-01 5.889018600636568568e-01
4.719999999999999751e-01 5.864698277702427021e-01
4.799999999999999822e-01 5.852059267326811254e-01
4.879999999999999893e-01 5.841668639167978405e-01
4.959999999999999964e-01 5.866922190832166706e-01
5.040000000000000036e-01 5.862332833899264184e-01
5.120000000000000107e-01 5.859535807445778177e-01
5.200000000000000178e-01 5.794088800752630330e-01
5.280000000000000249e-01 5.824695745859663765e-01
5.360000000000000320e-01 5.776762581549593767e-01
5.440000000000000391e-01 5.737991846614866054e-01
5.520000000000000462e-01 5.683411911052158594e-01
5.600000000000000533e-01 5.670727956871839393e-01
5.679999999999999494e-01 5.676861386050584546e-01
5.759999999999999565e-01 5.762674768687572335e-01
5.839999999999999636e-01 5.802825681799465007e-01
5.919999999999999707e-01 5.863935564234534770e-01
5.999999999999999778e-01 5.858301350287413722e-01
6.079999999999999849e-01 5.871394277956435426e-01
6.159999999999999920e-01 5.833714382245668295e-01
6.239999999999999991e-01 5.850050631757991448e-01
6.320000000000000062e-01 5.823972978324050143e-01
6.400000000000000133e-01 5.855727071576896092e-01
6.480000000000000204e-01 5.841859446240180720e-01
6.560000000000000275e-01 5.886913339671879797e-01
6.640000000000000346e-01 5.847925659095448703e-01
6.720000000000000417e-01 5.854897237259021336e-01
6.800000000000000488e-01 5.837984241631622995e-01
6.880000000000000560e-01 5.800328666433733904e-01
6.960000000000000631e-01 5.747810285525593033e-01
7.040000000000000702e-01 5.649937914076457179e-01
7.120000000000000773e-01 5.621957452470881522e-01
7.200000000000000844e-01 5.590796583653799834e-01
7.280000000000000915e-01 5.607533560217869972e-01
7.360000000000000986e-01 5.630851424084802881e-01
7.440000000000001057e-01 5.681590198403603242e-01
7.520000000000001128e-01 5.729083460776661640e-01
7.600000000000001199e-01 5.727462157454243918e-01
7.680000000000001270e-01 5.755177149473481579e-01
7.760000000000001341e-01 5.734160325324330065e-01
7.840000000000001412e-01 5.692702876786239763e-01
7.920000000000001483e-01 5.751754480596777963e-01
8.000000000000001554e-01 5.708203256288383320e-01
8.080000000000001625e-01 5.765292855748036516e-01
8.160000000000001696e-01 5.753550015647705962e-01
8.239999999999999547e-01 5.807568063829500193e-01
8.319999999999999618e-01 5.761098653512701784e-01
8.399999999999999689e-01 5.804964814441332388e-01
8.479999999999999760e-01 5.827659568085209463e-01
8.559999999999999831e-01 5.889794353680766203e-01
8.639999999999999902e-01 5.814767134826620554e-01
8.719999999999999973e-01 5.809404385565130058e-01
8.800000000000000044e-01 5.748853428292787227e-01
8.880000000000000115e-01 5.710994834833291733e-01
8.960000000000000187e-01 5.733356657827947123e-01
9.040000000000000258e-01 5.769408524665565752e-01
9.120000000000000329e-01 5.764669321587643225e-01
9.200000000000000400e-01 5.770706590691142557e-01
9.280000000000000471e-01 5.765423516338068488e-01
9.360000000000000542e-01 5.771978638719623689e-01
9.440000000000000613e-01 5.781186147507479944e-01
9.520000000000000684e-01 5.807219358845685520e-01
9.600000000000000755e-01 5.810085318142531596e-01
9.680000000000000826e-01 5.721719578975842380e-01
9.760000000000000897e-01 5.700008619954169964e-01
9.840000000000000968e-01 5.628082384764337975e-01
9.920000000000001039e-01 5.624348697048016099e-01
1.000000000000000000e+00 5.565913971927658466e-01
1.008000000000000007e+00 5.579400661248541393e-01
1.016000000000000014e+00 5.624554140766301336e-01
1.024000000000000021e+00 5.662719590933898983e-01
1.032000000000000028e+00 5.701421004295106343e-01
1.040000000000000036e+00 5.662220135109616859e-01
1.048000000000000043e+00 5.689032432373603010e-01
1.056000000000000050e+00 5.659583412622768428e-01
1.064000000000000057e+00 5.668667630809998137e-01
1.072000000000000064e+00 5.659868372916059265e-01
1.080000000000000071e+00 5.672593218769151902e-01
1.088000000000000078e+00 5.722827841164325191e-01
1.096000000000000085e+00 5.822609866300997306e-01
1.104000000000000092e+00 5.861459270372127994e-01
1.112000000000000099e+00 5.898912102859698026e-01
1.120000000000000107e+00 5.874037661174689173e-01
1.128000000000000114e+00 5.820894931047800869e-01
1.136000000000000121e+00 5.824294300357206744e-01
1.144000000000000128e+00 5.829507087644616448e-01
1.152000000000000135e+00 5.799087023783372485e-01
1.160000000000000142e+00 5.790922036709016396e-01
1.168000000000000149e+00 5.878606466690519117e-01
1.176000000000000156e+00 5.833034039084697975e-01
1.184000000000000163e+00 5.841133214994709277e-01
1.192000000000000171e+00 5.832385284069331322e-01
1.200000000000000178e+00 5.778704175017318478e-01
1.208000000000000185e+00 5.747851110581805312e-01
1.216000000000000192e+00 5.664404336605546320e-01
1.224000000000000199e+00 5.593736077411126661e-01
1.232000000000000206e+00 5.594815240392410072e-01
1.240000000000000213e+00 5.590550423485732834e-01
1.248000000000000220e+00 5.576798914038015864e-01
1.255999999999999783e+00 5.570485419478460321e-01
1.263999999999999790e+00 5.622129547199969934e-01
1.271999999999999797e+00 5.621512203018569354e-01
1.279999999999999805e+00 5.701577528460478606e-01
1.287999999999999812e+00 5.741092946466119784e-01
1.295999999999999819e+00 5.769920899304167294e-01
1.303999999999999826e+00 5.810023528031023066e-01
1.311999999999999833e+00 5.850329101434061929e-01
1.319999999999999840e+00 5.803281066453710446e-01
1.327999999999999847e+00 5.847057038896927850e-01
1.335999999999999854e+00 5.921899878564577113e-01
1.343999999999999861e+00 5.864447404965162924e-01
1.351999999999999869e+00 5.984439495230453598e-01
1.359999999999999876e+00 5.852560429935336206e-01
1.367999999999999883e+00 6.011189282077485929e-01
1.375999999999999890e+00 5.849073567674880625e-01
1.383999999999999897e+00 5.929879242558891983e-01
1.391999999999999904e+00 5.841994419566343133e-01
1.399999999999999911e+00 5.927243689631447321e-01
1.407999999999999918e+00 5.876443797006941638e-01
1.415999999999999925e+00 6.000699183687298044e-01
1.423999999999999932e+00 6.067489166165346282e-01
1.431999999999999940e+00 6.068477991803418181e-01
1.439999999999999947e+00 6.123674799653833212e-01
1.447999999999999954e+00 6.131784785346758859e-01
1.455999999999999961e+00 6.084715739456560968e-01
1.463999999999999968e+00 6.065813630349982111e-01
1.471999999999999975e+00 6.017666090567417303e-01
1.479999999999999982e+00 5.999123004530950709e-01
1.487999999999999989e+00 5.985146571461527065e-01
1.495999999999999996e+00 5.951195241821647386e-01
1.504000000000000004e+00 5.916405804914821598e-01
1.512000000000000011e+00 5.955229461129164514e-01
