8.000000000000007105e-03 1.211912038693281124e+00
1.600000000000001421e-02 1.032943482855573469e+00
2.400000000000002132e-02 8.599721285473879151e-01
3.200000000000002842e-02 6.822197659924761348e-01
4.000000000000003553e-02 5.586638413383708812e-01
4.800000000000004263e-02 4.590327934626498574e-01
5.599999999999999423e-02 4.015489910848995536e-01
6.400000000000000133e-02 3.937098283295514256e-01
7.200000000000000844e-02 4.156283914607262209e-01
8.000000000000001554e-02 4.210570681670961490e-01
8.799999999999996714e-02 4.109382515223394261e-01
9.599999999999997424e-02 3.955661024535607195e-01
1.039999999999999813e-01 3.774347687390069428e-01
1.119999999999999885e-01 3.636176577381660668e-01
1.199999999999999956e-01 3.532281347047907527e-01
1.280000000000000027e-01 3.496073897873586134e-01
1.360000000000000098e-01 3.652773235972401888e-01
1.440000000000000169e-01 3.671075769582841652e-01
1.520000000000000240e-01 3.635000484974043045e-01
1.600000000000000311e-01 3.695344149440114023e-01
1.680000000000000382e-01 3.602136494093514107e-01
1.760000000000000453e-01 3.465378326867090686e-01
1.840000000000000524e-01 3.380101378560989023e-01
1.920000000000000595e-01 3.393119891716848135e-01
2.000000000000000666e-01 3.333562131879224122e-01
2.080000000000000737e-01 3.426299685682249740e-01
2.160000000000000808e-01 3.430942394814725516e-01
2.239999999999999769e-01 3.504412020296167607e-01
2.319999999999999840e-01 3.583423010355870630e-01
2.399999999999999911e-01 3.537630779257139313e-01
2.479999999999999982e-01 3.493498177213523737e-01
2.560000000000000053e-01 3.547222080550851420e-01
2.640000000000000124e-01 3.538925338512120544e-01
2.720000000000000195e-01 3.533769601800610949e-01
2.800000000000000266e-01 3.557316524691686577e-01
2.879999999999999227e-01 3.619744621516863825e-01
2.959999999999999298e-01 3.606149636570140649e-01
3.039999999999999369e-01 3.606980872100257751e-01
3.119999999999999440e-01 3.570895297766742416e-01
3.199999999999999512e-01 3.536260716517132807e-01
3.279999999999999583e-01 3.541435198342616775e-01
3.359999999999999654e-01 3.611398411411860798e-01
3.439999999999999725e-01 3.575992832927311071e-01
3.519999999999999796e-01 3.624938829359928838e-01
3.599999999999999867e-01 3.642039387689195440e-01
3.679999999999999938e-01 3.538950881837179541e-01
3.760000000000000009e-01 3.572485438805513280e-01
3.840000000000000080e-01 3.590237934657820040e-01
3.920000000000000151e-01 3.577764045306992546e-01
4.000000000000000222e-01 3.631467573728532350e-01
4.080000000000000293e-01 3.634351896416432304e-01
4.160000000000000364e-01 3.620124799013519357e-01
4.240000000000000435e-01 3.638085790021260979e-01
4.320000000000000506e-01 3.595530927211611494e-01
4.400000000000000577e-01 3.537872671889221721e-01
4.479999999999999538e-01 3.503480287019961059e-01
4.559999999999999609e-01 3.423155285275785720e-01
4.639999999999999680e-01 3.461385619810231074e-01
4.719999999999999751e-01 3.527242056097342204e-01
4.799999999999999822e-01 3.550142722949274909e-01
4.879999999999999893e-01 3.558726469717149454e-01
4.959999999999999964e-01 3.542554278023667957e-01
5.040000000000000036e-01 3.539831321917930040e-01
5.120000000000000107e-01 3.493177510147816300e-01
5.200000000000000178e-01 3.494633013682317269e-01
5.280000000000000249e-01 3.453059050870269653e-01
5.360000000000000320e-01 3.521841218039531429e-01
5.440000000000000391e-01 3.539358748584908732e-01
5.520000000000000462e-01 3.476755176851220042e-01
5.600000000000000533e-01 3.482197196777008230e-01
5.679999999999999494e-01 3.452515466143963319e-01
5.759999999999999565e-01 3.480973221220708402e-01
5.839999999999999636e-01 3.580304609476802624e-01
5.919999999999999707e-01 3.563836797761905650e-01
5.999999999999999778e-01 3.510865695038456469e-01
6.079999999999999849e-01 3.606331565545778384e-01
6.159999999999999920e-01 3.632211098519065318e-01
6.239999999999999991e-01 3.626309934881107311e-01
6.320000000000000062e-01 3.618657759466428758e-01
6.400000000000000133e-01 3.610220899055683885e-01
6.480000000000000204e-01 3.537260815031507688e-01
6.560000000000000275e-01 3.505864807205394951e-01
6.640000000000000346e-01 3.527716948390651752e-01
6.720000000000000417e-01 3.556580556972365192e-01
6.800000000000000488e-01 3.492210560855285584e-01
6.880000000000000560e-01 3.482688938878305551e-01
6.960000000000000631e-01 3.611664836773318399e-01
7.040000000000000702e-01 3.574263236594860671e-01
7.120000000000000773e-01 3.600186537935421427e-01
7.200000000000000844e-01 3.586497277363631109e-01
7.280000000000000915e-01 3.578088373399277988e-01
7.360000000000000986e-01 3.551422789566753835e-01
7.440000000000001057e-01 3.526167767479366777e-01
7.520000000000001128e-01 3.531662465179225552e-01
7.600000000000001199e-01 3.464630031157971968e-01
7.680000000000001270e-01 3.487526073463561027e-01
7.760000000000001341e-01 3.533234102936792520e-01
7.840000000000001412e-01 3.516336140046636416e-01
7.920000000000001483e-01 3.574025343676319744e-01
8.000000000000001554e-01 3.606420700362968912e-01
8.080000000000001625e-01 3.616385065791069553e-01
8.160000000000001696e-01 3.496191258108564681e-01
8.239999999999999547e-01 3.521684999117639103e-01
8.319999999999999618e-01 3.508206766301926183e-01
8.399999999999999689e-01 3.486975978136476750e-01
8.479999999999999760e-01 3.479547592634583686e-01
8.559999999999999831e-01 3.390442089579316365e-01
8.639999999999999902e-01 3.467296723328721075e-01
8.719999999999999973e-01 3.446042171861051218e-01
8.800000000000000044e-01 3.433882128182196292e-01
8.880000000000000115e-01 3.474418304759874787e-01
8.960000000000000187e-01 3.395862336140860194e-01
9.040000000000000258e-01 3.458904023173944298e-01
9.120000000000000329e-01 3.456974045708072207e-01
9.200000000000000400e-01 3.465365033350044088e-01
9.280000000000000471e-01 3.410486972899741120e-01
9.360000000000000542e-01 3.487488659941763158e-01
9.440000000000000613e-01 3.541562958210164314e-01
9.520000000000000684e-01 3.546124513817334178e-01
9.600000000000000755e-01 3.565717405751566704e-01
9.680000000000000826e-01 3.558773200500670031e-01
9.760000000000000897e-01 3.557506708119257399e-01
9.840000000000000968e-01 3.584275515529032896e-01
9.920000000000001039e-01 3.578977864373615869e-01
1.000000000000000000e+00 3.495303864824174656e-01
1.008000000000000007e+00 3.502075642150220269e-01
1.016000000000000014e+00 3.418971965769156407e-01
1.024000000000000021e+00 3.404071561169055848e-01
1.032000000000000028e+00 3.422928323467874234e-01
1.040000000000000036e+00 3.476481567544899565e-01
1.048000000000000043e+00 3.415809499875435695e-01
1.056000000000000050e+00 3.447569307698888919e-01
1.064000000000000057e+00 3.407496335923477782e-01
1.072000000000000064e+00 3.479171557048704178e-01
1.080000000000000071e+00 3.465924477559180761e-01
1.088000000000000078e+00 3.502071432912812199e-01
1.096000000000000085e+00 3.484327358102700667e-01
1.104000000000000092e+00 3.496550163851556148e-01
1.112000000000000099e+00 3.472404437416068967e-01
1.120000000000000107e+00 3.428139074912853190e-01
1.128000000000000114e+00 3.424171531370787669e-01
1.136000000000000121e+00 3.409068365445748761e-01
1.144000000000000128e+00 3.424692267689776193e-01
1.152000000000000135e+00 3.439818952099383265e-01
1.160000000000000142e+00 3.408093133193411672e-01
1.168000000000000149e+00 3.419794658098851414e-01
1.176000000000000156e+00 3.382495829586369407e-01
1.184000000000000163e+00 3.425237912646358351e-01
1.192000000000000171e+00 3.447558650938065683e-01
1.200000000000000178e+00 3.458426687420332879e-01
1.208000000000000185e+00 3.385869931587893733e-01
1.216000000000000192e+00 3.396366619588062630e-01
1.224000000000000199e+00 3.370428368069515179e-01
1.232000000000000206e+00 3.369161270716593548e-01
1.240000000000000213e+00 3.442770599691314382e-01
1.248000000000000220e+00 3.369644777038751648e-01
1.255999999999999783e+00 3.420347076230750849e-01
1.263999999999999790e+00 3.482324768318069697e-01
1.271999999999999797e+00 3.339122667702479896e-01
1.279999999999999805e+00 3.426956772498600534e-01
1.287999999999999812e+00 3.468229567610645603e-01
1.295999999999999819e+00 3.403626311372334179e-01
1.303999999999999826e+00 3.503185532761045051e-01
1.311999999999999833e+00 3.498563672132598557e-01
1.319999999999999840e+00 3.482239387939700670e-01
1.327999999999999847e+00 3.502770629988655182e-01
1.335999999999999854e+00 3.533418804311902472e-01
1.343999999999999861e+00 3.449812396892323885e-01
1.351999999999999869e+00 3.551233759426553616e-01
1.359999999999999876e+00 3.610716114828254053e-01
1.367999999999999883e+00 3.605949825518882657e-01
1.375999999999999890e+00 3.752576354040708106e-01
1.383999999999999897e+00 3.466725092000423336e-01
1.391999999999999904e+00 3.534372236707252757e-01
1.399999999999999911e+00 3.866634349849154551e-01
1.407999999999999918e+00 3.712333214174646789e-01
1.415999999999999925e+00 3.469753144472652595e-01
1.423999999999999932e+00 3.780411600237545411e-01
1.431999999999999940e+00 3.714118855784743767e-01
1.439999999999999947e+00 3.708709170366669694e-01
1.447999999999999954e+00 3.705946260866870845e-01
1.455999999999999961e+00 3.797139356581776815e-01
1.463999999999999968e+00 3.831714877016519916e-01
1.471999999999999975e+00 3.795492167350696389e-01
1.479999999999999982e+00 3.769213347350268695e-01
1.487999999999999989e+00 3.788210610201325768e-01
1.495999999999999996e+00 3.706693537325460586e-01
1.504000000000000004e+00 3.797811856180892121e-01
1.512000000000000011e+00 3.791954786142718303e-01
