8.000000000000007105e-03 9.386399211665402698e-01
1.600000000000001421e-02 7.265631289123719583e-01
2.400000000000002132e-02 6.094229853754054016e-01
3.200000000000002842e-02 4.288232850756775183e-01
4.000000000000003553e-02 3.444868364489642731e-01
4.800000000000004263e-02 3.382828362651313370e-01
5.599999999999999423e-02 3.301923102200232107e-01
6.400000000000000133e-02 3.571050298859511640e-01
7.200000000000000844e-02 3.947877931265142415e-01
8.000000000000001554e-02 3.932342200361484408e-01
8.799999999999996714e-02 3.782196002139872615e-01
9.599999999999997424e-02 3.511836269736879901e-01
1.039999999999999813e-01 3.236897129638365289e-01
1.119999999999999885e-01 3.080879254997731520e-01
1.199999999999999956e-01 3.033782956339531323e-01
1.280000000000000027e-01 3.195378664590081130e-01
1.360000000000000098e-01 3.323154630664448272e-01
1.440000000000000169e-01 3.562808907030862171e-01
1.520000000000000240e-01 3.535950272799658900e-01
1.600000000000000311e-01 3.462982537323896493e-01
1.680000000000000382e-01 3.252617081525160936e-01
1.760000000000000453e-01 3.107177354600731967e-01
1.840000000000000524e-01 3.098264698374134096e-01
1.920000000000000595e-01 3.098912317313494147e-01
2.000000000000000666e-01 3.281210087804839470e-01
2.080000000000000737e-01 3.360544433350901028e-01
2.160000000000000808e-01 3.494096642721776780e-01
2.239999999999999769e-01 3.509949978411172067e-01
2.319999999999999840e-01 3.484273987433016972e-01
2.399999999999999911e-01 3.413964567216546397e-01
2.479999999999999982e-01 3.369512131997928206e-01
2.560000000000000053e-01 3.341599904077657279e-01
2.640000000000000124e-01 3.286060686060184310e-01
2.720000000000000195e-01 3.349067249446863737e-01
2.800000000000000266e-01 3.430055556446969245e-01
2.879999999999999227e-01 3.447846367982030369e-01
2.959999999999999298e-01 3.448358226026586038e-01
3.039999999999999369e-01 3.413258152261572365e-01
3.119999999999999440e-01 3.367328549136644478e-01
3.199999999999999512e-01 3.262051693827572874e-01
3.279999999999999583e-01 3.324538150881423126e-01
3.359999999999999654e-01 3.311912216897616723e-01
3.439999999999999725e-01 3.291835574020955391e-01
3.519999999999999796e-01 3.328580269108708523e-01
3.599999999999999867e-01 3.418574754380744873e-01
3.679999999999999938e-01 3.378097838186126523e-01
3.760000000000000009e-01 3.459887401810494700e-01
3.840000000000000080e-01 3.414030216112259319e-01
3.920000000000000151e-01 3.439809873556893827e-01
4.000000000000000222e-01 3.332722010206753960e-01
4.080000000000000293e-01 3.427510676082113905e-01
4.160000000000000364e-01 3.408850835465730422e-01
4.240000000000000435e-01 3.451952917353592887e-01
4.320000000000000506e-01 3.384764335981291228e-01
4.400000000000000577e-01 3.425030977943234189e-01
4.479999999999999538e-01 3.412062745397239083e-01
4.559999999999999609e-01 3.374255519043414253e-01
4.639999999999999680e-01 3.334264238343940812e-01
4.719999999999999751e-01 3.345409358610949568e-01
4.799999999999999822e-01 3.247508232646225679e-01
4.879999999999999893e-01 3.303883652276445870e-01
4.959999999999999964e-01 3.309261820928131037e-01
5.040000000000000036e-01 3.289693423360101621e-01
5.120000000000000107e-01 3.287820620364840796e-01
5.200000000000000178e-01 3.321573851671721922e-01
5.280000000000000249e-01 3.306338079694656762e-01
5.360000000000000320e-01 3.302986878707901419e-01
5.440000000000000391e-01 3.354489252276180444e-01
5.520000000000000462e-01 3.404069415355335804e-01
5.600000000000000533e-01 3.396950512537307842e-01
5.679999999999999494e-01 3.401439808125018560e-01
5.759999999999999565e-01 3.398854398645963504e-01
5.839999999999999636e-01 3.405024305508272398e-01
5.919999999999999707e-01 3.388135613514767219e-01
5.999999999999999778e-01 3.417811234181186708e-01
6.079999999999999849e-01 3.394039850493256183e-01
6.159999999999999920e-01 3.404621372773705690e-01
6.239999999999999991e-01 3.378240613966144168e-01
6.320000000000000062e-01 3.392349599243846270e-01
6.400000000000000133e-01 3.369159486311819607e-01
6.480000000000000204e-01 3.419848267597973002e-01
6.560000000000000275e-01 3.416375712168133738e-01
6.640000000000000346e-01 3.465409875082169910e-01
6.720000000000000417e-01 3.424629792143367157e-01
6.800000000000000488e-01 3.415784533526129985e-01
6.880000000000000560e-01 3.305414625220317593e-01
6.960000000000000631e-01 3.341026461655242086e-01
7.040000000000000702e-01 3.390957266128595271e-01
7.120000000000000773e-01 3.420417906170598044e-01
7.200000000000000844e-01 3.394992140147359283e-01
7.280000000000000915e-01 3.438363032308371925e-01
7.360000000000000986e-01 3.448861157706046843e-01
7.440000000000001057e-01 3.378605379604034953e-01
7.520000000000001128e-01 3.406565996377219352e-01
7.600000000000001199e-01 3.377537349875857076e-01
7.680000000000001270e-01 3.378023982742539011e-01
7.760000000000001341e-01 3.439884010984389784e-01
7.840000000000001412e-01 3.440129176421708457e-01
7.920000000000001483e-01 3.446697560840284447e-01
8.000000000000001554e-01 3.459641582867366560e-01
8.080000000000001625e-01 3.466682981131966601e-01
8.160000000000001696e-01 3.517992081822384209e-01
8.239999999999999547e-01 3.425651364673991672e-01
8.319999999999999618e-01 3.410928530302367312e-01
8.399999999999999689e-01 3.402480766171858684e-01
8.479999999999999760e-01 3.363196739610607167e-01
8.559999999999999831e-01 3.443849539631676504e-01
8.639999999999999902e-01 3.474098158687197180e-01
8.719999999999999973e-01 3.586837834454362772e-01
8.800000000000000044e-01 3.590425238090928506e-01
8.880000000000000115e-01 3.541503954098304541e-01
8.960000000000000187e-01 3.530005895110714942e-01
9.040000000000000258e-01 3.565122696175100914e-01
9.120000000000000329e-01 3.522593484514097706e-01
9.200000000000000400e-01 3.482429101795817550e-01
9.280000000000000471e-01 3.448081783618894280e-01
9.360000000000000542e-01 3.403307044159190053e-01
9.440000000000000613e-01 3.371742740633860147e-01
9.520000000000000684e-01 3.418928442300176451e-01
9.600000000000000755e-01 3.349621343940202833e-01
9.680000000000000826e-01 3.335502500792653646e-01
9.760000000000000897e-01 3.327496710904840338e-01
9.840000000000000968e-01 3.393436863983133045e-01
9.920000000000001039e-01 3.319730007847230824e-01
1.000000000000000000e+00 3.349756078263690928e-01
1.008000000000000007e+00 3.305649711736117768e-01
1.016000000000000014e+00 3.337843346528719946e-01
1.024000000000000021e+00 3.255428568779673015e-01
1.032000000000000028e+00 3.305752320224139562e-01
1.040000000000000036e+00 3.280971991071920391e-01
1.048000000000000043e+00 3.232579878205297796e-01
1.056000000000000050e+00 3.239942877911831109e-01
1.064000000000000057e+00 3.275537454426144524e-01
1.072000000000000064e+00 3.267008548622301611e-01
1.080000000000000071e+00 3.248758299189171694e-01
1.088000000000000078e+00 3.306815435370151213e-01
1.096000000000000085e+00 3.333566671102686785e-01
1.104000000000000092e+00 3.287153298193085105e-01
1.112000000000000099e+00 3.327191007031324865e-01
1.120000000000000107e+00 3.316227199009778026e-01
1.128000000000000114e+00 3.295376378827317154e-01
1.136000000000000121e+00 3.337517326298303777e-01
1.144000000000000128e+00 3.380903380987085316e-01
1.152000000000000135e+00 3.332888691446336260e-01
1.160000000000000142e+00 3.281299574528931395e-01
1.168000000000000149e+00 3.369926799032909037e-01
1.176000000000000156e+00 3.408905465083380548e-01
1.184000000000000163e+00 3.352764640919621009e-01
1.192000000000000171e+00 3.468115009267374593e-01
1.200000000000000178e+00 3.412628454164266523e-01
1.208000000000000185e+00 3.389136933861101042e-01
1.216000000000000192e+00 3.361732597798029465e-01
1.224000000000000199e+00 3.358167157324591368e-01
1.232000000000000206e+00 3.364416842318869172e-01
1.240000000000000213e+00 3.327870362560634288e-01
1.248000000000000220e+00 3.267190021306052850e-01
1.255999999999999783e+00 3.265899898833182768e-01
1.263999999999999790e+00 3.260384052996642690e-01
1.271999999999999797e+00 3.410472752500594562e-01
1.279999999999999805e+00 3.311963484872465502e-01
1.287999999999999812e+00 3.395820755921695189e-01
1.295999999999999819e+00 3.393428702927361318e-01
1.303999999999999826e+00 3.393586330993797473e-01
1.311999999999999833e+00 3.365619920086310168e-01
1.319999999999999840e+00 3.384902447152788874e-01
1.327999999999999847e+00 3.431147206881990375e-01
1.335999999999999854e+00 3.542099465299688998e-01
1.343999999999999861e+00 3.498327541320908618e-01
1.351999999999999869e+00 3.390356878613512981e-01
1.359999999999999876e+00 3.509550575105838677e-01
1.367999999999999883e+00 3.613433403189132975e-01
1.375999999999999890e+00 3.567264829932463854e-01
1.383999999999999897e+00 3.385143791061031027e-01
1.391999999999999904e+00 3.283719280464680867e-01
1.399999999999999911e+00 3.765243876028646630e-01
1.407999999999999918e+00 3.356539712594894254e-01
1.415999999999999925e+00 3.604090114588197613e-01
1.423999999999999932e+00 3.699907750123890282e-01
1.431999999999999940e+00 3.515494650587374093e-01
1.439999999999999947e+00 3.607731953012781601e-01
1.447999999999999954e+00 3.602373790750096894e-01
1.455999999999999961e+00 3.618055076419217087e-01
1.463999999999999968e+00 3.583855595238527036e-01
1.471999999999999975e+00 3.563794787608139947e-01
1.479999999999999982e+00 3.602423011863300495e-01
1.487999999999999989e+00 3.446769853142909179e-01
1.495999999999999996e+00 3.407207245082409797e-01
1.504000000000000004e+00 3.449275006689386802e-01
1.512000000000000011e+00 3.519154558837336300e-01
