8.000000000000007105e-03 1.013864374114286759e+00
1.600000000000001421e-02 9.553678086434508332e-01
2.400000000000002132e-02 8.344637738490826573e-01
3.200000000000002842e-02 6.228776352197440414e-01
4.000000000000003553e-02 4.564466509465611166e-01
4.800000000000004263e-02 4.015238094442764583e-01
5.599999999999999423e-02 3.879934119848914564e-01
6.400000000000000133e-02 3.996461264239047906e-01
7.200000000000000844e-02 4.145148953098497513e-01
8.000000000000001554e-02 4.199792699849762556e-01
8.799999999999996714e-02 4.114054860599780650e-01
9.599999999999997424e-02 3.887491841952622762e-01
1.039999999999999813e-01 3.647686403496651075e-01
1.119999999999999885e-01 3.441355577109133090e-01
1.199999999999999956e-01 3.345557396796017269e-01
1.280000000000000027e-01 3.507860779373887516e-01
1.360000000000000098e-01 3.645486498050499180e-01
1.440000000000000169e-01 3.757999922502605061e-01
1.520000000000000240e-01 3.891062307889463501e-01
1.600000000000000311e-01 3.908790045480705633e-01
1.680000000000000382e-01 3.743529587886406107e-01
1.760000000000000453e-01 3.598263275840775099e-01
1.840000000000000524e-01 3.581928753426426582e-01
1.920000000000000595e-01 3.597236344778267925e-01
2.000000000000000666e-01 3.643376122271109741e-01
2.080000000000000737e-01 3.703325762478669181e-01
2.160000000000000808e-01 3.804142105168593080e-01
2.239999999999999769e-01 3.796591256754028865e-01
2.319999999999999840e-01 3.743009636794078498e-01
2.399999999999999911e-01 3.624345042340135215e-01
2.479999999999999982e-01 3.649782590289865625e-01
2.560000000000000053e-01 3.615046980281433897e-01
2.640000000000000124e-01 3.642153685635716176e-01
2.720000000000000195e-01 3.732614575354252784e-01
2.800000000000000266e-01 3.794559135214527479e-01
2.879999999999999227e-01 3.782607196978861053e-01
2.959999999999999298e-01 3.774509790060174286e-01
3.039999999999999369e-01 3.778894395069800072e-01
3.119999999999999440e-01 3.761778392622751599e-01
3.199999999999999512e-01 3.677758309319252295e-01
3.279999999999999583e-01 3.751066994593423298e-01
3.359999999999999654e-01 3.704142010515569794e-01
3.439999999999999725e-01 3.721560498779252768e-01
3.519999999999999796e-01 3.743821548450558812e-01
3.599999999999999867e-01 3.693515550589912544e-01
3.679999999999999938e-01 3.674843639734760581e-01
3.760000000000000009e-01 3.620995752552018110e-01
3.840000000000000080e-01 3.659856517197523362e-01
3.920000000000000151e-01 3.601970516016209656e-01
4.000000000000000222e-01 3.635157189209803352e-01
4.080000000000000293e-01 3.631670694368029362e-01
4.160000000000000364e-01 3.677611975231262487e-01
4.240000000000000435e-01 3.657163836573540383e-01
4.320000000000000506e-01 3.687425919416721931e-01
4.400000000000000577e-01 3.651084899565092967e-01
4.479999999999999538e-01 3.611850930108785884e-01
4.559999999999999609e-01 3.589980185950268354e-01
4.639999999999999680e-01 3.679224245238718050e-01
4.719999999999999751e-01 3.627480202765095418e-01
4.799999999999999822e-01 3.613063037803743160e-01
4.879999999999999893e-01 3.612761222651229009e-01
4.959999999999999964e-01 3.631973897712329480e-01
5.040000000000000036e-01 3.604922935242599324e-01
5.120000000000000107e-01 3.669272936473087499e-01
5.200000000000000178e-01 3.671940019588464388e-01
5.280000000000000249e-01 3.721238620550141318e-01
5.360000000000000320e-01 3.702416483465956198e-01
5.440000000000000391e-01 3.797218072912189601e-01
5.520000000000000462e-01 3.801780860542851581e-01
5.600000000000000533e-01 3.717891203219900742e-01
5.679999999999999494e-01 3.622946097704758395e-01
5.759999999999999565e-01 3.631432045248881302e-01
5.839999999999999636e-01 3.646747731194430187e-01
5.919999999999999707e-01 3.682127544849260747e-01
5.999999999999999778e-01 3.714125598952331408e-01
6.079999999999999849e-01 3.602896860630748210e-01
6.159999999999999920e-01 3.669574620522071950e-01
6.239999999999999991e-01 3.687549698608585391e-01
6.320000000000000062e-01 3.752583168009076542e-01
6.400000000000000133e-01 3.713789512203667931e-01
6.480000000000000204e-01 3.740352858829659177e-01
6.560000000000000275e-01 3.763576157753783513e-01
6.640000000000000346e-01 3.685793025278419344e-01
6.720000000000000417e-01 3.705569882329036724e-01
6.800000000000000488e-01 3.693684919445068826e-01
6.880000000000000560e-01 3.717060455886523340e-01
6.960000000000000631e-01 3.771947512906076994e-01
7.040000000000000702e-01 3.718519055736103640e-01
7.120000000000000773e-01 3.717280902715275337e-01
7.200000000000000844e-01 3.683689240741770399e-01
7.280000000000000915e-01 3.684758842722208882e-01
7.360000000000000986e-01 3.668638911968683525e-01
7.440000000000001057e-01 3.689479955398090039e-01
7.520000000000001128e-01 3.663223118463321271e-01
7.600000000000001199e-01 3.643462782739174677e-01
7.680000000000001270e-01 3.679590840786196582e-01
7.760000000000001341e-01 3.706209352300564586e-01
7.840000000000001412e-01 3.697484799262902855e-01
7.920000000000001483e-01 3.651776151484171229e-01
8.000000000000001554e-01 3.661535585591071396e-01
8.080000000000001625e-01 3.690829822942365834e-01
8.160000000000001696e-01 3.672022477076055669e-01
8.239999999999999547e-01 3.657231710417247483e-01
8.319999999999999618e-01 3.634599235671654993e-01
8.399999999999999689e-01 3.682523337150913068e-01
8.479999999999999760e-01 3.721361428756130296e-01
8.559999999999999831e-01 3.631076827904544668e-01
8.639999999999999902e-01 3.672871989193982056e-01
8.719999999999999973e-01 3.765625258495883254e-01
8.800000000000000044e-01 3.747886896928069866e-01
8.880000000000000115e-01 3.682807307432056643e-01
8.960000000000000187e-01 3.678567716472942450e-01
9.040000000000000258e-01 3.681346201884194147e-01
9.120000000000000329e-01 3.664452655440147422e-01
9.200000000000000400e-01 3.623451204799707503e-01
9.280000000000000471e-01 3.647063272707783965e-01
9.360000000000000542e-01 3.706864364025906911e-01
9.440000000000000613e-01 3.702917683328226239e-01
9.520000000000000684e-01 3.656714472834610152e-01
9.600000000000000755e-01 3.704093401665984886e-01
9.680000000000000826e-01 3.679364218750835747e-01
9.760000000000000897e-01 3.733398141944646587e-01
9.840000000000000968e-01 3.644294833680484236e-01
9.920000000000001039e-01 3.610216429694721452e-01
1.000000000000000000e+00 3.567719129033882774e-01
1.008000000000000007e+00 3.635882815072483676e-01
1.016000000000000014e+00 3.569194877065579585e-01
1.024000000000000021e+00 3.521096512908402643e-01
1.032000000000000028e+00 3.605932404765426758e-01
1.040000000000000036e+00 3.592629867411915034e-01
1.048000000000000043e+00 3.573361407312670712e-01
1.056000000000000050e+00 3.537995896395625950e-01
1.064000000000000057e+00 3.544215281197412581e-01
1.072000000000000064e+00 3.576841995282639131e-01
1.080000000000000071e+00 3.561109101262230348e-01
1.088000000000000078e+00 3.541425663837204918e-01
1.096000000000000085e+00 3.535102468499090600e-01
1.104000000000000092e+00 3.571943094264242169e-01
1.112000000000000099e+00 3.622933072125808507e-01
1.120000000000000107e+00 3.573521912655191479e-01
1.128000000000000114e+00 3.689686345869623296e-01
1.136000000000000121e+00 3.673871343676524681e-01
1.144000000000000128e+00 3.698496054320177806e-01
1.152000000000000135e+00 3.685623945592993445e-01
1.160000000000000142e+00 3.748668319157785755e-01
1.168000000000000149e+00 3.779982166003574284e-01
1.176000000000000156e+00 3.806970211308452479e-01
1.184000000000000163e+00 3.775803640142667561e-01
1.192000000000000171e+00 3.734097464041966075e-01
1.200000000000000178e+00 3.799844355297101739e-01
1.208000000000000185e+00 3.800894319989948644e-01
1.216000000000000192e+00 3.796500848447253440e-01
1.224000000000000199e+00 3.874444629304651944e-01
1.232000000000000206e+00 3.958375923982448974e-01
1.240000000000000213e+00 3.949791811649940310e-01
1.248000000000000220e+00 3.942106664017395734e-01
1.255999999999999783e+00 3.817611809263302125e-01
1.263999999999999790e+00 3.782918042548037985e-01
1.271999999999999797e+00 3.730274058649365454e-01
1.279999999999999805e+00 3.614623028953379280e-01
1.287999999999999812e+00 3.589731867787298580e-01
1.295999999999999819e+00 3.540781614501143926e-01
1.303999999999999826e+00 3.620944711832770335e-01
1.311999999999999833e+00 3.661257685604102363e-01
1.319999999999999840e+00 3.719528802183530436e-01
1.327999999999999847e+00 3.741714965591810271e-01
1.335999999999999854e+00 3.707310037973303718e-01
1.343999999999999861e+00 3.686543363310414989e-01
1.351999999999999869e+00 3.688976663249947663e-01
1.359999999999999876e+00 3.636465328391773055e-01
1.367999999999999883e+00 3.656017943269792014e-01
1.375999999999999890e+00 3.773465644229837546e-01
1.383999999999999897e+00 3.711122423202973808e-01
1.391999999999999904e+00 3.603402340191063646e-01
1.399999999999999911e+00 4.078099454387031919e-01
1.407999999999999918e+00 3.700111307353239898e-01
1.415999999999999925e+00 3.862795333759355687e-01
1.423999999999999932e+00 3.876545765617371853e-01
1.431999999999999940e+00 3.882502539764438598e-01
1.439999999999999947e+00 3.934624345586763550e-01
1.447999999999999954e+00 3.925441214925133315e-01
1.455999999999999961e+00 3.959210785163692625e-01
1.463999999999999968e+00 3.883372245391094602e-01
1.471999999999999975e+00 3.921275139249735253e-01
1.479999999999999982e+00 3.858824675574068497e-01
1.487999999999999989e+00 3.884298440945370690e-01
1.495999999999999996e+00 3.840581598700746890e-01
1.504000000000000004e+00 3.791735393056890335e-01
1.512000000000000011e+00 3.828758166724935408e-01
