8.000000000000007105e-03 1.228719007057731183e+00
1.600000000000001421e-02 1.062671573099256417e+00
2.400000000000002132e-02 9.096290318945033926e-01
3.200000000000002842e-02 6.658216192122563548e-01
4.000000000000003553e-02 5.820422735524087843e-01
4.800000000000004263e-02 3.926322587358040961e-01
5.599999999999999423e-02 4.291279678755159921e-01
6.400000000000000133e-02 4.306229497358697866e-01
7.200000000000000844e-02 4.730356724031188898e-01
8.000000000000001554e-02 5.069463658755060109e-01
8.799999999999996714e-02 5.190214132589546780e-01
9.599999999999997424e-02 5.136504748219863359e-01
1.039999999999999813e-01 4.871143351796257126e-01
1.119999999999999885e-01 4.675591258227824731e-01
1.199999999999999956e-01 4.558489472875806858e-01
1.280000000000000027e-01 4.598558320107947184e-01
1.360000000000000098e-01 4.729503770305616417e-01
1.440000000000000169e-01 4.895373541728617606e-01
1.520000000000000240e-01 4.939135359938533476e-01
1.600000000000000311e-01 5.021933242101787043e-01
1.680000000000000382e-01 4.836179055776166358e-01
1.760000000000000453e-01 4.722895934540280449e-01
1.840000000000000524e-01 4.658344009953777065e-01
1.920000000000000595e-01 4.584261319244491428e-01
2.000000000000000666e-01 4.632108930781685396e-01
2.080000000000000737e-01 4.726119591914117457e-01
2.160000000000000808e-01 4.733061611702062410e-01
2.239999999999999769e-01 4.746716248312125019e-01
2.319999999999999840e-01 4.666474186289907844e-01
2.399999999999999911e-01 4.617999437456244416e-01
2.479999999999999982e-01 4.561600559152408918e-01
2.560000000000000053e-01 4.517009386067361021e-01
2.640000000000000124e-01 4.564320796826100146e-01
2.720000000000000195e-01 4.623242999486165128e-01
2.800000000000000266e-01 4.677804109455884207e-01
2.879999999999999227e-01 4.773086692640458040e-01
2.959999999999999298e-01 4.774131657382840732e-01
3.039999999999999369e-01 4.711232855811509079e-01
3.119999999999999440e-01 4.693464475266836966e-01
3.199999999999999512e-01 4.653383822548997628e-01
3.279999999999999583e-01 4.624821463737950333e-01
3.359999999999999654e-01 4.649042780039834288e-01
3.439999999999999725e-01 4.690039650532102922e-01
3.519999999999999796e-01 4.693842801008888954e-01
3.599999999999999867e-01 4.726241640569599500e-01
3.679999999999999938e-01 4.754545614984219126e-01
3.760000000000000009e-01 4.742059313237785845e-01
3.840000000000000080e-01 4.751886321371420197e-01
3.920000000000000151e-01 4.727573701843162945e-01
4.000000000000000222e-01 4.698380116908910109e-01
4.080000000000000293e-01 4.677966354611324817e-01
4.160000000000000364e-01 4.719654948858759136e-01
4.240000000000000435e-01 4.661055258382367783e-01
4.320000000000000506e-01 4.650867953425050771e-01
4.400000000000000577e-01 4.633296956277509482e-01
4.479999999999999538e-01 4.699252048401271198e-01
4.559999999999999609e-01 4.600003047277838597e-01
4.639999999999999680e-01 4.564008924355040242e-01
4.719999999999999751e-01 4.590222798825140393e-01
4.799999999999999822e-01 4.562159781259615965e-01
4.879999999999999893e-01 4.618561815048869423e-01
4.959999999999999964e-01 4.623257578790467281e-01
5.040000000000000036e-01 4.696351968798189169e-01
5.120000000000000107e-01 4.711325237704588886e-01
5.200000000000000178e-01 4.688139832497989490e-01
5.280000000000000249e-01 4.675065060590664068e-01
5.360000000000000320e-01 4.694214968966071155e-01
5.440000000000000391e-01 4.733800816082235907e-01
5.520000000000000462e-01 4.697167026295742676e-01
5.600000000000000533e-01 4.683323287516549249e-01
5.679999999999999494e-01 4.682721704331652690e-01
5.759999999999999565e-01 4.657654865019500989e-01
5.839999999999999636e-01 4.639898370524513926e-01
5.919999999999999707e-01 4.722583356230605767e-01
5.999999999999999778e-01 4.685802651087267456e-01
6.079999999999999849e-01 4.708398234823678585e-01
6.159999999999999920e-01 4.711969191934549661e-01
6.239999999999999991e-01 4.747240126560438589e-01
6.320000000000000062e-01 4.752708049979962879e-01
6.400000000000000133e-01 4.721070984139780213e-01
6.480000000000000204e-01 4.750307151739771583e-01
6.560000000000000275e-01 4.725124532888804740e-01
6.640000000000000346e-01 4.702632404888614226e-01
6.720000000000000417e-01 4.710531091894240574e-01
6.800000000000000488e-01 4.716785186644160133e-01
6.880000000000000560e-01 4.738140128488826930e-01
6.960000000000000631e-01 4.746782991468767587e-01
7.040000000000000702e-01 4.768910897536877136e-01
7.120000000000000773e-01 4.768906441274011754e-01
7.200000000000000844e-01 4.744826389800462230e-01
7.280000000000000915e-01 4.724319733577771463e-01
7.360000000000000986e-01 4.699632838672615498e-01
7.440000000000001057e-01 4.716131635639508879e-01
7.520000000000001128e-01 4.687568881673017662e-01
7.600000000000001199e-01 4.747687645835996784e-01
7.680000000000001270e-01 4.751622035911051700e-01
7.760000000000001341e-01 4.750054438516598254e-01
7.840000000000001412e-01 4.723615964719961036e-01
7.920000000000001483e-01 4.696441932451243528e-01
8.000000000000001554e-01 4.677953760508433700e-01
8.080000000000001625e-01 4.683049500381641361e-01
8.160000000000001696e-01 4.705717555932164009e-01
8.239999999999999547e-01 4.704680998098107469e-01
8.319999999999999618e-01 4.659792697751413137e-01
8.399999999999999689e-01 4.653546560296519807e-01
8.479999999999999760e-01 4.631469141814876789e-01
8.559999999999999831e-01 4.679885695905703358e-01
8.639999999999999902e-01 4.715776222505481674e-01
8.719999999999999973e-01 4.794244642979352267e-01
8.800000000000000044e-01 4.849245721056145708e-01
8.880000000000000115e-01 4.803108134657071981e-01
8.960000000000000187e-01 4.777713040185154192e-01
9.040000000000000258e-01 4.708084780764744681e-01
9.120000000000000329e-01 4.644020139446777273e-01
9.200000000000000400e-01 4.648548185200839233e-01
9.280000000000000471e-01 4.673562306348581497e-01
9.360000000000000542e-01 4.675585655037215460e-01
9.440000000000000613e-01 4.673633493025347585e-01
9.520000000000000684e-01 4.719029934980763508e-01
9.600000000000000755e-01 4.710667600222663287e-01
9.680000000000000826e-01 4.660345163451204975e-01
9.760000000000000897e-01 4.644770280364140524e-01
9.840000000000000968e-01 4.601511037824866368e-01
9.920000000000001039e-01 4.602787146725343392e-01
1.000000000000000000e+00 4.647033532495791763e-01
1.008000000000000007e+00 4.582160599926043409e-01
1.016000000000000014e+00 4.706266945450665040e-01
1.024000000000000021e+00 4.663908121863920564e-01
1.032000000000000028e+00 4.682597016455579686e-01
1.040000000000000036e+00 4.691068137033621577e-01
1.048000000000000043e+00 4.721793664848585870e-01
1.056000000000000050e+00 4.757194389619408548e-01
1.064000000000000057e+00 4.697572308032925692e-01
1.072000000000000064e+00 4.698655954230868126e-01
1.080000000000000071e+00 4.681591474652834761e-01
1.088000000000000078e+00 4.619489433251158794e-01
1.096000000000000085e+00 4.674306924765578852e-01
1.104000000000000092e+00 4.658320704882304431e-01
1.112000000000000099e+00 4.654270230904696271e-01
1.120000000000000107e+00 4.691759515591625851e-01
1.128000000000000114e+00 4.665635616558102550e-01
1.136000000000000121e+00 4.657571667579152863e-01
1.144000000000000128e+00 4.615319600354911844e-01
1.152000000000000135e+00 4.629156213198919456e-01
1.160000000000000142e+00 4.627918133580885551e-01
1.168000000000000149e+00 4.574360208677226147e-01
1.176000000000000156e+00 4.585754538120363488e-01
1.184000000000000163e+00 4.616000824345371512e-01
1.192000000000000171e+00 4.640675617158073196e-01
1.200000000000000178e+00 4.662310490495064075e-01
1.208000000000000185e+00 4.669852030628207640e-01
1.216000000000000192e+00 4.611182345235144142e-01
1.224000000000000199e+00 4.658145828099156671e-01
1.232000000000000206e+00 4.655255020476790628e-01
1.240000000000000213e+00 4.640271404676823974e-01
1.248000000000000220e+00 4.653907070583193639e-01
1.255999999999999783e+00 4.632810339315407422e-01
1.263999999999999790e+00 4.694898295357697315e-01
1.271999999999999797e+00 4.670793621282012253e-01
1.279999999999999805e+00 4.704251116306238378e-01
1.287999999999999812e+00 4.695312745996661485e-01
1.295999999999999819e+00 4.638153915765046986e-01
1.303999999999999826e+00 4.639899750048123717e-01
1.311999999999999833e+00 4.684832877913036597e-01
1.319999999999999840e+00 4.689894188892906879e-01
1.327999999999999847e+00 4.737256922131710679e-01
1.335999999999999854e+00 4.733821774780471725e-01
1.343999999999999861e+00 4.768943870475739200e-01
1.351999999999999869e+00 4.834928191579395129e-01
1.359999999999999876e+00 4.781099059312337030e-01
1.367999999999999883e+00 4.858453743964578631e-01
1.375999999999999890e+00 4.753312162025413179e-01
1.383999999999999897e+00 4.885815628054007154e-01
1.391999999999999904e+00 4.815130527347262768e-01
1.399999999999999911e+00 4.907723247734600558e-01
1.407999999999999918e+00 4.832736884135687694e-01
1.415999999999999925e+00 4.878098334560254656e-01
1.423999999999999932e+00 4.788079724307864882e-01
1.431999999999999940e+00 4.901345755976731500e-01
1.439999999999999947e+00 4.858914483042084398e-01
1.447999999999999954e+00 4.926558905702313473e-01
1.455999999999999961e+00 4.930513688282083251e-01
1.463999999999999968e+00 4.925861534231691374e-01
1.471999999999999975e+00 4.947716884334047438e-01
1.479999999999999982e+00 4.909367858132779872e-01
1.487999999999999989e+00 4.896062408886464046e-01
1.495999999999999996e+00 4.878409273155778769e-01
1.504000000000000004e+00 4.813562909456985950e-01
1.512000000000000011e+00 4.845373940180184302e-01
