0.000000000000000000e+00 3.523009882687494709e+00
8.000000000000007105e-03 3.178802105024389757e+00
1.600000000000001421e-02 2.481199364430695109e+00
2.400000000000002132e-02 1.721930009209963863e+00
3.200000000000002842e-02 1.109997947101660332e+00
4.000000000000003553e-02 7.449582899393289992e-01
4.799999999999998712e-02 5.564635500387788980e-01
5.599999999999999423e-02 4.862367274061450417e-01
6.400000000000000133e-02 5.195494037141482613e-01
7.200000000000000844e-02 6.035933129706588796e-01
7.999999999999996003e-02 6.718429201900363301e-01
8.799999999999996714e-02 6.728170416698613376e-01
9.599999999999997424e-02 6.067898142290502062e-01
1.039999999999999813e-01 5.115929290529862561e-01
1.119999999999999885e-01 4.232420748432455526e-01
1.199999999999999956e-01 3.757032888135901083e-01
1.280000000000000027e-01 3.832135441595741487e-01
1.360000000000000098e-01 4.266072690053527849e-01
1.440000000000000169e-01 4.861240383112920838e-01
1.520000000000000240e-01 5.246136474119642568e-01
1.600000000000000311e-01 5.247987806446660075e-01
1.680000000000000382e-01 5.011449696963835576e-01
1.760000000000000453e-01 4.650006067373341212e-01
1.840000000000000524e-01 4.284604791189806083e-01
1.920000000000000595e-01 4.084158340212517557e-01
2.000000000000000666e-01 4.165252222213992606e-01
2.080000000000000737e-01 4.485934704551823304e-01
2.159999999999999698e-01 4.862313195811779898e-01
2.239999999999999769e-01 5.026892504132903783e-01
2.319999999999999840e-01 4.892794136431620755e-01
2.399999999999999911e-01 4.621892263447898719e-01
2.479999999999999982e-01 4.351326119185878749e-01
2.560000000000000053e-01 4.158529733246417170e-01
2.640000000000000124e-01 4.056923769598438922e-01
2.720000000000000195e-01 4.101881914529901252e-01
2.799999999999999156e-01 4.265127481766576856e-01
2.879999999999999227e-01 4.519236773599055179e-01
2.959999999999999298e-01 4.702002015068154628e-01
3.039999999999999369e-01 4.753047575388651969e-01
3.119999999999999440e-01 4.726938758183602540e-01
3.199999999999999512e-01 4.570494990202703667e-01
3.279999999999999583e-01 4.436924425752191148e-01
3.359999999999999654e-01 4.382925213286209543e-01
3.439999999999999725e-01 4.355211660047471067e-01
3.519999999999999796e-01 4.378659967233166639e-01
3.599999999999999867e-01 4.422116061625495642e-01
3.679999999999999938e-01 4.506173960683436674e-01
3.760000000000000009e-01 4.614611385710440383e-01
3.840000000000000080e-01 4.595579605140157065e-01
3.920000000000000151e-01 4.484023975451041921e-01
4.000000000000000222e-01 4.354476247628991104e-01
4.080000000000000293e-01 4.337117175690551329e-01
4.160000000000000364e-01 4.388117219257133272e-01
4.240000000000000435e-01 4.439745856436584925e-01
4.320000000000000506e-01 4.498830517927564498e-01
4.399999999999999467e-01 4.577177060406075193e-01
4.479999999999999538e-01 4.642321989416745565e-01
4.559999999999999609e-01 4.739993780834230730e-01
4.639999999999999680e-01 4.757473862623946004e-01
4.719999999999999751e-01 4.717297121018154682e-01
4.799999999999999822e-01 4.701792439277089897e-01
4.879999999999999893e-01 4.695944456887982676e-01
4.959999999999999964e-01 4.681237103137793620e-01
5.040000000000000036e-01 4.616782488495594361e-01
5.120000000000000107e-01 4.556512577060756741e-01
5.200000000000000178e-01 4.593828608739169983e-01
5.280000000000000249e-01 4.662964300339974000e-01
5.360000000000000320e-01 4.713714067679827813e-01
5.440000000000000391e-01 4.788050095542794593e-01
5.520000000000000462e-01 4.882395633340640417e-01
5.599999999999999423e-01 4.884615115420791742e-01
5.679999999999999494e-01 4.916953897295571752e-01
5.759999999999999565e-01 4.914200610497256316e-01
5.839999999999999636e-01 4.877174243046599744e-01
5.919999999999999707e-01 4.816170284494779019e-01
5.999999999999999778e-01 4.787048580997697589e-01
6.079999999999999849e-01 4.706040279249747993e-01
6.159999999999999920e-01 4.619234714067802505e-01
6.239999999999999991e-01 4.543838344014446418e-01
6.320000000000000062e-01 4.488395232715139405e-01
6.400000000000000133e-01 4.468864312523537219e-01
6.480000000000000204e-01 4.495307426982949606e-01
6.560000000000000275e-01 4.555588249349630803e-01
6.640000000000000346e-01 4.557947377892504481e-01
6.720000000000000417e-01 4.603625616387065911e-01
6.800000000000000488e-01 4.626440651782459668e-01
6.880000000000000560e-01 4.644663785302339254e-01
6.960000000000000631e-01 4.619063155110580410e-01
7.040000000000000702e-01 4.596989368876649440e-01
7.120000000000000773e-01 4.566005010252442431e-01
7.200000000000000844e-01 4.623516829304070708e-01
7.280000000000000915e-01 4.709727846592031142e-01
7.360000000000000986e-01 4.737916401521554133e-01
7.440000000000001057e-01 4.732263389859128200e-01
7.520000000000001128e-01 4.706135284671004726e-01
7.600000000000001199e-01 4.620540090640042896e-01
7.680000000000001270e-01 4.479129184261497199e-01
7.760000000000001341e-01 4.453930825515760583e-01
7.840000000000001412e-01 4.510308732733427917e-01
7.920000000000001483e-01 4.591213232589980708e-01
8.000000000000001554e-01 4.640896519152072353e-01
8.080000000000001625e-01 4.680809920456179274e-01
8.159999999999999476e-01 4.701535442848364665e-01
8.239999999999999547e-01 4.666135139611754523e-01
8.319999999999999618e-01 4.647770312067230902e-01
8.399999999999999689e-01 4.586301884001705575e-01
8.479999999999999760e-01 4.553243710621931450e-01
8.559999999999999831e-01 4.586941157505962097e-01
8.639999999999999902e-01 4.662465521900799881e-01
8.719999999999999973e-01 4.670117973537691869e-01
8.800000000000000044e-01 4.677672338354321169e-01
8.880000000000000115e-01 4.685733092416742851e-01
8.960000000000000187e-01 4.670741361716465034e-01
9.040000000000000258e-01 4.657308470059032257e-01
9.120000000000000329e-01 4.612948419770514508e-01
9.200000000000000400e-01 4.529222038755971735e-01
9.280000000000000471e-01 4.505592674946471976e-01
9.360000000000000542e-01 4.580949852401608458e-01
9.440000000000000613e-01 4.673740488876464982e-01
9.520000000000000684e-01 4.722534490001252250e-01
9.600000000000000755e-01 4.732996219835889917e-01
9.680000000000000826e-01 4.719322288347355676e-01
9.760000000000000897e-01 4.609866929674527603e-01
9.840000000000000968e-01 4.522536425150470718e-01
9.920000000000001039e-01 4.503784288960361870e-01
9.999999999999998890e-01 4.546990293847265607e-01
1.008000000000000007e+00 4.692779685795849254e-01
1.016000000000000014e+00 4.822978696432198009e-01
1.024000000000000021e+00 4.847687524573073281e-01
1.032000000000000028e+00 4.806396541494032393e-01
1.040000000000000036e+00 4.722834575256430467e-01
1.048000000000000043e+00 4.612129020428759052e-01
1.056000000000000050e+00 4.559124129200698983e-01
1.064000000000000057e+00 4.573530852922276790e-01
1.072000000000000064e+00 4.559140772294981159e-01
1.080000000000000071e+00 4.557533518487560387e-01
1.088000000000000078e+00 4.604552525190450107e-01
1.096000000000000085e+00 4.611920897833943767e-01
1.104000000000000092e+00 4.630355969707295460e-01
1.112000000000000099e+00 4.617302144294928579e-01
1.120000000000000107e+00 4.645597619359714825e-01
1.128000000000000114e+00 4.647605506073304582e-01
1.136000000000000121e+00 4.592188426154422687e-01
1.144000000000000128e+00 4.513197478773558480e-01
1.152000000000000135e+00 4.527902769993030208e-01
1.160000000000000142e+00 4.589324404723116313e-01
1.168000000000000149e+00 4.593270236112206306e-01
1.176000000000000156e+00 4.573369674569413013e-01
1.184000000000000163e+00 4.521909031228437681e-01
1.192000000000000171e+00 4.467256326691912416e-01
1.200000000000000178e+00 4.433850576721597436e-01
1.208000000000000185e+00 4.416378931709041833e-01
1.216000000000000192e+00 4.490855330070892548e-01
1.224000000000000199e+00 4.603464158750364965e-01
1.232000000000000206e+00 4.717094334053257287e-01
1.240000000000000213e+00 4.733814343119505663e-01
1.247999999999999776e+00 4.622024594947582443e-01
1.255999999999999783e+00 4.513803000283413414e-01
1.263999999999999790e+00 4.475308031618179805e-01
1.271999999999999797e+00 4.457909813043904323e-01
1.279999999999999805e+00 4.522681666142711610e-01
1.287999999999999812e+00 4.569492507502153633e-01
1.295999999999999819e+00 4.516609489960720092e-01
1.303999999999999826e+00 4.489602058540638763e-01
1.311999999999999833e+00 4.533830525461094996e-01
1.319999999999999840e+00 4.633018195383423743e-01
1.327999999999999847e+00 4.789019086536250303e-01
1.335999999999999854e+00 4.861810828316710520e-01
1.343999999999999861e+00 4.872240872219374408e-01
1.351999999999999869e+00 4.887372623381715520e-01
1.359999999999999876e+00 4.935767809877892875e-01
1.367999999999999883e+00 4.987737856087215427e-01
1.375999999999999890e+00 5.032599058822411209e-01
1.383999999999999897e+00 5.082514116439411644e-01
1.391999999999999904e+00 5.074739178142383400e-01
1.399999999999999911e+00 5.081977798778514188e-01
1.407999999999999918e+00 5.078446872981441373e-01
1.415999999999999925e+00 5.050747323054888271e-01
1.423999999999999932e+00 5.056664951614344705e-01
1.431999999999999940e+00 5.196458842539585232e-01
1.439999999999999947e+00 5.355733389646859521e-01
1.447999999999999954e+00 5.525893197147128122e-01
1.455999999999999961e+00 5.607473601024981491e-01
1.463999999999999968e+00 5.554045133536441581e-01
1.471999999999999975e+00 5.455800487940620780e-01
1.479999999999999982e+00 5.402309383754454464e-01
1.487999999999999989e+00 5.388285590842845085e-01
1.495999999999999996e+00 5.348386769563040488e-01
1.504000000000000004e+00 5.322459717268932522e-01
