8.000000000000007105e-03 1.426167333772722756e+00
1.600000000000001421e-02 1.230593787048962717e+00
2.400000000000002132e-02 9.871735970551233086e-01
3.200000000000002842e-02 7.616896829972551464e-01
4.000000000000003553e-02 5.965537049987114093e-01
4.800000000000004263e-02 5.092509794076691687e-01
5.599999999999999423e-02 4.904328940225363698e-01
6.400000000000000133e-02 5.180843267375260242e-01
7.200000000000000844e-02 5.702486662778468718e-01
8.000000000000001554e-02 6.097017290877859708e-01
8.799999999999996714e-02 6.284140056038199917e-01
9.599999999999997424e-02 6.228550216903852021e-01
1.039999999999999813e-01 6.009394413906026244e-01
1.119999999999999885e-01 5.790966855197249297e-01
1.199999999999999956e-01 5.652798749273829637e-01
1.280000000000000027e-01 5.671646284969514840e-01
1.360000000000000098e-01 5.791002828279507852e-01
1.440000000000000169e-01 5.967848923660380445e-01
1.520000000000000240e-01 6.082043036600972563e-01
1.600000000000000311e-01 6.090376547324181100e-01
1.680000000000000382e-01 5.992021905738671439e-01
1.760000000000000453e-01 5.868658443654225509e-01
1.840000000000000524e-01 5.774140921121890813e-01
1.920000000000000595e-01 5.755823678171682056e-01
2.000000000000000666e-01 5.803138017337275967e-01
2.080000000000000737e-01 5.858436965445316114e-01
2.160000000000000808e-01 5.959996036163162092e-01
2.239999999999999769e-01 6.034882570923283396e-01
2.319999999999999840e-01 6.058167313530478104e-01
2.399999999999999911e-01 6.043798719014675802e-01
2.479999999999999982e-01 5.944868746570424189e-01
2.560000000000000053e-01 5.872961522959075920e-01
2.640000000000000124e-01 5.866117386337759143e-01
2.720000000000000195e-01 5.861055334705467246e-01
2.800000000000000266e-01 5.894229743668674137e-01
2.879999999999999227e-01 5.919419001320803675e-01
2.959999999999999298e-01 5.958429414286919856e-01
3.039999999999999369e-01 5.925988579528363998e-01
3.119999999999999440e-01 5.910280608692802806e-01
3.199999999999999512e-01 5.882880495701290346e-01
3.279999999999999583e-01 5.882257062841999007e-01
3.359999999999999654e-01 5.898940741598629467e-01
3.439999999999999725e-01 5.925403440595585769e-01
3.519999999999999796e-01 5.952714885946800427e-01
3.599999999999999867e-01 5.986510324170036812e-01
3.679999999999999938e-01 5.960181661218671989e-01
3.760000000000000009e-01 5.959302286879820665e-01
3.840000000000000080e-01 5.935556346122136118e-01
3.920000000000000151e-01 5.891682051178069868e-01
4.000000000000000222e-01 5.904014006082745070e-01
4.080000000000000293e-01 5.892337993422970266e-01
4.160000000000000364e-01 5.902947773113793595e-01
4.240000000000000435e-01 5.930338063931639425e-01
4.320000000000000506e-01 5.992152646245326730e-01
4.400000000000000577e-01 6.034586110390797176e-01
4.479999999999999538e-01 6.053470157675208130e-01
4.559999999999999609e-01 6.062686366154600437e-01
4.639999999999999680e-01 6.041762186982011507e-01
4.719999999999999751e-01 6.049033572209496779e-01
4.799999999999999822e-01 6.050851905137123454e-01
4.879999999999999893e-01 6.051071453054954752e-01
4.959999999999999964e-01 6.016920546487763977e-01
5.040000000000000036e-01 6.024854845130280800e-01
5.120000000000000107e-01 5.997830747489798497e-01
5.200000000000000178e-01 5.974046524421876558e-01
5.280000000000000249e-01 5.978475999562341547e-01
5.360000000000000320e-01 5.984734558019682016e-01
5.440000000000000391e-01 6.020519279154754599e-01
5.520000000000000462e-01 6.014162739031105875e-01
5.600000000000000533e-01 6.034328589126831677e-01
5.679999999999999494e-01 6.067293326681442167e-01
5.759999999999999565e-01 6.060469302333928443e-01
5.839999999999999636e-01 6.020996402930733904e-01
5.919999999999999707e-01 6.007596937339101384e-01
5.999999999999999778e-01 6.004416315476052146e-01
6.079999999999999849e-01 5.987509934348469454e-01
6.159999999999999920e-01 5.971708280642028521e-01
6.239999999999999991e-01 6.010090834123603676e-01
6.320000000000000062e-01 6.010080091365705979e-01
6.400000000000000133e-01 6.027164039371486481e-01
6.480000000000000204e-01 6.039770270464708268e-01
6.560000000000000275e-01 6.059027535227607952e-01
6.640000000000000346e-01 6.049013366619724330e-01
6.720000000000000417e-01 6.053118108941075715e-01
6.800000000000000488e-01 6.039224042330699760e-01
6.880000000000000560e-01 6.020956720338059842e-01
6.960000000000000631e-01 5.992765005179561122e-01
7.040000000000000702e-01 5.994314723119047450e-01
7.120000000000000773e-01 5.973478768865834176e-01
7.200000000000000844e-01 5.992611278847073120e-01
7.280000000000000915e-01 5.992773283155148345e-01
7.360000000000000986e-01 5.990884809859216009e-01
7.440000000000001057e-01 6.002469332165100147e-01
7.520000000000001128e-01 6.020681199285113916e-01
7.600000000000001199e-01 6.033957056906339433e-01
7.680000000000001270e-01 6.058514839776300009e-01
7.760000000000001341e-01 6.041467595244282007e-01
7.840000000000001412e-01 5.993277866829309630e-01
7.920000000000001483e-01 5.959022738573285238e-01
8.000000000000001554e-01 5.936245382600733311e-01
8.080000000000001625e-01 5.918374225820666190e-01
8.160000000000001696e-01 5.894581305712127683e-01
8.239999999999999547e-01 5.911957079741423371e-01
8.319999999999999618e-01 5.896477474162796772e-01
8.399999999999999689e-01 5.895437268777405926e-01
8.479999999999999760e-01 5.855246982218083041e-01
8.559999999999999831e-01 5.869197933712836379e-01
8.639999999999999902e-01 5.852900890116382593e-01
8.719999999999999973e-01 5.869216761796094417e-01
8.800000000000000044e-01 5.906793178164996272e-01
8.880000000000000115e-01 5.932570230964065994e-01
8.960000000000000187e-01 5.960828489975514843e-01
9.040000000000000258e-01 5.984794420381902569e-01
9.120000000000000329e-01 5.991395781984935054e-01
9.200000000000000400e-01 5.970554562086660688e-01
9.280000000000000471e-01 5.982408969267791754e-01
9.360000000000000542e-01 5.988261010416198182e-01
9.440000000000000613e-01 5.983777287583323945e-01
9.520000000000000684e-01 5.951830336828269896e-01
9.600000000000000755e-01 5.935090876374850000e-01
9.680000000000000826e-01 5.925633689798012194e-01
9.760000000000000897e-01 5.911052670850814872e-01
9.840000000000000968e-01 5.905743293042610143e-01
9.920000000000001039e-01 5.932902891013166480e-01
1.000000000000000000e+00 5.936235246425020096e-01
1.008000000000000007e+00 5.931382116317309716e-01
1.016000000000000014e+00 5.942611991586403963e-01
1.024000000000000021e+00 5.952217493893132705e-01
1.032000000000000028e+00 5.978771769120192481e-01
1.040000000000000036e+00 6.000486982016786097e-01
1.048000000000000043e+00 5.994340798284893967e-01
1.056000000000000050e+00 5.988379282855166297e-01
1.064000000000000057e+00 6.007106538052324751e-01
1.072000000000000064e+00 5.984091264475621674e-01
1.080000000000000071e+00 5.938093235338540721e-01
1.088000000000000078e+00 5.932840207403357047e-01
1.096000000000000085e+00 5.931324720223299929e-01
1.104000000000000092e+00 5.945965862667670354e-01
1.112000000000000099e+00 5.926985721657642703e-01
1.120000000000000107e+00 5.937568624906034431e-01
1.128000000000000114e+00 5.941972368089900591e-01
1.136000000000000121e+00 5.951360652727952782e-01
1.144000000000000128e+00 5.926956235420589580e-01
1.152000000000000135e+00 5.914665294420649033e-01
1.160000000000000142e+00 5.910969240921747359e-01
1.168000000000000149e+00 5.885497925112812556e-01
1.176000000000000156e+00 5.840557504821762835e-01
1.184000000000000163e+00 5.829572645863230207e-01
1.192000000000000171e+00 5.820336791387415998e-01
1.200000000000000178e+00 5.824154230636794383e-01
1.208000000000000185e+00 5.837209287780518174e-01
1.216000000000000192e+00 5.866742187279927467e-01
1.224000000000000199e+00 5.907913359684434651e-01
1.232000000000000206e+00 5.896429337222882650e-01
1.240000000000000213e+00 5.913723885837068872e-01
1.248000000000000220e+00 5.939471252574410887e-01
1.255999999999999783e+00 5.952367756398230236e-01
1.263999999999999790e+00 5.967640479116996799e-01
1.271999999999999797e+00 5.944067711549609889e-01
1.279999999999999805e+00 5.953221940170363435e-01
1.287999999999999812e+00 5.931781027612059720e-01
1.295999999999999819e+00 5.911844446464328273e-01
1.303999999999999826e+00 5.914560519870962763e-01
1.311999999999999833e+00 5.913374380853473333e-01
1.319999999999999840e+00 5.940803269971993705e-01
1.327999999999999847e+00 5.951496021675275472e-01
1.335999999999999854e+00 5.976319562446457123e-01
1.343999999999999861e+00 6.010250455717259799e-01
1.351999999999999869e+00 6.028557332551668368e-01
1.359999999999999876e+00 6.035701994705613416e-01
1.367999999999999883e+00 6.036444279036674576e-01
1.375999999999999890e+00 6.042567919344389304e-01
1.383999999999999897e+00 6.031120321167799947e-01
1.391999999999999904e+00 6.064286476888672839e-01
1.399999999999999911e+00 6.079387481388280889e-01
1.407999999999999918e+00 6.098296198793801137e-01
1.415999999999999925e+00 6.134199977176402196e-01
1.423999999999999932e+00 6.156478407477061765e-01
1.431999999999999940e+00 6.134559239528135643e-01
1.439999999999999947e+00 6.116642853982049433e-01
1.447999999999999954e+00 6.128270719839564729e-01
1.455999999999999961e+00 6.107761914133779113e-01
1.463999999999999968e+00 6.093072263110845821e-01
1.471999999999999975e+00 6.118301059873016978e-01
1.479999999999999982e+00 6.161850264887820394e-01
1.487999999999999989e+00 6.149727425321449559e-01
1.495999999999999996e+00 6.153199116516405720e-01
1.504000000000000004e+00 6.139662732921202792e-01
1.512000000000000011e+00 6.067750690061675112e-01
