0.000000000000000000e+00 2.426877531910649921e+00
8.000000000000007105e-03 2.378805579695888017e+00
1.600000000000001421e-02 2.108410140976481273e+00
2.400000000000002132e-02 1.726800748757904680e+00
3.200000000000002842e-02 1.343728334043254202e+00
4.000000000000003553e-02 1.026557544976812286e+00
4.799999999999998712e-02 8.037581929645646328e-01
5.599999999999999423e-02 6.756314488565299259e-01
6.400000000000000133e-02 6.211811395603997754e-01
7.200000000000000844e-02 6.084940583018809690e-01
7.999999999999996003e-02 6.078742368419812747e-01
8.799999999999996714e-02 6.005503024732922190e-01
9.599999999999997424e-02 5.795481258794936696e-01
1.039999999999999813e-01 5.465394419090378042e-01
1.119999999999999885e-01 5.096443710401533655e-01
1.199999999999999956e-01 4.806548140066813080e-01
1.280000000000000027e-01 4.685844840746894446e-01
1.360000000000000098e-01 4.733162386408606981e-01
1.440000000000000169e-01 4.869235152376744091e-01
1.520000000000000240e-01 4.998631521184012660e-01
1.600000000000000311e-01 5.041303804958151558e-01
1.680000000000000382e-01 4.974976266451401896e-01
1.760000000000000453e-01 4.876920641973938042e-01
1.840000000000000524e-01 4.856378820442074917e-01
1.920000000000000595e-01 4.951266599048688155e-01
2.000000000000000666e-01 5.119945876471109214e-01
2.080000000000000737e-01 5.284950857062307161e-01
2.159999999999999698e-01 5.370137619467995060e-01
2.239999999999999769e-01 5.342170434337666363e-01
2.319999999999999840e-01 5.228943084828059362e-01
2.399999999999999911e-01 5.077927872612704174e-01
2.479999999999999982e-01 4.914079852740948495e-01
2.560000000000000053e-01 4.760821945368374219e-01
2.640000000000000124e-01 4.661943396707630138e-01
2.720000000000000195e-01 4.643912476531021349e-01
2.799999999999999156e-01 4.684484611821654321e-01
2.879999999999999227e-01 4.747018452915819919e-01
2.959999999999999298e-01 4.810686925083767496e-01
3.039999999999999369e-01 4.851606801079202391e-01
3.119999999999999440e-01 4.848695289062422420e-01
3.199999999999999512e-01 4.809109077640034702e-01
3.279999999999999583e-01 4.754304270362215701e-01
3.359999999999999654e-01 4.707798494048392457e-01
3.439999999999999725e-01 4.694340102161062567e-01
3.519999999999999796e-01 4.725919461417274481e-01
3.599999999999999867e-01 4.798663541387939158e-01
3.679999999999999938e-01 4.892381705002263326e-01
3.760000000000000009e-01 4.968271449093921155e-01
3.840000000000000080e-01 4.989313129110322098e-01
3.920000000000000151e-01 4.951666184633766177e-01
4.000000000000000222e-01 4.890669858508838730e-01
4.080000000000000293e-01 4.842421913700428737e-01
4.160000000000000364e-01 4.804177511783476184e-01
4.240000000000000435e-01 4.746894619420520822e-01
4.320000000000000506e-01 4.668398251953222444e-01
4.399999999999999467e-01 4.625535468693355856e-01
4.479999999999999538e-01 4.677862601080736704e-01
4.559999999999999609e-01 4.797219494165990139e-01
4.639999999999999680e-01 4.882598467338829518e-01
4.719999999999999751e-01 4.868952642186057389e-01
4.799999999999999822e-01 4.788708279720085281e-01
4.879999999999999893e-01 4.718071732844381638e-01
4.959999999999999964e-01 4.690338681284830225e-01
5.040000000000000036e-01 4.689187957300138265e-01
5.120000000000000107e-01 4.697780829592143048e-01
5.200000000000000178e-01 4.711663354318190167e-01
5.280000000000000249e-01 4.715694027825128587e-01
5.360000000000000320e-01 4.688700959156087977e-01
5.440000000000000391e-01 4.633729210753483874e-01
5.520000000000000462e-01 4.577196907408469517e-01
5.599999999999999423e-01 4.549039990263301636e-01
5.679999999999999494e-01 4.573422419334862710e-01
5.759999999999999565e-01 4.658567848752173668e-01
5.839999999999999636e-01 4.793969549910270800e-01
5.919999999999999707e-01 4.943663763726092175e-01
5.999999999999999778e-01 5.046878894706324781e-01
6.079999999999999849e-01 5.070692518704806862e-01
6.159999999999999920e-01 5.039783398890621546e-01
6.239999999999999991e-01 4.987868074722611733e-01
6.320000000000000062e-01 4.932730886399820380e-01
6.400000000000000133e-01 4.899226477807670510e-01
6.480000000000000204e-01 4.904970548956568144e-01
6.560000000000000275e-01 4.929872075968231848e-01
6.640000000000000346e-01 4.933694181826893677e-01
6.720000000000000417e-01 4.889945812200818254e-01
6.800000000000000488e-01 4.808665702012154819e-01
6.880000000000000560e-01 4.736071881376504589e-01
6.960000000000000631e-01 4.700405188624184882e-01
7.040000000000000702e-01 4.679320968136192471e-01
7.120000000000000773e-01 4.650452531255790389e-01
7.200000000000000844e-01 4.629477461764857638e-01
7.280000000000000915e-01 4.641999986252431931e-01
7.360000000000000986e-01 4.680373767109695660e-01
7.440000000000001057e-01 4.704470015354780266e-01
7.520000000000001128e-01 4.694396544996395915e-01
7.600000000000001199e-01 4.669795780573059440e-01
7.680000000000001270e-01 4.652329696107533330e-01
7.760000000000001341e-01 4.654097131858810910e-01
7.840000000000001412e-01 4.686504036475686030e-01
7.920000000000001483e-01 4.740274343219921804e-01
8.000000000000001554e-01 4.781116445826991690e-01
8.080000000000001625e-01 4.789631612157295715e-01
8.159999999999999476e-01 4.780118365638412747e-01
8.239999999999999547e-01 4.779338453731408753e-01
8.319999999999999618e-01 4.806452941671979784e-01
8.399999999999999689e-01 4.848479173438621781e-01
8.479999999999999760e-01 4.860155548511417289e-01
8.559999999999999831e-01 4.816727193272841157e-01
8.639999999999999902e-01 4.742211436982234352e-01
8.719999999999999973e-01 4.685296620137482382e-01
8.800000000000000044e-01 4.681370143332248546e-01
8.880000000000000115e-01 4.724771193602413377e-01
8.960000000000000187e-01 4.790593543047958480e-01
9.040000000000000258e-01 4.865251356052053278e-01
9.120000000000000329e-01 4.926812659555719343e-01
9.200000000000000400e-01 4.945555580716764488e-01
9.280000000000000471e-01 4.928169531953501270e-01
9.360000000000000542e-01 4.909701632022954731e-01
9.440000000000000613e-01 4.900900642858954104e-01
9.520000000000000684e-01 4.896665724181419321e-01
9.600000000000000755e-01 4.909408198131441359e-01
9.680000000000000826e-01 4.939991212806572052e-01
9.760000000000000897e-01 4.966555419297750684e-01
9.840000000000000968e-01 4.991509722114630954e-01
9.920000000000001039e-01 5.036485584639842639e-01
9.999999999999998890e-01 5.086982190176240204e-01
1.008000000000000007e+00 5.098985421358268599e-01
1.016000000000000014e+00 5.064013673599099263e-01
1.024000000000000021e+00 5.020921376781304346e-01
1.032000000000000028e+00 4.995150096216774971e-01
1.040000000000000036e+00 4.969609326380454162e-01
1.048000000000000043e+00 4.921602054607622789e-01
1.056000000000000050e+00 4.862963937450727747e-01
1.064000000000000057e+00 4.834944327999446401e-01
1.072000000000000064e+00 4.857078421058356743e-01
1.080000000000000071e+00 4.895841562707332617e-01
1.088000000000000078e+00 4.904677744404835615e-01
1.096000000000000085e+00 4.878933713160484853e-01
1.104000000000000092e+00 4.848117520417700721e-01
1.112000000000000099e+00 4.827089193097943709e-01
1.120000000000000107e+00 4.804602495966320830e-01
1.128000000000000114e+00 4.769659771104313717e-01
1.136000000000000121e+00 4.728176180903232995e-01
1.144000000000000128e+00 4.700230474903638878e-01
1.152000000000000135e+00 4.698513392871326855e-01
1.160000000000000142e+00 4.715299320440367037e-01
1.168000000000000149e+00 4.737662039948530857e-01
1.176000000000000156e+00 4.756994341119770708e-01
1.184000000000000163e+00 4.766419379448243454e-01
1.192000000000000171e+00 4.759915451866411629e-01
1.200000000000000178e+00 4.736681935430999135e-01
1.208000000000000185e+00 4.712503332809823142e-01
1.216000000000000192e+00 4.708187179309783477e-01
1.224000000000000199e+00 4.720277728614267199e-01
1.232000000000000206e+00 4.732477818845154394e-01
1.240000000000000213e+00 4.754636512405710502e-01
1.247999999999999776e+00 4.805421996304139465e-01
1.255999999999999783e+00 4.857774789927676862e-01
1.263999999999999790e+00 4.867216699242696842e-01
1.271999999999999797e+00 4.844063021990160367e-01
1.279999999999999805e+00 4.831930376086208123e-01
1.287999999999999812e+00 4.846245470627215668e-01
1.295999999999999819e+00 4.876110905744278079e-01
1.303999999999999826e+00 4.912929406359512474e-01
1.311999999999999833e+00 4.957488320467299814e-01
1.319999999999999840e+00 5.016092993543835865e-01
1.327999999999999847e+00 5.096432234949181961e-01
1.335999999999999854e+00 5.193780942137569134e-01
1.343999999999999861e+00 5.288180097074655084e-01
1.351999999999999869e+00 5.370699158726479627e-01
1.359999999999999876e+00 5.450628555505431239e-01
1.367999999999999883e+00 5.529688741110327932e-01
1.375999999999999890e+00 5.590583219254652292e-01
1.383999999999999897e+00 5.617230217432968020e-01
1.391999999999999904e+00 5.614388256878592998e-01
1.399999999999999911e+00 5.589717584988989074e-01
1.407999999999999918e+00 5.542239176696565073e-01
1.415999999999999925e+00 5.488496194865796207e-01
1.423999999999999932e+00 5.453120510949798216e-01
1.431999999999999940e+00 5.433069517825920292e-01
1.439999999999999947e+00 5.410146065966554563e-01
1.447999999999999954e+00 5.376713349230123340e-01
1.455999999999999961e+00 5.332337210141770978e-01
1.463999999999999968e+00 5.283161504221561833e-01
1.471999999999999975e+00 5.249590177007459335e-01
1.479999999999999982e+00 5.244727877536488059e-01
1.487999999999999989e+00 5.250808661836248170e-01
1.495999999999999996e+00 5.250647337953663341e-01
1.504000000000000004e+00 5.257326784125597730e-01
