0.000000000000000000e+00 2.328887645289053676e+00
8.000000000000007105e-03 2.183856641270549570e+00
1.600000000000001421e-02 1.873009916836094080e+00
2.400000000000002132e-02 1.504191074792830873e+00
3.200000000000002842e-02 1.177696667929547969e+00
4.000000000000003553e-02 9.406214625393204409e-01
4.799999999999998712e-02 7.919361174075215670e-01
5.599999999999999423e-02 7.090927039416373701e-01
6.400000000000000133e-02 6.695304344653366657e-01
7.200000000000000844e-02 6.615114903028671556e-01
7.999999999999996003e-02 6.706254644152107591e-01
8.799999999999996714e-02 6.695705300290775153e-01
9.599999999999997424e-02 6.380554752381569772e-01
1.039999999999999813e-01 5.802876064311174309e-01
1.119999999999999885e-01 5.207052318282811010e-01
1.199999999999999956e-01 4.864393871410342407e-01
1.280000000000000027e-01 4.866678690571739074e-01
1.360000000000000098e-01 5.098335100920357021e-01
1.440000000000000169e-01 5.364837376434978822e-01
1.520000000000000240e-01 5.497508986949588561e-01
1.600000000000000311e-01 5.433483940033938531e-01
1.680000000000000382e-01 5.224569908975805754e-01
1.760000000000000453e-01 4.975603456851303563e-01
1.840000000000000524e-01 4.824991211911444644e-01
1.920000000000000595e-01 4.870188819990343143e-01
2.000000000000000666e-01 5.066438241501401984e-01
2.080000000000000737e-01 5.308763339972460971e-01
2.159999999999999698e-01 5.515334606185677835e-01
2.239999999999999769e-01 5.608984415744746599e-01
2.319999999999999840e-01 5.569138663395531985e-01
2.399999999999999911e-01 5.427109323956867959e-01
2.479999999999999982e-01 5.206741010016934235e-01
2.560000000000000053e-01 4.965608756194661022e-01
2.640000000000000124e-01 4.800801617658078668e-01
2.720000000000000195e-01 4.783356272351157457e-01
2.799999999999999156e-01 4.903017487245517336e-01
2.879999999999999227e-01 5.067749838557340514e-01
2.959999999999999298e-01 5.184935643581013442e-01
3.039999999999999369e-01 5.209905451503172857e-01
3.119999999999999440e-01 5.142926618542542627e-01
3.199999999999999512e-01 5.042228393041150447e-01
3.279999999999999583e-01 4.983725031165628372e-01
3.359999999999999654e-01 4.983570563552391364e-01
3.439999999999999725e-01 5.017778628531031071e-01
3.519999999999999796e-01 5.080166064836892925e-01
3.599999999999999867e-01 5.154300349390639191e-01
3.679999999999999938e-01 5.200046274705936167e-01
3.760000000000000009e-01 5.198255876389756835e-01
3.840000000000000080e-01 5.166086254871326000e-01
3.920000000000000151e-01 5.145285675003726800e-01
4.000000000000000222e-01 5.161092059407459409e-01
4.080000000000000293e-01 5.201151475378390510e-01
4.160000000000000364e-01 5.242884285848898873e-01
4.240000000000000435e-01 5.259445099558366365e-01
4.320000000000000506e-01 5.243255531848362017e-01
4.399999999999999467e-01 5.228160962101937592e-01
4.479999999999999538e-01 5.242666786619135655e-01
4.559999999999999609e-01 5.277548207223788923e-01
4.639999999999999680e-01 5.302079073077102800e-01
4.719999999999999751e-01 5.294660401672366401e-01
4.799999999999999822e-01 5.271446215353959852e-01
4.879999999999999893e-01 5.260017820939388855e-01
4.959999999999999964e-01 5.251157932549711527e-01
5.040000000000000036e-01 5.224033920874580073e-01
5.120000000000000107e-01 5.177635810454062071e-01
5.200000000000000178e-01 5.115270238351439236e-01
5.280000000000000249e-01 5.062178134502927085e-01
5.360000000000000320e-01 5.058703530405106452e-01
5.440000000000000391e-01 5.095617182589823324e-01
5.520000000000000462e-01 5.124880148284476356e-01
5.599999999999999423e-01 5.122417148347447879e-01
5.679999999999999494e-01 5.094626590130421073e-01
5.759999999999999565e-01 5.062549712965226378e-01
5.839999999999999636e-01 5.046481079613566179e-01
5.919999999999999707e-01 5.030246707671767181e-01
5.999999999999999778e-01 4.982111352065158871e-01
6.079999999999999849e-01 4.913720003340621423e-01
6.159999999999999920e-01 4.856586665338289976e-01
6.239999999999999991e-01 4.833426535612874164e-01
6.320000000000000062e-01 4.859821467335693201e-01
6.400000000000000133e-01 4.926709314364285941e-01
6.480000000000000204e-01 5.015783322201049499e-01
6.560000000000000275e-01 5.088885853254532243e-01
6.640000000000000346e-01 5.093304947987914444e-01
6.720000000000000417e-01 5.049688846350491866e-01
6.800000000000000488e-01 5.021532356506847039e-01
6.880000000000000560e-01 5.014468737142235844e-01
6.960000000000000631e-01 5.001105418002558256e-01
7.040000000000000702e-01 4.973630837848518893e-01
7.120000000000000773e-01 4.950452576290180207e-01
7.200000000000000844e-01 4.954485678425679662e-01
7.280000000000000915e-01 4.972355916637770656e-01
7.360000000000000986e-01 4.969266058190303648e-01
7.440000000000001057e-01 4.937619147801226571e-01
7.520000000000001128e-01 4.895950685761626953e-01
7.600000000000001199e-01 4.877299575925366226e-01
7.680000000000001270e-01 4.909003375975699024e-01
7.760000000000001341e-01 4.973765907465615421e-01
7.840000000000001412e-01 5.039339148203633156e-01
7.920000000000001483e-01 5.094505068013236437e-01
8.000000000000001554e-01 5.122699671838255586e-01
8.080000000000001625e-01 5.117406846653859143e-01
8.159999999999999476e-01 5.097873486725892356e-01
8.239999999999999547e-01 5.069356589451814443e-01
8.319999999999999618e-01 5.032018308642546289e-01
8.399999999999999689e-01 5.000415438443599481e-01
8.479999999999999760e-01 4.985587624422376796e-01
8.559999999999999831e-01 5.012176347149903677e-01
8.639999999999999902e-01 5.096342016722298363e-01
8.719999999999999973e-01 5.200036368138536425e-01
8.800000000000000044e-01 5.288553501411727975e-01
8.880000000000000115e-01 5.354562840474810237e-01
8.960000000000000187e-01 5.388800407197157361e-01
9.040000000000000258e-01 5.400769666718797657e-01
9.120000000000000329e-01 5.393092239913316321e-01
9.200000000000000400e-01 5.359045648140746687e-01
9.280000000000000471e-01 5.328569238707453470e-01
9.360000000000000542e-01 5.318347587086790229e-01
9.440000000000000613e-01 5.294292765667845124e-01
9.520000000000000684e-01 5.237856093703092686e-01
9.600000000000000755e-01 5.197159543277858340e-01
9.680000000000000826e-01 5.208966866035998899e-01
9.760000000000000897e-01 5.211184788028683235e-01
9.840000000000000968e-01 5.141860145277775684e-01
9.920000000000001039e-01 5.042236230394542273e-01
9.999999999999998890e-01 4.986372413401411463e-01
1.008000000000000007e+00 4.986385914566199284e-01
1.016000000000000014e+00 5.006512055793015392e-01
1.024000000000000021e+00 5.033681854414712165e-01
1.032000000000000028e+00 5.064236992703495810e-01
1.040000000000000036e+00 5.088641355421374968e-01
1.048000000000000043e+00 5.125539155287287540e-01
1.056000000000000050e+00 5.171399584410940609e-01
1.064000000000000057e+00 5.189858163864362606e-01
1.072000000000000064e+00 5.171859917584635813e-01
1.080000000000000071e+00 5.130487330396366064e-01
1.088000000000000078e+00 5.104311160396377556e-01
1.096000000000000085e+00 5.125757582430342518e-01
1.104000000000000092e+00 5.148975022573751836e-01
1.112000000000000099e+00 5.120580904332485694e-01
1.120000000000000107e+00 5.067164857660435562e-01
1.128000000000000114e+00 5.029073856293942990e-01
1.136000000000000121e+00 5.009049427101109897e-01
1.144000000000000128e+00 5.007292617980876326e-01
1.152000000000000135e+00 5.027790434611922876e-01
1.160000000000000142e+00 5.071202694865158955e-01
1.168000000000000149e+00 5.134876761242934684e-01
1.176000000000000156e+00 5.198431307700311921e-01
1.184000000000000163e+00 5.240824294246382298e-01
1.192000000000000171e+00 5.252741131041748224e-01
1.200000000000000178e+00 5.214400981912836741e-01
1.208000000000000185e+00 5.125213459988359199e-01
1.216000000000000192e+00 5.038967386140846827e-01
1.224000000000000199e+00 5.011303274027806287e-01
1.232000000000000206e+00 5.060908385123796815e-01
1.240000000000000213e+00 5.174120540119299116e-01
1.247999999999999776e+00 5.286938803854014379e-01
1.255999999999999783e+00 5.334804473345671205e-01
1.263999999999999790e+00 5.326974980509323609e-01
1.271999999999999797e+00 5.303836972887472356e-01
1.279999999999999805e+00 5.286831449767650515e-01
1.287999999999999812e+00 5.276359557828889102e-01
1.295999999999999819e+00 5.242151715401575096e-01
1.303999999999999826e+00 5.164309818450065759e-01
1.311999999999999833e+00 5.067232242712874646e-01
1.319999999999999840e+00 4.973351751558288125e-01
1.327999999999999847e+00 4.909308282789698885e-01
1.335999999999999854e+00 4.922465495928892709e-01
1.343999999999999861e+00 4.994426338041718649e-01
1.351999999999999869e+00 5.061203312434475743e-01
1.359999999999999876e+00 5.128685758547590900e-01
1.367999999999999883e+00 5.234697899645941455e-01
1.375999999999999890e+00 5.379535354121081081e-01
1.383999999999999897e+00 5.537876336813484235e-01
1.391999999999999904e+00 5.675426296087046074e-01
1.399999999999999911e+00 5.762629091503818080e-01
1.407999999999999918e+00 5.787110203095414684e-01
1.415999999999999925e+00 5.791038961720972322e-01
1.423999999999999932e+00 5.837368701754570566e-01
1.431999999999999940e+00 5.896039685288138044e-01
1.439999999999999947e+00 5.887239337697320885e-01
1.447999999999999954e+00 5.810248386151065647e-01
1.455999999999999961e+00 5.724946618207085169e-01
1.463999999999999968e+00 5.659265696473597673e-01
1.471999999999999975e+00 5.610234962031246386e-01
1.479999999999999982e+00 5.593645331264992526e-01
1.487999999999999989e+00 5.604780149954399215e-01
1.495999999999999996e+00 5.605380753676318939e-01
1.504000000000000004e+00 5.602015953074660493e-01
