0.000000000000000000e+00 2.582789285203466623e+00
8.000000000000007105e-03 2.300401117972716403e+00
1.600000000000001421e-02 1.784934130423789123e+00
2.400000000000002132e-02 1.319736753447570132e+00
3.200000000000002842e-02 9.540997408007706460e-01
4.000000000000003553e-02 7.108734190555856536e-01
4.799999999999998712e-02 5.923675924072793197e-01
5.599999999999999423e-02 5.479500142213319380e-01
6.400000000000000133e-02 5.664697063304915403e-01
7.200000000000000844e-02 6.283499532954905931e-01
7.999999999999996003e-02 6.736675983113489252e-01
8.799999999999996714e-02 6.627001631499702672e-01
9.599999999999997424e-02 5.970270558860194532e-01
1.039999999999999813e-01 5.125457721240651576e-01
1.119999999999999885e-01 4.506079148824225222e-01
1.199999999999999956e-01 4.326261193416460205e-01
1.280000000000000027e-01 4.641705200041997825e-01
1.360000000000000098e-01 5.248003769804057139e-01
1.440000000000000169e-01 5.748842888469372081e-01
1.520000000000000240e-01 5.907085901618416290e-01
1.600000000000000311e-01 5.747976030580149720e-01
1.680000000000000382e-01 5.418470105088012412e-01
1.760000000000000453e-01 5.029128435775926942e-01
1.840000000000000524e-01 4.720227832092655507e-01
1.920000000000000595e-01 4.699697964040753240e-01
2.000000000000000666e-01 4.988613428102016134e-01
2.080000000000000737e-01 5.409927377636736257e-01
2.159999999999999698e-01 5.739919863896780772e-01
2.239999999999999769e-01 5.828332988932820591e-01
2.319999999999999840e-01 5.709280595029239125e-01
2.399999999999999911e-01 5.454046586106737760e-01
2.479999999999999982e-01 5.130833844508402297e-01
2.560000000000000053e-01 4.879704050577507446e-01
2.640000000000000124e-01 4.828138077167939413e-01
2.720000000000000195e-01 4.930048352820809998e-01
2.799999999999999156e-01 5.078859411230929322e-01
2.879999999999999227e-01 5.220623799560174527e-01
2.959999999999999298e-01 5.277104779211483354e-01
3.039999999999999369e-01 5.218372718432431334e-01
3.119999999999999440e-01 5.073997386311490665e-01
3.199999999999999512e-01 4.928153160294194701e-01
3.279999999999999583e-01 4.839045723257845433e-01
3.359999999999999654e-01 4.804806340122543817e-01
3.439999999999999725e-01 4.863329258474157202e-01
3.519999999999999796e-01 4.985985401670807171e-01
3.599999999999999867e-01 5.071070556653975991e-01
3.679999999999999938e-01 5.092243794087338848e-01
3.760000000000000009e-01 5.082626611752723012e-01
3.840000000000000080e-01 5.051031912346380937e-01
3.920000000000000151e-01 5.004716823787046520e-01
4.000000000000000222e-01 5.029427995290605136e-01
4.080000000000000293e-01 5.154095142399698348e-01
4.160000000000000364e-01 5.289868592155566596e-01
4.240000000000000435e-01 5.428588061204455695e-01
4.320000000000000506e-01 5.540578904526425319e-01
4.399999999999999467e-01 5.541158525700858872e-01
4.479999999999999538e-01 5.481381853544564642e-01
4.559999999999999609e-01 5.434944664406530235e-01
4.639999999999999680e-01 5.437570522339398860e-01
4.719999999999999751e-01 5.438582192115098968e-01
4.799999999999999822e-01 5.356480019041655050e-01
4.879999999999999893e-01 5.238098229405674378e-01
4.959999999999999964e-01 5.146264518418720568e-01
5.040000000000000036e-01 5.097915016702372348e-01
5.120000000000000107e-01 5.102148919258998605e-01
5.200000000000000178e-01 5.114695291460656934e-01
5.280000000000000249e-01 5.084422166850642855e-01
5.360000000000000320e-01 5.061481912952875417e-01
5.440000000000000391e-01 5.034138425034765385e-01
5.520000000000000462e-01 4.988545922931268972e-01
5.599999999999999423e-01 5.036191777149735538e-01
5.679999999999999494e-01 5.156329133202449677e-01
5.759999999999999565e-01 5.194013878540811868e-01
5.839999999999999636e-01 5.144914493699753733e-01
5.919999999999999707e-01 5.136805830399863160e-01
5.999999999999999778e-01 5.188369250728787074e-01
6.079999999999999849e-01 5.207887644983001385e-01
6.159999999999999920e-01 5.165739264985709234e-01
6.239999999999999991e-01 5.147112168221871231e-01
6.320000000000000062e-01 5.191697917068590629e-01
6.400000000000000133e-01 5.213067854533238732e-01
6.480000000000000204e-01 5.168869532499563713e-01
6.560000000000000275e-01 5.114497743380870265e-01
6.640000000000000346e-01 5.083733411319091289e-01
6.720000000000000417e-01 5.101438576275822978e-01
6.800000000000000488e-01 5.163779325220440031e-01
6.880000000000000560e-01 5.207724676597741409e-01
6.960000000000000631e-01 5.281173669124232806e-01
7.040000000000000702e-01 5.386308261380406970e-01
7.120000000000000773e-01 5.388408410615169730e-01
7.200000000000000844e-01 5.337197718591115692e-01
7.280000000000000915e-01 5.319989151255790638e-01
7.360000000000000986e-01 5.287255138430380086e-01
7.440000000000001057e-01 5.229307757777340582e-01
7.520000000000001128e-01 5.164314632302073882e-01
7.600000000000001199e-01 5.110477823119394802e-01
7.680000000000001270e-01 5.094362919844759308e-01
7.760000000000001341e-01 5.066929651963903991e-01
7.840000000000001412e-01 5.046464182029054557e-01
7.920000000000001483e-01 5.083737956789632362e-01
8.000000000000001554e-01 5.100463657291448571e-01
8.080000000000001625e-01 5.108966250307093171e-01
8.159999999999999476e-01 5.175220153551316482e-01
8.239999999999999547e-01 5.227588688927805594e-01
8.319999999999999618e-01 5.199550518336384375e-01
8.399999999999999689e-01 5.165217918036973943e-01
8.479999999999999760e-01 5.214648282478494545e-01
8.559999999999999831e-01 5.303043906008191311e-01
8.639999999999999902e-01 5.336447996521238579e-01
8.719999999999999973e-01 5.348334282400676321e-01
8.800000000000000044e-01 5.363984631913955026e-01
8.880000000000000115e-01 5.370804061834069110e-01
8.960000000000000187e-01 5.400733379127113931e-01
9.040000000000000258e-01 5.387080584056144206e-01
9.120000000000000329e-01 5.296805048360457846e-01
9.200000000000000400e-01 5.178204030126712931e-01
9.280000000000000471e-01 5.095426179002343625e-01
9.360000000000000542e-01 5.141211781942859327e-01
9.440000000000000613e-01 5.252490466895320953e-01
9.520000000000000684e-01 5.293159962495230797e-01
9.600000000000000755e-01 5.272660278071704676e-01
9.680000000000000826e-01 5.231698595188083445e-01
9.760000000000000897e-01 5.167541805544825229e-01
9.840000000000000968e-01 5.140409291132302938e-01
9.920000000000001039e-01 5.179329123421512193e-01
9.999999999999998890e-01 5.227492085942772038e-01
1.008000000000000007e+00 5.268645735361252580e-01
1.016000000000000014e+00 5.299833920441719970e-01
1.024000000000000021e+00 5.266807701105471473e-01
1.032000000000000028e+00 5.179352837369046725e-01
1.040000000000000036e+00 5.159524172131527697e-01
1.048000000000000043e+00 5.182674291596811589e-01
1.056000000000000050e+00 5.174733353333919039e-01
1.064000000000000057e+00 5.190718127137826654e-01
1.072000000000000064e+00 5.225277197019051467e-01
1.080000000000000071e+00 5.231397142523331878e-01
1.088000000000000078e+00 5.229955815622910897e-01
1.096000000000000085e+00 5.258029944502328190e-01
1.104000000000000092e+00 5.284182052478170188e-01
1.112000000000000099e+00 5.278756148404053494e-01
1.120000000000000107e+00 5.272743280093892260e-01
1.128000000000000114e+00 5.259649505092144350e-01
1.136000000000000121e+00 5.236248547727895275e-01
1.144000000000000128e+00 5.227464258821539200e-01
1.152000000000000135e+00 5.208485628264722944e-01
1.160000000000000142e+00 5.199699602392374720e-01
1.168000000000000149e+00 5.217755630615260598e-01
1.176000000000000156e+00 5.232865510460672498e-01
1.184000000000000163e+00 5.217992190438556221e-01
1.192000000000000171e+00 5.185910961683722897e-01
1.200000000000000178e+00 5.207901630828294381e-01
1.208000000000000185e+00 5.243078329441835939e-01
1.216000000000000192e+00 5.244287314098656783e-01
1.224000000000000199e+00 5.262396768238468692e-01
1.232000000000000206e+00 5.313791262748024380e-01
1.240000000000000213e+00 5.360419089838994733e-01
1.247999999999999776e+00 5.356037139499035815e-01
1.255999999999999783e+00 5.317187947194488284e-01
1.263999999999999790e+00 5.263910358415528901e-01
1.271999999999999797e+00 5.208567614882141372e-01
1.279999999999999805e+00 5.160605429891957918e-01
1.287999999999999812e+00 5.091244927195844872e-01
1.295999999999999819e+00 5.045318882329902221e-01
1.303999999999999826e+00 5.057270487516287716e-01
1.311999999999999833e+00 5.043234602997453964e-01
1.319999999999999840e+00 5.027336693860728900e-01
1.327999999999999847e+00 5.090842184790111968e-01
1.335999999999999854e+00 5.165848095868262879e-01
1.343999999999999861e+00 5.227866286003604035e-01
1.351999999999999869e+00 5.275070685684554173e-01
1.359999999999999876e+00 5.297159463475804575e-01
1.367999999999999883e+00 5.374591120195266747e-01
1.375999999999999890e+00 5.550978247753319827e-01
1.383999999999999897e+00 5.749277421296308255e-01
1.391999999999999904e+00 5.851303860265559820e-01
1.399999999999999911e+00 5.842191512937695563e-01
1.407999999999999918e+00 5.800821999614352853e-01
1.415999999999999925e+00 5.767248408622963618e-01
1.423999999999999932e+00 5.726285590025718131e-01
1.431999999999999940e+00 5.699667599391987638e-01
1.439999999999999947e+00 5.668459179698984718e-01
1.447999999999999954e+00 5.598046312341981023e-01
1.455999999999999961e+00 5.528425266651805225e-01
1.463999999999999968e+00 5.498394941012078041e-01
1.471999999999999975e+00 5.507891425130563290e-01
1.479999999999999982e+00 5.523357469914991213e-01
1.487999999999999989e+00 5.518205859372500299e-01
1.495999999999999996e+00 5.484185300609105695e-01
1.504000000000000004e+00 5.471907243721214620e-01
