0.000000000000000000e+00 2.755807770722981775e+00
8.000000000000007105e-03 2.411560632819624850e+00
1.600000000000001421e-02 1.821613045273955844e+00
2.400000000000002132e-02 1.307651020941923870e+00
3.200000000000002842e-02 9.294323693167192424e-01
4.000000000000003553e-02 7.035454074330387275e-01
4.799999999999998712e-02 5.951463436823520858e-01
5.599999999999999423e-02 5.503364796046101848e-01
6.400000000000000133e-02 6.230641761833007886e-01
7.200000000000000844e-02 7.732015874827832258e-01
7.999999999999996003e-02 8.616154647238194464e-01
8.799999999999996714e-02 8.231177225346998361e-01
9.599999999999997424e-02 6.991365940431033543e-01
1.039999999999999813e-01 5.665059872497177906e-01
1.119999999999999885e-01 4.773044187742491173e-01
1.199999999999999956e-01 4.580089215583017515e-01
1.280000000000000027e-01 4.997964047878014626e-01
1.360000000000000098e-01 5.743247680161339686e-01
1.440000000000000169e-01 6.479994836908972156e-01
1.520000000000000240e-01 6.823621390806910991e-01
1.600000000000000311e-01 6.654713885380183491e-01
1.680000000000000382e-01 6.101329883973141133e-01
1.760000000000000453e-01 5.462096853171138910e-01
1.840000000000000524e-01 5.087126793712490880e-01
1.920000000000000595e-01 5.105804251016705653e-01
2.000000000000000666e-01 5.435903223774759541e-01
2.080000000000000737e-01 5.928159857503584318e-01
2.159999999999999698e-01 6.384898675635990450e-01
2.239999999999999769e-01 6.582059662520325372e-01
2.319999999999999840e-01 6.422676405925095144e-01
2.399999999999999911e-01 6.079984171648185054e-01
2.479999999999999982e-01 5.762315699000827296e-01
2.560000000000000053e-01 5.533460666368816838e-01
2.640000000000000124e-01 5.498052072738361939e-01
2.720000000000000195e-01 5.679539465464398251e-01
2.799999999999999156e-01 5.966735847671029713e-01
2.879999999999999227e-01 6.180421788640818592e-01
2.959999999999999298e-01 6.267821620565304785e-01
3.039999999999999369e-01 6.243010062604622545e-01
3.119999999999999440e-01 6.013368056367671688e-01
3.199999999999999512e-01 5.760517149489753352e-01
3.279999999999999583e-01 5.603422168063120212e-01
3.359999999999999654e-01 5.479164728121992400e-01
3.439999999999999725e-01 5.533440177409161276e-01
3.519999999999999796e-01 5.751574768028683282e-01
3.599999999999999867e-01 5.924674902073161498e-01
3.679999999999999938e-01 6.016546721257709507e-01
3.760000000000000009e-01 5.993123901380515983e-01
3.840000000000000080e-01 5.924667083904668896e-01
3.920000000000000151e-01 5.887649466500036732e-01
4.000000000000000222e-01 5.800876038449748195e-01
4.080000000000000293e-01 5.729491572408584865e-01
4.160000000000000364e-01 5.733199201374959975e-01
4.240000000000000435e-01 5.756048567956523199e-01
4.320000000000000506e-01 5.821995875255568942e-01
4.399999999999999467e-01 5.878929097418729155e-01
4.479999999999999538e-01 5.872264146620209679e-01
4.559999999999999609e-01 5.846563760983317648e-01
4.639999999999999680e-01 5.851847815434690903e-01
4.719999999999999751e-01 5.849863552483971496e-01
4.799999999999999822e-01 5.751645819935842230e-01
4.879999999999999893e-01 5.692037138168284383e-01
4.959999999999999964e-01 5.718318200349630231e-01
5.040000000000000036e-01 5.749322388450728294e-01
5.120000000000000107e-01 5.775436008628009876e-01
5.200000000000000178e-01 5.804342296671315404e-01
5.280000000000000249e-01 5.832922945474622312e-01
5.360000000000000320e-01 5.826501268552393142e-01
5.440000000000000391e-01 5.834547548433277608e-01
5.520000000000000462e-01 5.880300818963364318e-01
5.599999999999999423e-01 5.907754184902834771e-01
5.679999999999999494e-01 5.937469691548582507e-01
5.759999999999999565e-01 5.938823862326962910e-01
5.839999999999999636e-01 5.880788037875294139e-01
5.919999999999999707e-01 5.777310029148093884e-01
5.999999999999999778e-01 5.729695582175790003e-01
6.079999999999999849e-01 5.831772030549993158e-01
6.159999999999999920e-01 5.933618191949584508e-01
6.239999999999999991e-01 5.951459322546338582e-01
6.320000000000000062e-01 5.961865565578643444e-01
6.400000000000000133e-01 6.032095660685561356e-01
6.480000000000000204e-01 6.075530353991474009e-01
6.560000000000000275e-01 6.121162984260148932e-01
6.640000000000000346e-01 6.189158640876982753e-01
6.720000000000000417e-01 6.117690383562343071e-01
6.800000000000000488e-01 6.002971764564448698e-01
6.880000000000000560e-01 5.953128454768318312e-01
6.960000000000000631e-01 5.983322659041617753e-01
7.040000000000000702e-01 6.012081589054718567e-01
7.120000000000000773e-01 6.017707735979642703e-01
7.200000000000000844e-01 6.033798959652439953e-01
7.280000000000000915e-01 6.063217520779746739e-01
7.360000000000000986e-01 6.045797290552368253e-01
7.440000000000001057e-01 5.981940438150823436e-01
7.520000000000001128e-01 5.948306496406741140e-01
7.600000000000001199e-01 5.854865643267882502e-01
7.680000000000001270e-01 5.769905496396601219e-01
7.760000000000001341e-01 5.809364341291098910e-01
7.840000000000001412e-01 5.846704250842187367e-01
7.920000000000001483e-01 5.867655047592572615e-01
8.000000000000001554e-01 5.920543343186783769e-01
8.080000000000001625e-01 5.940737010540692031e-01
8.159999999999999476e-01 5.940937939734609596e-01
8.239999999999999547e-01 5.898232172801795015e-01
8.319999999999999618e-01 5.809132487436138303e-01
8.399999999999999689e-01 5.781814364981467946e-01
8.479999999999999760e-01 5.761755067148787157e-01
8.559999999999999831e-01 5.712478262930896777e-01
8.639999999999999902e-01 5.769253709495026916e-01
8.719999999999999973e-01 5.876163064141054493e-01
8.800000000000000044e-01 5.896869980373994347e-01
8.880000000000000115e-01 5.865796009654146159e-01
8.960000000000000187e-01 5.810106038997113753e-01
9.040000000000000258e-01 5.795896647858355122e-01
9.120000000000000329e-01 5.796577957056137098e-01
9.200000000000000400e-01 5.799892385069794765e-01
9.280000000000000471e-01 5.910747742737166854e-01
9.360000000000000542e-01 6.033334334551483380e-01
9.440000000000000613e-01 6.080053932552016427e-01
9.520000000000000684e-01 6.096617297656987677e-01
9.600000000000000755e-01 6.062881155730833749e-01
9.680000000000000826e-01 6.039993347328729278e-01
9.760000000000000897e-01 6.036105696031194290e-01
9.840000000000000968e-01 5.945532007790457207e-01
9.920000000000001039e-01 5.826352240637799884e-01
9.999999999999998890e-01 5.770319414268521019e-01
1.008000000000000007e+00 5.797335040585163135e-01
1.016000000000000014e+00 5.816999016180209869e-01
1.024000000000000021e+00 5.848862113634352156e-01
1.032000000000000028e+00 5.897382208238267642e-01
1.040000000000000036e+00 5.926394104057400858e-01
1.048000000000000043e+00 5.930922672268670315e-01
1.056000000000000050e+00 5.874260941901603417e-01
1.064000000000000057e+00 5.816680509766514184e-01
1.072000000000000064e+00 5.855492083754645360e-01
1.080000000000000071e+00 5.896191960342963556e-01
1.088000000000000078e+00 5.870172531489952217e-01
1.096000000000000085e+00 5.916237372406599748e-01
1.104000000000000092e+00 5.951246087770208915e-01
1.112000000000000099e+00 5.898286459749603194e-01
1.120000000000000107e+00 5.844065614257095698e-01
1.128000000000000114e+00 5.813897271162478120e-01
1.136000000000000121e+00 5.742688275929506148e-01
1.144000000000000128e+00 5.710724016716820506e-01
1.152000000000000135e+00 5.738758452401507837e-01
1.160000000000000142e+00 5.784786744126164670e-01
1.168000000000000149e+00 5.860046603571192891e-01
1.176000000000000156e+00 5.910914793604186146e-01
1.184000000000000163e+00 5.947971937743461446e-01
1.192000000000000171e+00 5.938017827394975745e-01
1.200000000000000178e+00 5.898874320297219365e-01
1.208000000000000185e+00 5.847421151843008591e-01
1.216000000000000192e+00 5.846006514973066670e-01
1.224000000000000199e+00 5.840386314432280956e-01
1.232000000000000206e+00 5.804428971384739677e-01
1.240000000000000213e+00 5.806602363781313558e-01
1.247999999999999776e+00 5.788128037404532966e-01
1.255999999999999783e+00 5.782749721877206150e-01
1.263999999999999790e+00 5.796018756410654671e-01
1.271999999999999797e+00 5.817809958564369444e-01
1.279999999999999805e+00 5.805956055123661086e-01
1.287999999999999812e+00 5.738053252863617448e-01
1.295999999999999819e+00 5.779609613103219301e-01
1.303999999999999826e+00 5.973406670079922653e-01
1.311999999999999833e+00 6.088270341062589353e-01
1.319999999999999840e+00 6.013146899765993147e-01
1.327999999999999847e+00 5.901465666966067003e-01
1.335999999999999854e+00 5.823826268606322465e-01
1.343999999999999861e+00 5.816671651887399541e-01
1.351999999999999869e+00 5.851128380838610532e-01
1.359999999999999876e+00 5.881226113274202749e-01
1.367999999999999883e+00 5.943776987249669297e-01
1.375999999999999890e+00 6.086556081153429165e-01
1.383999999999999897e+00 6.315913950497947793e-01
1.391999999999999904e+00 6.495405454195353201e-01
1.399999999999999911e+00 6.534027040929408781e-01
1.407999999999999918e+00 6.456212619946273268e-01
1.415999999999999925e+00 6.329924629607491804e-01
1.423999999999999932e+00 6.193297712856934423e-01
1.431999999999999940e+00 6.065887444656343774e-01
1.439999999999999947e+00 6.086161410879735723e-01
1.447999999999999954e+00 6.266377300894169222e-01
1.455999999999999961e+00 6.436565637492214220e-01
1.463999999999999968e+00 6.501734556697038592e-01
1.471999999999999975e+00 6.484812056139713787e-01
1.479999999999999982e+00 6.454872013250044782e-01
1.487999999999999989e+00 6.418166067696068344e-01
1.495999999999999996e+00 6.292212356304999199e-01
1.504000000000000004e+00 6.182939203029257369e-01
