0.000000000000000000e+00 1.750000000000000000e+02 3.000000000000000000e+02 7.250000000000000000e+02 7.250000000000000000e+02 7.250000000000000000e+02 1.750000000000000000e+02
3.205706789377339716e-02 1.950000000000000000e+02 3.160000000000000000e+02 7.260000000000000000e+02 7.260000000000000000e+02 7.260000000000000000e+02 1.750000000000000000e+02
6.411413578754679432e-02 2.080000000000000000e+02 3.180000000000000000e+02 7.270000000000000000e+02 7.270000000000000000e+02 7.270000000000000000e+02 1.740000000000000000e+02
9.617120368132019148e-02 2.370000000000000000e+02 3.280000000000000000e+02 7.280000000000000000e+02 7.280000000000000000e+02 7.280000000000000000e+02 1.740000000000000000e+02
1.282282715750935886e-01 2.610000000000000000e+02 3.380000000000000000e+02 7.300000000000000000e+02 7.300000000000000000e+02 7.300000000000000000e+02 1.790000000000000000e+02
1.602853394688669719e-01 2.860000000000000000e+02 3.550000000000000000e+02 7.550000000000000000e+02 7.550000000000000000e+02 7.550000000000000000e+02 2.140000000000000000e+02
1.923424073626403830e-01 3.110000000000000000e+02 3.650000000000000000e+02 7.690000000000000000e+02 7.690000000000000000e+02 7.690000000000000000e+02 2.450000000000000000e+02
2.243994752564137940e-01 3.340000000000000000e+02 3.930000000000000000e+02 7.740000000000000000e+02 7.740000000000000000e+02 7.740000000000000000e+02 2.760000000000000000e+02
2.564565431501871773e-01 3.580000000000000000e+02 4.160000000000000000e+02 9.320000000000000000e+02 9.320000000000000000e+02 9.320000000000000000e+02 3.040000000000000000e+02
2.885136110439605606e-01 3.780000000000000000e+02 4.460000000000000000e+02 9.360000000000000000e+02 9.360000000000000000e+02 9.360000000000000000e+02 3.290000000000000000e+02
3.205706789377339438e-01 4.080000000000000000e+02 4.870000000000000000e+02 9.520000000000000000e+02 9.520000000000000000e+02 9.520000000000000000e+02 3.530000000000000000e+02
3.526277468315073826e-01 4.330000000000000000e+02 5.120000000000000000e+02 9.800000000000000000e+02 9.800000000000000000e+02 9.800000000000000000e+02 3.800000000000000000e+02
3.846848147252807659e-01 4.640000000000000000e+02 5.420000000000000000e+02 1.007000000000000000e+03 1.007000000000000000e+03 1.007000000000000000e+03 4.050000000000000000e+02
4.167418826190541492e-01 5.120000000000000000e+02 5.680000000000000000e+02 1.031000000000000000e+03 1.031000000000000000e+03 1.031000000000000000e+03 4.310000000000000000e+02
4.487989505128275880e-01 5.450000000000000000e+02 5.930000000000000000e+02 1.073000000000000000e+03 1.073000000000000000e+03 1.073000000000000000e+03 4.600000000000000000e+02
4.808560184066009713e-01 5.720000000000000000e+02 6.290000000000000000e+02 1.106000000000000000e+03 1.106000000000000000e+03 1.106000000000000000e+03 4.920000000000000000e+02
5.129130863003743546e-01 6.030000000000000000e+02 6.470000000000000000e+02 1.149000000000000000e+03 1.149000000000000000e+03 1.149000000000000000e+03 5.400000000000000000e+02
5.449701541941477378e-01 6.220000000000000000e+02 6.760000000000000000e+02 1.207000000000000000e+03 1.207000000000000000e+03 1.207000000000000000e+03 5.330000000000000000e+02
5.770272220879211211e-01 6.160000000000000000e+02 6.790000000000000000e+02 1.261000000000000000e+03 1.261000000000000000e+03 1.261000000000000000e+03 5.320000000000000000e+02
6.090842899816945044e-01 6.130000000000000000e+02 8.160000000000000000e+02 1.297000000000000000e+03 1.297000000000000000e+03 1.297000000000000000e+03 5.330000000000000000e+02
6.411413578754678877e-01 6.010000000000000000e+02 8.030000000000000000e+02 1.320000000000000000e+03 1.320000000000000000e+03 1.320000000000000000e+03 5.330000000000000000e+02
6.731984257692413820e-01 7.330000000000000000e+02 8.080000000000000000e+02 1.354000000000000000e+03 1.354000000000000000e+03 1.354000000000000000e+03 5.280000000000000000e+02
7.052554936630147653e-01 7.270000000000000000e+02 8.250000000000000000e+02 1.368000000000000000e+03 1.368000000000000000e+03 1.368000000000000000e+03 6.520000000000000000e+02
7.373125615567881486e-01 7.200000000000000000e+02 8.250000000000000000e+02 1.377000000000000000e+03 1.377000000000000000e+03 1.377000000000000000e+03 6.470000000000000000e+02
7.693696294505615318e-01 7.350000000000000000e+02 8.280000000000000000e+02 1.392000000000000000e+03 1.392000000000000000e+03 1.392000000000000000e+03 6.370000000000000000e+02
8.014266973443349151e-01 7.320000000000000000e+02 8.290000000000000000e+02 1.403000000000000000e+03 1.403000000000000000e+03 1.403000000000000000e+03 6.450000000000000000e+02
8.334837652381082984e-01 7.430000000000000000e+02 8.320000000000000000e+02 1.439000000000000000e+03 1.439000000000000000e+03 1.439000000000000000e+03 6.450000000000000000e+02
8.655408331318816817e-01 7.420000000000000000e+02 8.410000000000000000e+02 1.491000000000000000e+03 1.491000000000000000e+03 1.491000000000000000e+03 6.500000000000000000e+02
8.975979010256551760e-01 7.530000000000000000e+02 8.800000000000000000e+02 1.527000000000000000e+03 1.527000000000000000e+03 1.527000000000000000e+03 6.530000000000000000e+02
9.296549689194285593e-01 7.930000000000000000e+02 9.290000000000000000e+02 1.545000000000000000e+03 1.545000000000000000e+03 1.545000000000000000e+03 6.680000000000000000e+02
9.617120368132019426e-01 8.600000000000000000e+02 9.780000000000000000e+02 1.547000000000000000e+03 1.547000000000000000e+03 1.547000000000000000e+03 7.220000000000000000e+02
9.937691047069753258e-01 8.980000000000000000e+02 1.000000000000000000e+03 1.564000000000000000e+03 1.564000000000000000e+03 1.564000000000000000e+03 7.780000000000000000e+02
1.025826172600748709e+00 9.270000000000000000e+02 1.018000000000000000e+03 1.579000000000000000e+03 1.579000000000000000e+03 1.579000000000000000e+03 8.110000000000000000e+02
1.057883240494522203e+00 9.420000000000000000e+02 1.043000000000000000e+03 1.596000000000000000e+03 1.596000000000000000e+03 1.596000000000000000e+03 8.410000000000000000e+02
1.089940308388295476e+00 9.660000000000000000e+02 1.075000000000000000e+03 1.638000000000000000e+03 1.638000000000000000e+03 1.638000000000000000e+03 8.640000000000000000e+02
1.121997376282068970e+00 9.920000000000000000e+02 1.089000000000000000e+03 1.644000000000000000e+03 1.644000000000000000e+03 1.644000000000000000e+03 8.780000000000000000e+02
1.154054444175842242e+00 1.002000000000000000e+03 1.110000000000000000e+03 1.662000000000000000e+03 1.662000000000000000e+03 1.662000000000000000e+03 8.820000000000000000e+02
1.186111512069615737e+00 1.031000000000000000e+03 1.132000000000000000e+03 1.672000000000000000e+03 1.672000000000000000e+03 1.672000000000000000e+03 9.030000000000000000e+02
1.218168579963389009e+00 1.025000000000000000e+03 1.147000000000000000e+03 1.695000000000000000e+03 1.695000000000000000e+03 1.695000000000000000e+03 9.210000000000000000e+02
1.250225647857162503e+00 1.029000000000000000e+03 1.151000000000000000e+03 1.711000000000000000e+03 1.711000000000000000e+03 1.711000000000000000e+03 9.070000000000000000e+02
1.282282715750935775e+00 1.026000000000000000e+03 1.135000000000000000e+03 1.714000000000000000e+03 1.714000000000000000e+03 1.714000000000000000e+03 8.920000000000000000e+02
1.314339783644709270e+00 1.016000000000000000e+03 1.116000000000000000e+03 1.700000000000000000e+03 1.700000000000000000e+03 1.700000000000000000e+03 7.200000000000000000e+02
1.346396851538482764e+00 9.880000000000000000e+02 1.108000000000000000e+03 1.693000000000000000e+03 1.693000000000000000e+03 1.693000000000000000e+03 7.240000000000000000e+02
1.378453919432256036e+00 9.910000000000000000e+02 1.093000000000000000e+03 1.686000000000000000e+03 1.686000000000000000e+03 1.686000000000000000e+03 7.090000000000000000e+02
1.410510987326029531e+00 8.200000000000000000e+02 1.092000000000000000e+03 1.681000000000000000e+03 1.681000000000000000e+03 1.681000000000000000e+03 6.980000000000000000e+02
1.442568055219802803e+00 8.160000000000000000e+02 1.082000000000000000e+03 1.680000000000000000e+03 1.680000000000000000e+03 1.680000000000000000e+03 6.710000000000000000e+02
1.474625123113576297e+00 7.970000000000000000e+02 1.077000000000000000e+03 1.669000000000000000e+03 1.669000000000000000e+03 1.669000000000000000e+03 6.460000000000000000e+02
1.506682191007349569e+00 7.630000000000000000e+02 1.091000000000000000e+03 1.675000000000000000e+03 1.675000000000000000e+03 1.675000000000000000e+03 6.240000000000000000e+02
1.538739258901123064e+00 7.520000000000000000e+02 1.096000000000000000e+03 1.673000000000000000e+03 1.673000000000000000e+03 1.673000000000000000e+03 6.200000000000000000e+02
1.570796326794896558e+00 7.430000000000000000e+02 1.098000000000000000e+03 1.671000000000000000e+03 1.671000000000000000e+03 1.671000000000000000e+03 6.190000000000000000e+02
