0.000000000000000000e+00 6.750000000000000000e+02
3.205706789377339716e-02 6.940000000000000000e+02
6.411413578754679432e-02 6.980000000000000000e+02
9.617120368132019148e-02 6.960000000000000000e+02
1.282282715750935886e-01 6.920000000000000000e+02
1.602853394688669719e-01 6.750000000000000000e+02
1.923424073626403830e-01 6.660000000000000000e+02
2.243994752564137940e-01 6.710000000000000000e+02
2.564565431501871773e-01 6.680000000000000000e+02
2.885136110439605606e-01 6.890000000000000000e+02
3.205706789377339438e-01 6.940000000000000000e+02
3.526277468315073826e-01 6.900000000000000000e+02
3.846848147252807659e-01 6.870000000000000000e+02
4.167418826190541492e-01 6.850000000000000000e+02
4.487989505128275880e-01 6.750000000000000000e+02
4.808560184066009713e-01 6.700000000000000000e+02
5.129130863003743546e-01 6.670000000000000000e+02
5.449701541941477378e-01 6.650000000000000000e+02
5.770272220879211211e-01 6.460000000000000000e+02
6.090842899816945044e-01 6.250000000000000000e+02
6.411413578754678877e-01 6.220000000000000000e+02
6.731984257692413820e-01 7.780000000000000000e+02
7.052554936630147653e-01 7.750000000000000000e+02
7.373125615567881486e-01 7.860000000000000000e+02
7.693696294505615318e-01 8.240000000000000000e+02
8.014266973443349151e-01 8.720000000000000000e+02
8.334837652381082984e-01 9.040000000000000000e+02
8.655408331318816817e-01 9.320000000000000000e+02
8.975979010256551760e-01 9.630000000000000000e+02
9.296549689194285593e-01 9.860000000000000000e+02
9.617120368132019426e-01 9.980000000000000000e+02
9.937691047069753258e-01 1.011000000000000000e+03
1.025826172600748709e+00 1.018000000000000000e+03
1.057883240494522203e+00 1.017000000000000000e+03
1.089940308388295476e+00 1.021000000000000000e+03
1.121997376282068970e+00 1.016000000000000000e+03
1.154054444175842242e+00 9.970000000000000000e+02
1.186111512069615737e+00 9.780000000000000000e+02
1.218168579963389009e+00 9.840000000000000000e+02
1.250225647857162503e+00 9.610000000000000000e+02
1.282282715750935775e+00 9.410000000000000000e+02
1.314339783644709270e+00 9.170000000000000000e+02
1.346396851538482764e+00 8.850000000000000000e+02
1.378453919432256036e+00 8.590000000000000000e+02
1.410510987326029531e+00 6.870000000000000000e+02
1.442568055219802803e+00 6.720000000000000000e+02
1.474625123113576297e+00 6.630000000000000000e+02
1.506682191007349569e+00 6.510000000000000000e+02
1.538739258901123064e+00 6.520000000000000000e+02
1.570796326794896558e+00 6.440000000000000000e+02
