0.000000000000000000e+00 1.250000000000000000e+03
3.205706789377339716e-02 1.223000000000000000e+03
6.411413578754679432e-02 1.224000000000000000e+03
9.617120368132019148e-02 1.228000000000000000e+03
1.282282715750935886e-01 1.226000000000000000e+03
1.602853394688669719e-01 1.211000000000000000e+03
1.923424073626403830e-01 1.184000000000000000e+03
2.243994752564137940e-01 1.156000000000000000e+03
2.564565431501871773e-01 1.290000000000000000e+03
2.885136110439605606e-01 1.281000000000000000e+03
3.205706789377339438e-01 1.274000000000000000e+03
3.526277468315073826e-01 1.265000000000000000e+03
3.846848147252807659e-01 1.254000000000000000e+03
4.167418826190541492e-01 1.244000000000000000e+03
4.487989505128275880e-01 1.266000000000000000e+03
4.808560184066009713e-01 1.285000000000000000e+03
5.129130863003743546e-01 1.284000000000000000e+03
5.449701541941477378e-01 1.303000000000000000e+03
5.770272220879211211e-01 1.313000000000000000e+03
6.090842899816945044e-01 1.374000000000000000e+03
6.411413578754678877e-01 1.412000000000000000e+03
6.731984257692413820e-01 1.440000000000000000e+03
7.052554936630147653e-01 1.471000000000000000e+03
7.373125615567881486e-01 1.483000000000000000e+03
7.693696294505615318e-01 1.486000000000000000e+03
8.014266973443349151e-01 1.511000000000000000e+03
8.334837652381082984e-01 1.543000000000000000e+03
8.655408331318816817e-01 1.572000000000000000e+03
8.975979010256551760e-01 1.590000000000000000e+03
9.296549689194285593e-01 1.630000000000000000e+03
9.617120368132019426e-01 1.635000000000000000e+03
9.937691047069753258e-01 1.615000000000000000e+03
1.025826172600748709e+00 1.592000000000000000e+03
1.057883240494522203e+00 1.581000000000000000e+03
1.089940308388295476e+00 1.574000000000000000e+03
1.121997376282068970e+00 1.555000000000000000e+03
1.154054444175842242e+00 1.542000000000000000e+03
1.186111512069615737e+00 1.519000000000000000e+03
1.218168579963389009e+00 1.504000000000000000e+03
1.250225647857162503e+00 1.471000000000000000e+03
1.282282715750935775e+00 1.448000000000000000e+03
1.314339783644709270e+00 1.439000000000000000e+03
1.346396851538482764e+00 1.433000000000000000e+03
1.378453919432256036e+00 1.412000000000000000e+03
1.410510987326029531e+00 1.410000000000000000e+03
1.442568055219802803e+00 1.391000000000000000e+03
1.474625123113576297e+00 1.382000000000000000e+03
1.506682191007349569e+00 1.371000000000000000e+03
1.538739258901123064e+00 1.367000000000000000e+03
1.570796326794896558e+00 1.366000000000000000e+03
