0.000000000000000000e+00 2.250000000000000000e+02
3.205706789377339716e-02 2.490000000000000000e+02
6.411413578754679432e-02 2.600000000000000000e+02
9.617120368132019148e-02 2.630000000000000000e+02
1.282282715750935886e-01 2.600000000000000000e+02
1.602853394688669719e-01 2.750000000000000000e+02
1.923424073626403830e-01 2.700000000000000000e+02
2.243994752564137940e-01 2.800000000000000000e+02
2.564565431501871773e-01 2.990000000000000000e+02
2.885136110439605606e-01 3.130000000000000000e+02
3.205706789377339438e-01 3.310000000000000000e+02
3.526277468315073826e-01 3.450000000000000000e+02
3.846848147252807659e-01 3.410000000000000000e+02
4.167418826190541492e-01 3.630000000000000000e+02
4.487989505128275880e-01 3.680000000000000000e+02
4.808560184066009713e-01 3.670000000000000000e+02
5.129130863003743546e-01 3.870000000000000000e+02
5.449701541941477378e-01 3.920000000000000000e+02
5.770272220879211211e-01 3.800000000000000000e+02
6.090842899816945044e-01 3.910000000000000000e+02
6.411413578754678877e-01 3.860000000000000000e+02
6.731984257692413820e-01 3.660000000000000000e+02
7.052554936630147653e-01 5.090000000000000000e+02
7.373125615567881486e-01 5.060000000000000000e+02
7.693696294505615318e-01 5.140000000000000000e+02
8.014266973443349151e-01 5.320000000000000000e+02
8.334837652381082984e-01 5.190000000000000000e+02
8.655408331318816817e-01 4.950000000000000000e+02
8.975979010256551760e-01 4.670000000000000000e+02
9.296549689194285593e-01 4.530000000000000000e+02
9.617120368132019426e-01 4.380000000000000000e+02
9.937691047069753258e-01 4.320000000000000000e+02
1.025826172600748709e+00 4.210000000000000000e+02
1.057883240494522203e+00 4.130000000000000000e+02
1.089940308388295476e+00 4.030000000000000000e+02
1.121997376282068970e+00 4.030000000000000000e+02
1.154054444175842242e+00 4.000000000000000000e+02
1.186111512069615737e+00 3.960000000000000000e+02
1.218168579963389009e+00 3.890000000000000000e+02
1.250225647857162503e+00 3.880000000000000000e+02
1.282282715750935775e+00 3.850000000000000000e+02
1.314339783644709270e+00 2.440000000000000000e+02
1.346396851538482764e+00 2.480000000000000000e+02
1.378453919432256036e+00 2.550000000000000000e+02
1.410510987326029531e+00 2.600000000000000000e+02
1.442568055219802803e+00 2.700000000000000000e+02
1.474625123113576297e+00 2.780000000000000000e+02
1.506682191007349569e+00 2.780000000000000000e+02
1.538739258901123064e+00 2.800000000000000000e+02
1.570796326794896558e+00 2.800000000000000000e+02
