0.000000000000000000e+00 8.250000000000000000e+02
3.205706789377339716e-02 8.190000000000000000e+02
6.411413578754679432e-02 8.420000000000000000e+02
9.617120368132019148e-02 8.550000000000000000e+02
1.282282715750935886e-01 8.630000000000000000e+02
1.602853394688669719e-01 8.660000000000000000e+02
1.923424073626403830e-01 8.750000000000000000e+02
2.243994752564137940e-01 8.840000000000000000e+02
2.564565431501871773e-01 1.039000000000000000e+03
2.885136110439605606e-01 1.047000000000000000e+03
3.205706789377339438e-01 1.077000000000000000e+03
3.526277468315073826e-01 1.121000000000000000e+03
3.846848147252807659e-01 1.133000000000000000e+03
4.167418826190541492e-01 1.155000000000000000e+03
4.487989505128275880e-01 1.164000000000000000e+03
4.808560184066009713e-01 1.174000000000000000e+03
5.129130863003743546e-01 1.161000000000000000e+03
5.449701541941477378e-01 1.159000000000000000e+03
5.770272220879211211e-01 1.180000000000000000e+03
6.090842899816945044e-01 1.191000000000000000e+03
6.411413578754678877e-01 1.200000000000000000e+03
6.731984257692413820e-01 1.201000000000000000e+03
7.052554936630147653e-01 1.209000000000000000e+03
7.373125615567881486e-01 1.232000000000000000e+03
7.693696294505615318e-01 1.249000000000000000e+03
8.014266973443349151e-01 1.243000000000000000e+03
8.334837652381082984e-01 1.246000000000000000e+03
8.655408331318816817e-01 1.242000000000000000e+03
8.975979010256551760e-01 1.229000000000000000e+03
9.296549689194285593e-01 1.225000000000000000e+03
9.617120368132019426e-01 1.217000000000000000e+03
9.937691047069753258e-01 1.205000000000000000e+03
1.025826172600748709e+00 1.197000000000000000e+03
1.057883240494522203e+00 1.186000000000000000e+03
1.089940308388295476e+00 1.172000000000000000e+03
1.121997376282068970e+00 1.167000000000000000e+03
1.154054444175842242e+00 1.151000000000000000e+03
1.186111512069615737e+00 1.136000000000000000e+03
1.218168579963389009e+00 1.129000000000000000e+03
1.250225647857162503e+00 1.135000000000000000e+03
1.282282715750935775e+00 1.124000000000000000e+03
1.314339783644709270e+00 1.126000000000000000e+03
1.346396851538482764e+00 1.127000000000000000e+03
1.378453919432256036e+00 1.111000000000000000e+03
1.410510987326029531e+00 1.107000000000000000e+03
1.442568055219802803e+00 1.094000000000000000e+03
1.474625123113576297e+00 1.088000000000000000e+03
1.506682191007349569e+00 1.077000000000000000e+03
1.538739258901123064e+00 1.076000000000000000e+03
1.570796326794896558e+00 1.082000000000000000e+03
