0.000000000000000000e+00 1.000000000000000000e+00
8.000000000000007105e-03 9.556114330662328626e-01
1.600000000000001421e-02 8.446704021302172682e-01
2.400000000000002132e-02 6.846705103967163364e-01
3.200000000000002842e-02 4.933450274722721018e-01
4.000000000000003553e-02 2.953649711936039424e-01
4.799999999999998712e-02 1.185666902302118936e-01
5.599999999999999423e-02 -1.728673997775632964e-02
6.400000000000000133e-02 -1.068900137332487454e-01
7.200000000000000844e-02 -1.587014242349702731e-01
7.999999999999996003e-02 -1.821204067316473385e-01
8.799999999999996714e-02 -1.873322858082336617e-01
9.599999999999997424e-02 -1.764583995286256313e-01
1.039999999999999813e-01 -1.486532934194650935e-01
1.119999999999999885e-01 -1.071434190560764110e-01
1.199999999999999956e-01 -4.440716586100729862e-02
1.280000000000000027e-01 3.753915454970663951e-02
1.360000000000000098e-01 1.203938093699856438e-01
1.440000000000000169e-01 1.967786089381850234e-01
1.520000000000000240e-01 2.565700121875897910e-01
1.600000000000000311e-01 2.836742222920481948e-01
1.680000000000000382e-01 2.760308672711395683e-01
1.760000000000000453e-01 2.398238686318100443e-01
1.840000000000000524e-01 1.790681280442595336e-01
1.920000000000000595e-01 1.058009159053770326e-01
2.000000000000000666e-01 3.608962854453268837e-02
2.080000000000000737e-01 -2.416884770346519259e-02
2.159999999999999698e-01 -6.761118515061594059e-02
2.239999999999999769e-01 -9.350022289068524173e-02
2.319999999999999840e-01 -1.023741234256074079e-01
2.399999999999999911e-01 -9.252325369552968914e-02
2.479999999999999982e-01 -6.886730657294785896e-02
2.560000000000000053e-01 -3.461239647519858548e-02
2.640000000000000124e-01 1.010924901945198587e-02
2.720000000000000195e-01 6.192414492801068954e-02
2.799999999999999156e-01 1.094574790408339576e-01
2.879999999999999227e-01 1.496209053500196784e-01
2.959999999999999298e-01 1.794661924300892386e-01
3.039999999999999369e-01 1.913954200602876465e-01
3.119999999999999440e-01 1.875933010391906408e-01
3.199999999999999512e-01 1.689004346756347585e-01
3.279999999999999583e-01 1.345813712309523180e-01
3.359999999999999654e-01 9.152445846867807155e-02
3.439999999999999725e-01 4.841734159417242916e-02
3.519999999999999796e-01 6.011591446710555856e-03
3.599999999999999867e-01 -3.016076018729403618e-02
3.679999999999999938e-01 -5.526065118152741207e-02
3.760000000000000009e-01 -7.242697991226246246e-02
3.840000000000000080e-01 -8.085524026211010629e-02
3.920000000000000151e-01 -7.850948242232187735e-02
4.000000000000000222e-01 -5.711657338709253545e-02
4.080000000000000293e-01 -2.134147406266792210e-02
4.160000000000000364e-01 2.075454824643265667e-02
4.240000000000000435e-01 6.492242938621639592e-02
4.320000000000000506e-01 1.027231867808936772e-01
4.399999999999999467e-01 1.345518901475742934e-01
4.479999999999999538e-01 1.531640909061801614e-01
4.559999999999999609e-01 1.567034094066901140e-01
4.639999999999999680e-01 1.479806907125581772e-01
4.719999999999999751e-01 1.224261353219078946e-01
4.799999999999999822e-01 8.356789261004546332e-02
4.879999999999999893e-01 4.239487261857862593e-02
4.959999999999999964e-01 4.635186674852255148e-03
5.040000000000000036e-01 -2.594386766861610585e-02
5.120000000000000107e-01 -4.539424559117122976e-02
5.200000000000000178e-01 -5.689051545909836610e-02
5.280000000000000249e-01 -5.685230849809540937e-02
5.360000000000000320e-01 -4.277647691710088212e-02
5.440000000000000391e-01 -1.975637565143188723e-02
5.520000000000000462e-01 9.718021861113378818e-03
5.599999999999999423e-01 4.099807596180962688e-02
5.679999999999999494e-01 7.080185211354771135e-02
5.759999999999999565e-01 9.712368526982995132e-02
5.839999999999999636e-01 1.160624852964653314e-01
5.919999999999999707e-01 1.248700245918280827e-01
5.999999999999999778e-01 1.231264520111445965e-01
6.079999999999999849e-01 1.142809862948840349e-01
6.159999999999999920e-01 1.008727351784132198e-01
6.239999999999999991e-01 8.165785731208952125e-02
6.320000000000000062e-01 5.762968754296206308e-02
6.400000000000000133e-01 3.355649587111134147e-02
6.480000000000000204e-01 1.309007993865093575e-02
6.560000000000000275e-01 -9.957099312253672209e-04
6.640000000000000346e-01 -6.928383137028209723e-03
6.720000000000000417e-01 -4.862925843295781009e-03
6.800000000000000488e-01 3.656079445779903889e-03
6.880000000000000560e-01 1.794231228597381947e-02
6.960000000000000631e-01 3.884959972366679171e-02
7.040000000000000702e-01 6.295291766840058201e-02
7.120000000000000773e-01 8.422051685861485504e-02
7.200000000000000844e-01 1.003312935386037746e-01
7.280000000000000915e-01 1.134694223091985837e-01
7.360000000000000986e-01 1.215624735801719564e-01
7.440000000000001057e-01 1.192974546585249124e-01
7.520000000000001128e-01 1.085752247766508388e-01
7.600000000000001199e-01 9.452271295919666139e-02
7.680000000000001270e-01 7.773677271965494240e-02
7.760000000000001341e-01 5.813220811476126765e-02
7.840000000000001412e-01 3.863036053013604865e-02
7.920000000000001483e-01 2.059319265226886020e-02
8.000000000000001554e-01 5.985702478644018380e-03
8.080000000000001625e-01 -2.707530455740997984e-03
8.159999999999999476e-01 -5.351331124944469671e-03
8.239999999999999547e-01 -3.043913064259955517e-03
8.319999999999999618e-01 3.957301245759903621e-03
8.399999999999999689e-01 1.822475605023845396e-02
8.479999999999999760e-01 3.732245529356641861e-02
8.559999999999999831e-01 5.657684698387775019e-02
8.639999999999999902e-01 7.708234576406433614e-02
8.719999999999999973e-01 9.709249124039580348e-02
8.800000000000000044e-01 1.126176010182089876e-01
8.880000000000000115e-01 1.233411546367234601e-01
8.960000000000000187e-01 1.283347084223691592e-01
9.040000000000000258e-01 1.253840696679931754e-01
9.120000000000000329e-01 1.145264555584383087e-01
9.200000000000000400e-01 9.812970005787033378e-02
9.280000000000000471e-01 7.876457610638369633e-02
9.360000000000000542e-01 5.800385942312569904e-02
9.440000000000000613e-01 3.754693141029017550e-02
9.520000000000000684e-01 2.074865605801712656e-02
9.600000000000000755e-01 9.206123422103740933e-03
9.680000000000000826e-01 2.978861127886918252e-03
9.760000000000000897e-01 3.606171262995056317e-03
9.840000000000000968e-01 8.416274225603464360e-03
9.920000000000001039e-01 1.335430523173503428e-02
9.999999999999998890e-01 2.098357258020025831e-02
1.008000000000000007e+00 3.153796069662756496e-02
1.016000000000000014e+00 4.173328876285040123e-02
1.024000000000000021e+00 5.216423909163572098e-02
1.032000000000000028e+00 6.021832823570313908e-02
1.040000000000000036e+00 6.029086282261646168e-02
1.048000000000000043e+00 5.292892786066226429e-02
1.056000000000000050e+00 4.242821716445611957e-02
1.064000000000000057e+00 3.035627335373572780e-02
1.072000000000000064e+00 1.716660229641533628e-02
1.080000000000000071e+00 4.974264144634257638e-03
1.088000000000000078e+00 -5.590133014756032935e-03
1.096000000000000085e+00 -1.508931763525411286e-02
1.104000000000000092e+00 -1.999040380365635014e-02
1.112000000000000099e+00 -1.757012945403945911e-02
1.120000000000000107e+00 -1.147647252379661691e-02
1.128000000000000114e+00 -3.241791055699385152e-03
1.136000000000000121e+00 7.465391273539167920e-03
1.144000000000000128e+00 1.767596559662387018e-02
1.152000000000000135e+00 2.612844186859613130e-02
1.160000000000000142e+00 3.354085067466310716e-02
1.168000000000000149e+00 3.965805032063990376e-02
1.176000000000000156e+00 4.396441768981561304e-02
1.184000000000000163e+00 4.591301592099052142e-02
1.192000000000000171e+00 4.423651145099672527e-02
1.200000000000000178e+00 3.849094718998390119e-02
1.208000000000000185e+00 3.006299140400645747e-02
1.216000000000000192e+00 2.193366130594097060e-02
1.224000000000000199e+00 1.634193332871053395e-02
1.232000000000000206e+00 1.139998404840878755e-02
1.240000000000000213e+00 5.784671625582432988e-03
1.247999999999999776e+00 1.023257530604002432e-03
1.255999999999999783e+00 -2.677899953952425378e-03
1.263999999999999790e+00 -4.210905898629938721e-03
1.271999999999999797e+00 -1.844462055157425123e-03
1.279999999999999805e+00 2.944150181174763972e-03
1.287999999999999812e+00 9.553955843842013018e-03
1.295999999999999819e+00 1.904396936195908163e-02
1.303999999999999826e+00 2.901884612724341117e-02
1.311999999999999833e+00 3.704216508074828496e-02
1.319999999999999840e+00 4.343546889417778528e-02
1.327999999999999847e+00 4.693274758500193267e-02
1.335999999999999854e+00 4.674400452375276210e-02
1.343999999999999861e+00 4.364614595936753411e-02
1.351999999999999869e+00 3.719044580132106065e-02
1.359999999999999876e+00 2.852341976903402174e-02
1.367999999999999883e+00 1.990368241373928829e-02
1.375999999999999890e+00 1.248978560091694098e-02
1.383999999999999897e+00 6.071100790467466937e-03
1.391999999999999904e+00 -3.342526169158286406e-04
1.399999999999999911e+00 -4.007105286279123192e-03
1.407999999999999918e+00 -2.515668589488118893e-03
1.415999999999999925e+00 1.676646592406253779e-03
1.423999999999999932e+00 7.097484212007986078e-03
1.431999999999999940e+00 1.414555559253050793e-02
1.439999999999999947e+00 2.273089149465587142e-02
1.447999999999999954e+00 3.316860382813106162e-02
1.455999999999999961e+00 4.451822731442662412e-02
1.463999999999999968e+00 5.393252526261628488e-02
1.471999999999999975e+00 5.989923656122040502e-02
1.479999999999999982e+00 6.229870574756136287e-02
1.487999999999999989e+00 6.128121153285097378e-02
1.495999999999999996e+00 5.772646130868878955e-02
1.504000000000000004e+00 5.213577786527171659e-02
1.512000000000000011e+00 4.474781906253254976e-02
1.520000000000000018e+00 3.638512529561407222e-02
1.528000000000000025e+00 2.815981964400740209e-02
1.536000000000000032e+00 2.121555399884268028e-02
1.544000000000000039e+00 1.712952286992821399e-02
1.552000000000000046e+00 1.671914170586544582e-02
1.560000000000000053e+00 1.868377546132218847e-02
1.568000000000000060e+00 2.314514448831529736e-02
1.576000000000000068e+00 3.073171141265697640e-02
1.584000000000000075e+00 3.809371890351116730e-02
1.592000000000000082e+00 4.225314663075048494e-02
1.600000000000000089e+00 4.445515600148808311e-02
1.608000000000000096e+00 4.636475301413200273e-02
1.616000000000000103e+00 4.806293547283156664e-02
1.624000000000000110e+00 4.863898297636361223e-02
1.632000000000000117e+00 4.596635878849959778e-02
1.640000000000000124e+00 3.959483768956757049e-02
1.648000000000000131e+00 3.118432638242559993e-02
1.656000000000000139e+00 2.200827670293667437e-02
1.664000000000000146e+00 1.392165080157092838e-02
1.672000000000000153e+00 8.541538895516918861e-03
1.680000000000000160e+00 4.861485038919714265e-03
1.688000000000000167e+00 1.402702694774748829e-03
1.696000000000000174e+00 -7.546705930354872909e-04
1.704000000000000181e+00 0.000000000000000000e+00
