1.500000000000000000e+00 0.000000000000000000e+00
1.514999999999999902e+00 0.000000000000000000e+00
1.529999999999999805e+00 0.000000000000000000e+00
1.544999999999999707e+00 0.000000000000000000e+00
1.559999999999999609e+00 0.000000000000000000e+00
1.574999999999999512e+00 0.000000000000000000e+00
1.589999999999999414e+00 0.000000000000000000e+00
1.604999999999999316e+00 0.000000000000000000e+00
1.619999999999999218e+00 0.000000000000000000e+00
1.634999999999999121e+00 0.000000000000000000e+00
1.649999999999999023e+00 0.000000000000000000e+00
1.664999999999998925e+00 0.000000000000000000e+00
1.679999999999998828e+00 0.000000000000000000e+00
1.694999999999998730e+00 0.000000000000000000e+00
1.709999999999998632e+00 0.000000000000000000e+00
1.724999999999998535e+00 0.000000000000000000e+00
1.739999999999998437e+00 0.000000000000000000e+00
1.754999999999998339e+00 0.000000000000000000e+00
1.769999999999998241e+00 0.000000000000000000e+00
1.784999999999998144e+00 0.000000000000000000e+00
1.799999999999998046e+00 0.000000000000000000e+00
1.814999999999997948e+00 0.000000000000000000e+00
1.829999999999997851e+00 0.000000000000000000e+00
1.844999999999997753e+00 0.000000000000000000e+00
1.859999999999997655e+00 0.000000000000000000e+00
1.874999999999997558e+00 1.039547506946048548e-02
1.889999999999997460e+00 1.141963604385789859e-02
1.904999999999997362e+00 1.313880820294779650e-01
1.919999999999997264e+00 2.396325481880988151e-01
1.934999999999997167e+00 3.931528460649799661e-01
1.949999999999997069e+00 7.896742298413410577e-01
1.964999999999996971e+00 1.000000000000000000e+00
1.979999999999996874e+00 8.960866634772435280e-01
1.994999999999996776e+00 4.677725704565582898e-01
2.009999999999996678e+00 1.420770694697117975e-01
2.024999999999996803e+00 9.144594714118960133e-02
2.039999999999996483e+00 3.270210399893876217e-03
2.054999999999996163e+00 0.000000000000000000e+00
2.069999999999996287e+00 0.000000000000000000e+00
2.084999999999996412e+00 0.000000000000000000e+00
2.099999999999996092e+00 0.000000000000000000e+00
2.114999999999995772e+00 0.000000000000000000e+00
2.129999999999995897e+00 0.000000000000000000e+00
2.144999999999996021e+00 0.000000000000000000e+00
2.159999999999995701e+00 0.000000000000000000e+00
2.174999999999995381e+00 0.000000000000000000e+00
2.189999999999995506e+00 0.000000000000000000e+00
2.204999999999995630e+00 0.000000000000000000e+00
2.219999999999995310e+00 0.000000000000000000e+00
2.234999999999994991e+00 0.000000000000000000e+00
2.249999999999995115e+00 0.000000000000000000e+00
2.264999999999995239e+00 0.000000000000000000e+00
2.279999999999994920e+00 0.000000000000000000e+00
2.294999999999994600e+00 0.000000000000000000e+00
2.309999999999994724e+00 0.000000000000000000e+00
2.324999999999994849e+00 0.000000000000000000e+00
2.339999999999994529e+00 0.000000000000000000e+00
2.354999999999994209e+00 0.000000000000000000e+00
2.369999999999994333e+00 0.000000000000000000e+00
2.384999999999994458e+00 0.000000000000000000e+00
2.399999999999994138e+00 0.000000000000000000e+00
2.414999999999993818e+00 0.000000000000000000e+00
2.429999999999993943e+00 0.000000000000000000e+00
2.444999999999994067e+00 0.000000000000000000e+00
2.459999999999993747e+00 0.000000000000000000e+00
2.474999999999993427e+00 0.000000000000000000e+00
2.489999999999993552e+00 0.000000000000000000e+00
2.504999999999993676e+00 0.000000000000000000e+00
2.519999999999993356e+00 0.000000000000000000e+00
2.534999999999993037e+00 0.000000000000000000e+00
2.549999999999993161e+00 0.000000000000000000e+00
2.564999999999993285e+00 0.000000000000000000e+00
2.579999999999992966e+00 0.000000000000000000e+00
2.594999999999992646e+00 0.000000000000000000e+00
2.609999999999992770e+00 0.000000000000000000e+00
2.624999999999992895e+00 0.000000000000000000e+00
2.639999999999992575e+00 0.000000000000000000e+00
2.654999999999992255e+00 0.000000000000000000e+00
2.669999999999992379e+00 0.000000000000000000e+00
2.684999999999992504e+00 0.000000000000000000e+00
2.699999999999992184e+00 0.000000000000000000e+00
2.714999999999991864e+00 0.000000000000000000e+00
2.729999999999991989e+00 0.000000000000000000e+00
2.744999999999992113e+00 0.000000000000000000e+00
2.759999999999991793e+00 0.000000000000000000e+00
2.774999999999991473e+00 0.000000000000000000e+00
2.789999999999991598e+00 0.000000000000000000e+00
2.804999999999991722e+00 0.000000000000000000e+00
2.819999999999991402e+00 0.000000000000000000e+00
2.834999999999991083e+00 0.000000000000000000e+00
2.849999999999991207e+00 0.000000000000000000e+00
2.864999999999991331e+00 0.000000000000000000e+00
2.879999999999991012e+00 0.000000000000000000e+00
2.894999999999990692e+00 0.000000000000000000e+00
2.909999999999990816e+00 0.000000000000000000e+00
2.924999999999990941e+00 0.000000000000000000e+00
2.939999999999990621e+00 0.000000000000000000e+00
2.954999999999990301e+00 0.000000000000000000e+00
2.969999999999990425e+00 0.000000000000000000e+00
2.984999999999990550e+00 0.000000000000000000e+00
