0.000000000000000000e+00 1.000000000000000000e+00
8.000000000000007105e-03 9.847497291600343372e-01
1.600000000000001421e-02 8.957265572299143441e-01
2.400000000000002132e-02 7.512564082227476403e-01
3.200000000000002842e-02 5.785790476057554033e-01
3.999999999999998002e-02 4.045859537615669188e-01
4.799999999999998712e-02 2.493309595888339447e-01
5.599999999999999423e-02 1.238992862655520361e-01
6.400000000000000133e-02 3.213762277343593793e-02
7.199999999999995293e-02 -2.651650219609629280e-02
7.999999999999996003e-02 -5.571206875934468089e-02
8.799999999999996714e-02 -6.191782806076051582e-02
9.599999999999997424e-02 -5.290089549557055321e-02
1.039999999999999813e-01 -3.469380209249182945e-02
1.119999999999999885e-01 -9.662245839276759063e-03
1.199999999999999956e-01 2.231955063998829550e-02
1.280000000000000027e-01 6.086457560906360920e-02
1.360000000000000098e-01 1.030921735898883834e-01
1.440000000000000169e-01 1.437658255619918835e-01
1.520000000000000240e-01 1.764932595520660175e-01
1.600000000000000311e-01 1.951018510930501437e-01
1.680000000000000382e-01 1.954497239685097087e-01
1.760000000000000453e-01 1.773997257280259809e-01
1.840000000000000524e-01 1.452555614164832976e-01
1.920000000000000595e-01 1.056990479095733376e-01
2.000000000000000666e-01 6.495854514803298119e-02
2.079999999999999627e-01 2.765785055751454960e-02
2.159999999999999698e-01 -2.754187802565530047e-03
2.239999999999999769e-01 -2.395945318417193326e-02
2.319999999999999840e-01 -3.541677073932091718e-02
2.399999999999999911e-01 -3.801036550565251027e-02
2.479999999999999982e-01 -3.245738195521324226e-02
2.560000000000000053e-01 -1.866998798742649721e-02
2.640000000000000124e-01 2.856227269731602750e-03
2.719999999999999085e-01 2.970041689567418097e-02
2.799999999999999156e-01 5.818701241070185770e-02
2.879999999999999227e-01 8.483403220330373862e-02
2.959999999999999298e-01 1.064448115704210995e-01
3.039999999999999369e-01 1.194637888735358561e-01
3.119999999999999440e-01 1.208144302875166221e-01
3.199999999999999512e-01 1.101849631034686333e-01
3.279999999999999583e-01 9.116660721073080453e-02
3.359999999999999654e-01 6.948647812258666734e-02
3.439999999999999725e-01 4.960187004303307640e-02
3.519999999999999796e-01 3.270999010497928350e-02
3.599999999999999867e-01 1.806314488924672459e-02
3.679999999999999938e-01 6.085114638298382006e-03
3.760000000000000009e-01 -6.072483942305850367e-04
3.840000000000000080e-01 1.077642727187494730e-04
3.920000000000000151e-01 7.063038877191747840e-03
4.000000000000000222e-01 1.724260833537597654e-02
4.080000000000000293e-01 2.970370052784212025e-02
4.160000000000000364e-01 4.601660792024023922e-02
4.240000000000000435e-01 6.617439463770502517e-02
4.319999999999999396e-01 8.594556850744969334e-02
4.399999999999999467e-01 9.967125684795226370e-02
4.479999999999999538e-01 1.046010991823049796e-01
4.559999999999999609e-01 1.013686478402455876e-01
4.639999999999999680e-01 9.153407877888154742e-02
4.719999999999999751e-01 7.652143051444794397e-02
4.799999999999999822e-01 5.844852892132024885e-02
4.879999999999999893e-01 4.007952975619780145e-02
4.959999999999999964e-01 2.345183180440081963e-02
5.040000000000000036e-01 9.413200404919939632e-03
5.120000000000000107e-01 -1.259873104846536080e-03
5.200000000000000178e-01 -6.931971143930974223e-03
5.280000000000000249e-01 -5.620552825269844663e-03
5.360000000000000320e-01 3.545441223379092871e-03
5.440000000000000391e-01 1.902679876268807690e-02
5.519999999999999352e-01 3.687013752078745210e-02
5.599999999999999423e-01 5.259685857984541107e-02
5.679999999999999494e-01 6.360994628456694000e-02
5.759999999999999565e-01 6.954932906632803336e-02
5.839999999999999636e-01 7.045803842763734282e-02
5.919999999999999707e-01 6.577320222466626065e-02
5.999999999999999778e-01 5.576555100281579969e-02
6.079999999999999849e-01 4.289950465630491816e-02
6.159999999999999920e-01 3.043939025884232971e-02
6.239999999999999991e-01 1.984844698327193138e-02
6.320000000000000062e-01 1.033688307519282923e-02
6.400000000000000133e-01 7.921150631515461952e-04
6.480000000000000204e-01 -8.464217272852809365e-03
6.560000000000000275e-01 -1.555709164061028216e-02
6.640000000000000346e-01 -1.811183223131187375e-02
6.720000000000000417e-01 -1.491133024247422167e-02
6.800000000000000488e-01 -7.418234740362724365e-03
6.880000000000000560e-01 6.118766435992847820e-04
6.960000000000000631e-01 6.132752838609939298e-03
7.040000000000000702e-01 9.666263821503720544e-03
7.120000000000000773e-01 1.442845592133143104e-02
7.200000000000000844e-01 2.234106399949682339e-02
7.280000000000000915e-01 3.147803977592719682e-02
7.360000000000000986e-01 3.766837815396402445e-02
7.440000000000001057e-01 3.801575077711340234e-02
7.520000000000001128e-01 3.254738480546352786e-02
7.600000000000001199e-01 2.315975912287603425e-02
7.680000000000001270e-01 1.186488311877259387e-02
7.760000000000001341e-01 6.375368333427327812e-05
7.840000000000001412e-01 -1.117273161011883738e-02
7.920000000000001483e-01 -2.063522793678678954e-02
8.000000000000001554e-01 -2.688820928390410134e-02
8.079999999999999405e-01 -2.871194691732513807e-02
8.159999999999999476e-01 -2.580047385493098450e-02
8.239999999999999547e-01 -1.906014854862660146e-02
8.319999999999999618e-01 -1.006364674436097117e-02
8.399999999999999689e-01 -9.722461740591780289e-05
8.479999999999999760e-01 1.021897189614181384e-02
8.559999999999999831e-01 2.039262152797314404e-02
8.639999999999999902e-01 2.937159160577811068e-02
8.719999999999999973e-01 3.564085519464619406e-02
8.800000000000000044e-01 3.805816094985151055e-02
8.880000000000000115e-01 3.655196145354329407e-02
8.960000000000000187e-01 3.208189864294497956e-02
9.040000000000000258e-01 2.606330314638470244e-02
9.120000000000000329e-01 1.973951440894681011e-02
9.200000000000000400e-01 1.374300937921081600e-02
9.280000000000000471e-01 7.980640887532136976e-03
9.360000000000000542e-01 2.039421690207892171e-03
9.440000000000000613e-01 -3.989776861565512076e-03
9.520000000000000684e-01 -8.935765245962332126e-03
9.600000000000000755e-01 -1.089443300816709224e-02
9.680000000000000826e-01 -8.364031333689271597e-03
9.760000000000000897e-01 -1.240477497300927247e-03
9.840000000000000968e-01 9.120656320434775491e-03
9.919999999999998819e-01 2.069826831131568040e-02
9.999999999999998890e-01 3.174349920955258503e-02
1.008000000000000007e+00 4.127026188899818315e-02
1.016000000000000014e+00 4.899040430549263248e-02
1.024000000000000021e+00 5.487406193910759900e-02
1.032000000000000028e+00 5.862305368734199024e-02
1.040000000000000036e+00 5.948327636765368687e-02
1.048000000000000043e+00 5.673292787414344757e-02
1.056000000000000050e+00 5.055373191438540525e-02
1.064000000000000057e+00 4.237499580290080697e-02
1.072000000000000064e+00 3.414153454986921382e-02
1.080000000000000071e+00 2.711677767951492513e-02
1.088000000000000078e+00 2.137497695356715618e-02
1.096000000000000085e+00 1.634805175161259741e-02
1.104000000000000092e+00 1.172335073480324646e-02
1.112000000000000099e+00 7.894892024616909781e-03
1.120000000000000107e+00 5.817973576074821247e-03
1.128000000000000114e+00 6.508766924450412952e-03
1.136000000000000121e+00 1.041167756838262161e-02
1.144000000000000128e+00 1.692327331347740979e-02
1.152000000000000135e+00 2.446254707459940766e-02
1.160000000000000142e+00 3.116501717966616361e-02
1.168000000000000149e+00 3.573633898530777925e-02
1.176000000000000156e+00 3.788669270964539065e-02
1.184000000000000163e+00 3.816444511806688783e-02
1.192000000000000171e+00 3.739985998140549911e-02
1.200000000000000178e+00 3.611100654426965123e-02
1.208000000000000185e+00 3.424717512591168161e-02
1.216000000000000192e+00 3.147612123220881047e-02
1.224000000000000199e+00 2.773570845917494240e-02
1.232000000000000206e+00 2.342765021734983383e-02
1.239999999999999769e+00 1.903822399678446395e-02
1.247999999999999776e+00 1.475573551045107970e-02
1.255999999999999783e+00 1.070869296346332010e-02
1.263999999999999790e+00 7.564542353407260541e-03
1.271999999999999797e+00 6.601511400737229869e-03
1.279999999999999805e+00 8.938041593539397187e-03
1.287999999999999812e+00 1.465385138412317323e-02
1.295999999999999819e+00 2.268029365632678873e-02
1.303999999999999826e+00 3.145925136760777813e-02
1.311999999999999833e+00 3.965178227865041871e-02
1.319999999999999840e+00 4.637659586297104841e-02
1.327999999999999847e+00 5.106680563081646140e-02
1.335999999999999854e+00 5.328678022506228712e-02
1.343999999999999861e+00 5.272549402214800340e-02
1.351999999999999869e+00 4.941476667122716993e-02
1.359999999999999876e+00 4.403595398356509316e-02
1.367999999999999883e+00 3.795758142420174036e-02
1.375999999999999890e+00 3.272580134545107627e-02
1.383999999999999897e+00 2.927149572778971545e-02
1.391999999999999904e+00 2.752097090467428911e-02
1.399999999999999911e+00 2.676177393237885727e-02
1.407999999999999918e+00 2.636141332594962167e-02
1.415999999999999925e+00 2.619210769542945974e-02
1.423999999999999932e+00 2.656821329613684446e-02
1.431999999999999940e+00 2.794669093491474257e-02
1.439999999999999947e+00 3.062934437267943871e-02
1.447999999999999954e+00 3.455430328810149554e-02
1.455999999999999961e+00 3.926274650077908601e-02
1.463999999999999968e+00 4.407722941023353713e-02
1.471999999999999975e+00 4.833816083630004812e-02
1.479999999999999982e+00 5.152224812538926807e-02
1.487999999999999989e+00 5.328370229078906867e-02
1.495999999999999996e+00 5.352566217154948458e-02
1.504000000000000004e+00 5.241499353064386219e-02
1.512000000000000011e+00 5.022900388233354774e-02
1.520000000000000018e+00 4.720124567193124260e-02
1.528000000000000025e+00 4.360333231187655395e-02
1.536000000000000032e+00 3.993408379722456630e-02
1.544000000000000039e+00 3.686295207569739718e-02
1.552000000000000046e+00 3.490630386555356596e-02
1.560000000000000053e+00 3.419315801377069419e-02
1.568000000000000060e+00 3.451722204671436867e-02
1.576000000000000068e+00 3.548698458282418394e-02
1.584000000000000075e+00 3.658616084065035440e-02
1.592000000000000082e+00 3.722362067599040147e-02
1.600000000000000089e+00 3.687143001709917989e-02
1.608000000000000096e+00 3.519661186183507817e-02
1.616000000000000103e+00 3.209512045433150773e-02
1.624000000000000110e+00 2.770019866153778168e-02
1.632000000000000117e+00 2.240427122445379574e-02
1.640000000000000124e+00 1.676977431400032345e-02
1.648000000000000131e+00 1.129148617883591471e-02
1.656000000000000139e+00 6.245168232207938368e-03
1.664000000000000146e+00 1.836435916503628826e-03
1.672000000000000153e+00 -1.519278705257465917e-03
1.680000000000000160e+00 -3.180487531615815242e-03
1.688000000000000167e+00 -2.649523794610853661e-03
1.696000000000000174e+00 0.000000000000000000e+00
