1.500000000000000000e+00 0.000000000000000000e+00
1.512000000000000011e+00 0.000000000000000000e+00
1.524000000000000021e+00 0.000000000000000000e+00
1.536000000000000032e+00 0.000000000000000000e+00
1.548000000000000043e+00 0.000000000000000000e+00
1.560000000000000053e+00 0.000000000000000000e+00
1.572000000000000064e+00 0.000000000000000000e+00
1.584000000000000075e+00 0.000000000000000000e+00
1.596000000000000085e+00 0.000000000000000000e+00
1.608000000000000096e+00 0.000000000000000000e+00
1.620000000000000107e+00 0.000000000000000000e+00
1.632000000000000117e+00 0.000000000000000000e+00
1.644000000000000128e+00 0.000000000000000000e+00
1.656000000000000139e+00 0.000000000000000000e+00
1.668000000000000149e+00 0.000000000000000000e+00
1.680000000000000160e+00 0.000000000000000000e+00
1.692000000000000171e+00 0.000000000000000000e+00
1.704000000000000181e+00 0.000000000000000000e+00
1.716000000000000192e+00 0.000000000000000000e+00
1.728000000000000203e+00 0.000000000000000000e+00
1.740000000000000213e+00 0.000000000000000000e+00
1.752000000000000224e+00 0.000000000000000000e+00
1.764000000000000234e+00 0.000000000000000000e+00
1.776000000000000245e+00 0.000000000000000000e+00
1.788000000000000256e+00 0.000000000000000000e+00
1.800000000000000266e+00 0.000000000000000000e+00
1.812000000000000277e+00 0.000000000000000000e+00
1.824000000000000288e+00 0.000000000000000000e+00
1.836000000000000298e+00 0.000000000000000000e+00
1.848000000000000309e+00 7.606757149783632073e-05
1.860000000000000320e+00 1.942333675360945200e-02
1.872000000000000330e+00 5.882762588254561442e-02
1.884000000000000341e+00 8.682931372881955157e-02
1.896000000000000352e+00 8.832346317875816588e-02
1.908000000000000362e+00 1.694042657526504125e-01
1.920000000000000373e+00 3.576103583295875410e-01
1.932000000000000384e+00 5.681906243169396742e-01
1.944000000000000394e+00 7.301855932061472876e-01
1.956000000000000405e+00 8.978859781095658299e-01
1.968000000000000416e+00 1.000000000000000000e+00
1.980000000000000426e+00 8.639412266392239026e-01
1.992000000000000437e+00 4.781551834614556906e-01
2.004000000000000448e+00 1.247565249682483085e-01
2.016000000000000458e+00 1.099630439559402643e-02
2.028000000000000469e+00 0.000000000000000000e+00
2.040000000000000480e+00 0.000000000000000000e+00
2.052000000000000490e+00 0.000000000000000000e+00
2.064000000000000501e+00 0.000000000000000000e+00
2.076000000000000512e+00 0.000000000000000000e+00
2.088000000000000522e+00 0.000000000000000000e+00
2.100000000000000533e+00 0.000000000000000000e+00
2.112000000000000544e+00 0.000000000000000000e+00
2.124000000000000554e+00 0.000000000000000000e+00
2.136000000000000565e+00 0.000000000000000000e+00
2.148000000000000576e+00 0.000000000000000000e+00
2.160000000000000586e+00 0.000000000000000000e+00
2.172000000000000597e+00 0.000000000000000000e+00
2.184000000000000608e+00 0.000000000000000000e+00
2.196000000000000618e+00 0.000000000000000000e+00
2.208000000000000629e+00 0.000000000000000000e+00
2.220000000000000639e+00 0.000000000000000000e+00
2.232000000000000650e+00 0.000000000000000000e+00
2.244000000000000661e+00 0.000000000000000000e+00
2.256000000000000671e+00 0.000000000000000000e+00
2.268000000000000682e+00 0.000000000000000000e+00
2.280000000000000693e+00 0.000000000000000000e+00
2.292000000000000703e+00 0.000000000000000000e+00
2.304000000000000714e+00 0.000000000000000000e+00
2.316000000000000725e+00 0.000000000000000000e+00
2.328000000000000735e+00 0.000000000000000000e+00
2.340000000000000746e+00 0.000000000000000000e+00
2.352000000000000757e+00 0.000000000000000000e+00
2.364000000000000767e+00 0.000000000000000000e+00
2.376000000000000778e+00 0.000000000000000000e+00
2.388000000000000789e+00 0.000000000000000000e+00
2.400000000000000799e+00 0.000000000000000000e+00
2.412000000000000810e+00 0.000000000000000000e+00
2.424000000000000821e+00 0.000000000000000000e+00
2.436000000000000831e+00 0.000000000000000000e+00
2.448000000000000842e+00 0.000000000000000000e+00
2.460000000000000853e+00 0.000000000000000000e+00
2.472000000000000863e+00 0.000000000000000000e+00
2.484000000000000874e+00 0.000000000000000000e+00
2.496000000000000885e+00 0.000000000000000000e+00
2.508000000000000895e+00 0.000000000000000000e+00
2.520000000000000906e+00 0.000000000000000000e+00
2.532000000000000917e+00 0.000000000000000000e+00
2.544000000000000927e+00 0.000000000000000000e+00
2.556000000000000938e+00 0.000000000000000000e+00
2.568000000000000949e+00 0.000000000000000000e+00
2.580000000000000959e+00 0.000000000000000000e+00
2.592000000000000970e+00 0.000000000000000000e+00
2.604000000000000981e+00 0.000000000000000000e+00
2.616000000000000991e+00 0.000000000000000000e+00
2.628000000000001002e+00 0.000000000000000000e+00
2.640000000000001013e+00 0.000000000000000000e+00
2.652000000000001023e+00 0.000000000000000000e+00
2.664000000000001034e+00 0.000000000000000000e+00
2.676000000000001044e+00 0.000000000000000000e+00
2.688000000000001055e+00 0.000000000000000000e+00
2.700000000000001066e+00 0.000000000000000000e+00
2.712000000000001076e+00 0.000000000000000000e+00
2.724000000000001087e+00 0.000000000000000000e+00
2.736000000000001098e+00 0.000000000000000000e+00
2.748000000000001108e+00 0.000000000000000000e+00
2.760000000000001119e+00 0.000000000000000000e+00
2.772000000000001130e+00 0.000000000000000000e+00
2.784000000000001140e+00 0.000000000000000000e+00
2.796000000000001151e+00 0.000000000000000000e+00
2.808000000000001162e+00 0.000000000000000000e+00
2.820000000000001172e+00 0.000000000000000000e+00
2.832000000000001183e+00 0.000000000000000000e+00
2.844000000000001194e+00 0.000000000000000000e+00
2.856000000000001204e+00 0.000000000000000000e+00
2.868000000000001215e+00 0.000000000000000000e+00
2.880000000000001226e+00 0.000000000000000000e+00
2.892000000000001236e+00 0.000000000000000000e+00
2.904000000000001247e+00 0.000000000000000000e+00
2.916000000000001258e+00 0.000000000000000000e+00
2.928000000000001268e+00 0.000000000000000000e+00
2.940000000000001279e+00 0.000000000000000000e+00
2.952000000000001290e+00 0.000000000000000000e+00
2.964000000000001300e+00 0.000000000000000000e+00
2.976000000000001311e+00 0.000000000000000000e+00
2.988000000000001322e+00 0.000000000000000000e+00
