0.000000000000000000e+00 1.000000000000000000e+00
8.000000000000007105e-03 9.498221903109564934e-01
1.600000000000001421e-02 8.326788546832043503e-01
2.400000000000002132e-02 6.745385792283982163e-01
3.200000000000002842e-02 5.001779510788122440e-01
4.000000000000003553e-02 3.252641223747607668e-01
4.799999999999998712e-02 1.612815805707515371e-01
5.599999999999999423e-02 2.094482943553469673e-02
6.400000000000000133e-02 -8.403705282984219593e-02
7.200000000000000844e-02 -1.508227411599804835e-01
7.999999999999996003e-02 -1.857243157123178445e-01
8.799999999999996714e-02 -1.957616468784707520e-01
9.599999999999997424e-02 -1.865067208660559084e-01
1.039999999999999813e-01 -1.631587772671943826e-01
1.119999999999999885e-01 -1.272486542103676010e-01
1.199999999999999956e-01 -7.844558845648715029e-02
1.280000000000000027e-01 -1.955043300604496215e-02
1.360000000000000098e-01 4.467468893931345053e-02
1.440000000000000169e-01 1.081715374212041947e-01
1.520000000000000240e-01 1.606908907718097579e-01
1.600000000000000311e-01 1.891844787145492701e-01
1.680000000000000382e-01 1.854112210384987469e-01
1.760000000000000453e-01 1.529854392179777201e-01
1.840000000000000524e-01 1.042944408618326352e-01
1.920000000000000595e-01 5.005228325817463741e-02
2.000000000000000666e-01 -3.727233706740936108e-03
2.080000000000000737e-01 -5.042431113208883930e-02
2.159999999999999698e-01 -8.260967871331253987e-02
2.239999999999999769e-01 -9.931740017590681702e-02
2.319999999999999840e-01 -1.066024935928371054e-01
2.399999999999999911e-01 -1.073525977877109877e-01
2.479999999999999982e-01 -9.800519013493011466e-02
2.560000000000000053e-01 -7.602329712588226651e-02
2.640000000000000124e-01 -4.266620168102031735e-02
2.720000000000000195e-01 -2.189305829286582877e-03
2.799999999999999156e-01 3.718605783151036209e-02
2.879999999999999227e-01 6.820110645907735691e-02
2.959999999999999298e-01 8.976230800908217844e-02
3.039999999999999369e-01 1.019293755379525046e-01
3.119999999999999440e-01 1.001311854933700646e-01
3.199999999999999512e-01 7.934568378678577560e-02
3.279999999999999583e-01 4.342993873823817325e-02
3.359999999999999654e-01 4.204077459510427613e-03
3.439999999999999725e-01 -3.150189553938688436e-02
3.519999999999999796e-01 -6.387431157453163366e-02
3.599999999999999867e-01 -9.094489506239918086e-02
3.679999999999999938e-01 -1.099013790069798130e-01
3.760000000000000009e-01 -1.187262647885755223e-01
3.840000000000000080e-01 -1.121484265737384967e-01
3.920000000000000151e-01 -8.997953261311730788e-02
4.000000000000000222e-01 -6.168648419909098651e-02
4.080000000000000293e-01 -3.139138701250471231e-02
4.160000000000000364e-01 5.505694717512920819e-03
4.240000000000000435e-01 4.679993187371595670e-02
4.320000000000000506e-01 8.147269960721692517e-02
4.399999999999999467e-01 1.033464614730373043e-01
4.479999999999999538e-01 1.147195147719332203e-01
4.559999999999999609e-01 1.160611749018810868e-01
4.639999999999999680e-01 1.033175088468984565e-01
4.719999999999999751e-01 7.881062195192510555e-02
4.799999999999999822e-01 5.286101411903649377e-02
4.879999999999999893e-01 3.137058225645665555e-02
4.959999999999999964e-01 1.215260667044093350e-02
5.040000000000000036e-01 -6.455640991358045470e-03
5.120000000000000107e-01 -2.146699062512623032e-02
5.200000000000000178e-01 -2.893492149725317847e-02
5.280000000000000249e-01 -2.677091698225359667e-02
5.360000000000000320e-01 -1.463305186774783995e-02
5.440000000000000391e-01 5.303426724257626935e-03
5.520000000000000462e-01 2.825671701657036725e-02
5.599999999999999423e-01 5.024524513034344525e-02
5.679999999999999494e-01 6.955031927849815443e-02
5.759999999999999565e-01 8.461029452340174117e-02
5.839999999999999636e-01 9.449476179028536149e-02
5.919999999999999707e-01 9.986939589097813819e-02
5.999999999999999778e-01 1.003077639646420827e-01
6.079999999999999849e-01 9.318454138717019442e-02
6.159999999999999920e-01 7.705720557517152514e-02
6.239999999999999991e-01 5.424472993114114183e-02
6.320000000000000062e-01 2.906134714481029349e-02
6.400000000000000133e-01 5.067959632766757747e-03
6.480000000000000204e-01 -1.548434106525885257e-02
6.560000000000000275e-01 -3.199253307737389557e-02
6.640000000000000346e-01 -4.532879252716189022e-02
6.720000000000000417e-01 -5.500358643380601209e-02
6.800000000000000488e-01 -5.824450026265520081e-02
6.880000000000000560e-01 -5.310283785820504171e-02
6.960000000000000631e-01 -4.001960834720372229e-02
7.040000000000000702e-01 -2.147338521651837029e-02
7.120000000000000773e-01 -1.663907584152986676e-03
7.200000000000000844e-01 1.580111990919526657e-02
7.280000000000000915e-01 2.949304725270307515e-02
7.360000000000000986e-01 3.847832361683260760e-02
7.440000000000001057e-01 4.205381675410204551e-02
7.520000000000001128e-01 4.077741445369641171e-02
7.600000000000001199e-01 3.482393471671916402e-02
7.680000000000001270e-01 2.367672739037281204e-02
7.760000000000001341e-01 9.257402612808145886e-03
7.840000000000001412e-01 -4.303250143375306203e-03
7.920000000000001483e-01 -1.483064604860290063e-02
8.000000000000001554e-01 -2.249113857124239446e-02
8.080000000000001625e-01 -2.702702720755477059e-02
8.159999999999999476e-01 -2.860305448656579388e-02
8.239999999999999547e-01 -2.883445332211531306e-02
8.319999999999999618e-01 -2.718307900655887385e-02
8.399999999999999689e-01 -2.042783590034590036e-02
8.479999999999999760e-01 -8.303121487875472773e-03
8.559999999999999831e-01 5.047241380656331163e-03
8.639999999999999902e-01 1.581938069604200969e-02
8.719999999999999973e-01 2.281974495822633800e-02
8.800000000000000044e-01 2.633915004749461802e-02
8.880000000000000115e-01 2.712755403532171941e-02
8.960000000000000187e-01 2.515723601055555245e-02
9.040000000000000258e-01 1.967480905163333793e-02
9.120000000000000329e-01 1.117163395892054392e-02
9.200000000000000400e-01 1.592762406148672807e-03
9.280000000000000471e-01 -7.611906672345667736e-03
9.360000000000000542e-01 -1.618451824731982278e-02
9.440000000000000613e-01 -2.361915101672179551e-02
9.520000000000000684e-01 -2.815816982377876074e-02
9.600000000000000755e-01 -2.822590111007418009e-02
9.680000000000000826e-01 -2.406234114021971182e-02
9.760000000000000897e-01 -1.686210051834939952e-02
9.840000000000000968e-01 -7.495195351837394791e-03
9.920000000000001039e-01 3.354214307335825953e-03
9.999999999999998890e-01 1.516474384877688174e-02
1.008000000000000007e+00 2.744874349191640805e-02
1.016000000000000014e+00 3.919356010896168224e-02
1.024000000000000021e+00 4.920370191915407476e-02
1.032000000000000028e+00 5.642461578422912349e-02
1.040000000000000036e+00 5.995745099213959511e-02
1.048000000000000043e+00 6.006993951115860431e-02
1.056000000000000050e+00 5.818204665784579288e-02
1.064000000000000057e+00 5.477398890870450315e-02
1.072000000000000064e+00 4.910021989975949658e-02
1.080000000000000071e+00 4.115682748405475461e-02
1.088000000000000078e+00 3.216898735318402675e-02
1.096000000000000085e+00 2.373511097547087445e-02
1.104000000000000092e+00 1.723718211038077763e-02
1.112000000000000099e+00 1.336878264782193071e-02
1.120000000000000107e+00 1.204612723703048748e-02
1.128000000000000114e+00 1.281084955347819646e-02
1.136000000000000121e+00 1.519654254916264283e-02
1.144000000000000128e+00 1.866297462451545902e-02
1.152000000000000135e+00 2.227423410229912096e-02
1.160000000000000142e+00 2.487686206357597046e-02
1.168000000000000149e+00 2.588572446548101716e-02
1.176000000000000156e+00 2.549834043574809167e-02
1.184000000000000163e+00 2.419158268381507368e-02
1.192000000000000171e+00 2.250361444751866960e-02
1.200000000000000178e+00 2.078782076051899352e-02
1.208000000000000185e+00 1.904467705312761980e-02
1.216000000000000192e+00 1.726231939989373090e-02
1.224000000000000199e+00 1.546164151519454147e-02
1.232000000000000206e+00 1.341273465274365161e-02
1.240000000000000213e+00 1.065038718267088264e-02
1.247999999999999776e+00 6.989146261392418027e-03
1.255999999999999783e+00 3.197388019309976587e-03
1.263999999999999790e+00 1.070618917750252056e-03
1.271999999999999797e+00 2.284793661393657530e-03
1.279999999999999805e+00 6.872927476079165703e-03
1.287999999999999812e+00 1.352436791936623833e-02
1.295999999999999819e+00 2.104610870794488414e-02
1.303999999999999826e+00 2.847160644969154095e-02
1.311999999999999833e+00 3.461522859148874476e-02
1.319999999999999840e+00 3.859724620309034487e-02
1.327999999999999847e+00 4.039377518335972306e-02
1.335999999999999854e+00 4.058561809578291324e-02
1.343999999999999861e+00 3.974822167771428771e-02
1.351999999999999869e+00 3.821987360281356438e-02
1.359999999999999876e+00 3.642940089441053242e-02
1.367999999999999883e+00 3.489074293488199363e-02
1.375999999999999890e+00 3.363239345189839025e-02
1.383999999999999897e+00 3.210944430327975635e-02
1.391999999999999904e+00 2.990969174050833387e-02
1.399999999999999911e+00 2.718851291489386701e-02
1.407999999999999918e+00 2.429044024447472860e-02
1.415999999999999925e+00 2.165438115072896783e-02
1.423999999999999932e+00 2.008847689372933801e-02
1.431999999999999940e+00 2.018734810660987103e-02
1.439999999999999947e+00 2.157017352855168310e-02
1.447999999999999954e+00 2.338728105409606378e-02
1.455999999999999961e+00 2.539763273505720939e-02
1.463999999999999968e+00 2.797895494359115692e-02
1.471999999999999975e+00 3.115952548601035044e-02
1.479999999999999982e+00 3.412829504852335494e-02
1.487999999999999989e+00 3.574890856772010989e-02
1.495999999999999996e+00 3.523353437977085056e-02
1.504000000000000004e+00 3.242446513364852234e-02
1.512000000000000011e+00 2.792317475735585364e-02
1.520000000000000018e+00 2.275321964297640637e-02
1.528000000000000025e+00 1.762057073456717651e-02
1.536000000000000032e+00 1.283159804818677710e-02
1.544000000000000039e+00 8.826776636556173811e-03
1.552000000000000046e+00 6.533264361053156555e-03
1.560000000000000053e+00 7.084995742041379045e-03
1.568000000000000060e+00 1.100239484552649645e-02
1.576000000000000068e+00 1.766682444999409171e-02
1.584000000000000075e+00 2.554021011297632343e-02
1.592000000000000082e+00 3.292409885205018621e-02
1.600000000000000089e+00 3.879893476994313722e-02
1.608000000000000096e+00 4.301076260809544999e-02
1.616000000000000103e+00 4.573594272979263770e-02
1.624000000000000110e+00 4.696167736649019264e-02
1.632000000000000117e+00 4.624559687403199254e-02
1.640000000000000124e+00 4.293086618149821038e-02
1.648000000000000131e+00 3.697011311018862795e-02
1.656000000000000139e+00 2.940378132092377056e-02
1.664000000000000146e+00 2.168878705907389959e-02
1.672000000000000153e+00 1.468013918639854594e-02
1.680000000000000160e+00 8.632885577915154832e-03
1.688000000000000167e+00 3.821160530675527921e-03
1.696000000000000174e+00 7.529645201716451876e-04
1.704000000000000181e+00 0.000000000000000000e+00
