0.000000000000000000e+00 1.000000000000000000e+00
8.000000000000007105e-03 9.718188245254479884e-01
1.600000000000001421e-02 8.732813799927905407e-01
2.400000000000002132e-02 7.182545165351079675e-01
3.200000000000002842e-02 5.308490366346880762e-01
4.000000000000003553e-02 3.431783071592874323e-01
4.800000000000004263e-02 1.780651986643490836e-01
5.599999999999999423e-02 4.303988987378128822e-02
6.400000000000000133e-02 -5.870475102555212932e-02
7.200000000000000844e-02 -1.257874760158473049e-01
8.000000000000001554e-02 -1.631853414179416650e-01
8.799999999999996714e-02 -1.812286342693963659e-01
9.599999999999997424e-02 -1.855584428438540878e-01
1.039999999999999813e-01 -1.739317865485058290e-01
1.119999999999999885e-01 -1.422879279089910021e-01
1.199999999999999956e-01 -8.995069212814578441e-02
1.280000000000000027e-01 -2.278969844072439160e-02
1.360000000000000098e-01 5.002144441455154411e-02
1.440000000000000169e-01 1.183993161292498791e-01
1.520000000000000240e-01 1.719560837590086433e-01
1.600000000000000311e-01 2.018736004452981181e-01
1.680000000000000382e-01 2.032904035927564912e-01
1.760000000000000453e-01 1.783993673042478523e-01
1.840000000000000524e-01 1.340855393076600677e-01
1.920000000000000595e-01 7.868759468637204213e-02
2.000000000000000666e-01 2.081123769592478981e-02
2.080000000000000737e-01 -3.150408920662452206e-02
2.160000000000000808e-01 -7.244989114862365742e-02
2.239999999999999769e-01 -9.833295773150664554e-02
2.319999999999999840e-01 -1.089681724836152887e-01
2.399999999999999911e-01 -1.109416114553590654e-01
2.479999999999999982e-01 -1.048516472219357121e-01
2.560000000000000053e-01 -8.365352984839628803e-02
2.640000000000000124e-01 -4.970924027795885908e-02
2.720000000000000195e-01 -8.830931123898717872e-03
2.800000000000000266e-01 3.688543253405515698e-02
2.879999999999999227e-01 8.028987480556241951e-02
2.959999999999999298e-01 1.136938421648036601e-01
3.039999999999999369e-01 1.361769905726731289e-01
3.119999999999999440e-01 1.457069757491185058e-01
3.199999999999999512e-01 1.383637773608629440e-01
3.279999999999999583e-01 1.140570197828199156e-01
3.359999999999999654e-01 7.496218794321540813e-02
3.439999999999999725e-01 2.985813165434371766e-02
3.519999999999999796e-01 -1.059397835544704201e-02
3.599999999999999867e-01 -4.476089057521334680e-02
3.679999999999999938e-01 -7.197321556816102528e-02
3.760000000000000009e-01 -8.715875170890698131e-02
3.840000000000000080e-01 -8.797821822486676102e-02
3.920000000000000151e-01 -7.788568525443892443e-02
4.000000000000000222e-01 -6.050953597546353951e-02
4.080000000000000293e-01 -3.696009954483595733e-02
4.160000000000000364e-01 -8.690039162416189969e-03
4.240000000000000435e-01 2.426533515146109612e-02
4.320000000000000506e-01 6.016638307150853210e-02
4.400000000000000577e-01 8.952673730246074602e-02
4.479999999999999538e-01 1.049700221086270757e-01
4.559999999999999609e-01 1.121310079024958051e-01
4.639999999999999680e-01 1.138594918005476353e-01
4.719999999999999751e-01 1.001956897244877104e-01
4.799999999999999822e-01 7.181269260483792716e-02
4.879999999999999893e-01 4.269200987024328320e-02
4.959999999999999964e-01 1.647293325535557906e-02
5.040000000000000036e-01 -1.038547052209661675e-02
5.120000000000000107e-01 -3.396968969842788927e-02
5.200000000000000178e-01 -4.987627456449318653e-02
5.280000000000000249e-01 -5.906944350379257636e-02
5.360000000000000320e-01 -6.014438954532542320e-02
5.440000000000000391e-01 -5.189456996226547714e-02
5.520000000000000462e-01 -3.664301258514628817e-02
5.600000000000000533e-01 -1.516493084553498759e-02
5.679999999999999494e-01 9.635527115306704790e-03
5.759999999999999565e-01 3.360251234962722405e-02
5.839999999999999636e-01 5.764064461540836098e-02
5.919999999999999707e-01 8.071736246973149065e-02
5.999999999999999778e-01 9.599722419296921605e-02
6.079999999999999849e-01 1.009876197637186584e-01
6.159999999999999920e-01 9.844628299615096334e-02
6.239999999999999991e-01 8.815760577769071737e-02
6.320000000000000062e-01 6.939791896649956382e-02
6.400000000000000133e-01 4.503346754118024708e-02
6.480000000000000204e-01 2.029538747865085660e-02
6.560000000000000275e-01 2.225930946520875337e-04
6.640000000000000346e-01 -1.396701234240463330e-02
6.720000000000000417e-01 -2.377240747286487113e-02
6.800000000000000488e-01 -2.951743743996815966e-02
6.880000000000000560e-01 -2.816749426730292757e-02
6.960000000000000631e-01 -1.707804563666990780e-02
7.040000000000000702e-01 -1.062159453941752561e-04
7.120000000000000773e-01 1.764706323014896341e-02
7.200000000000000844e-01 3.638615824133507870e-02
7.280000000000000915e-01 5.582290678167149689e-02
7.360000000000000986e-01 7.186283327471235105e-02
7.440000000000001057e-01 8.231433322502008931e-02
7.520000000000001128e-01 8.698791325879363934e-02
7.600000000000001199e-01 8.518399782213655069e-02
7.680000000000001270e-01 7.788460051633291914e-02
7.760000000000001341e-01 6.612212695713552690e-02
7.840000000000001412e-01 4.957077271981878003e-02
7.920000000000001483e-01 2.995687305787891538e-02
8.000000000000001554e-01 1.136174545112166902e-02
8.080000000000001625e-01 -3.385363270017642100e-03
8.160000000000001696e-01 -1.447677917448912839e-02
8.239999999999999547e-01 -2.187976205363376808e-02
8.319999999999999618e-01 -2.336695894341283414e-02
8.399999999999999689e-01 -1.832528049971219805e-02
8.479999999999999760e-01 -9.256739103534840363e-03
8.559999999999999831e-01 2.346544122107108599e-03
8.639999999999999902e-01 1.684387866300269751e-02
8.719999999999999973e-01 3.192747545939025877e-02
8.800000000000000044e-01 4.272121571133011275e-02
8.880000000000000115e-01 4.737638425502627842e-02
8.960000000000000187e-01 4.856117404538385501e-02
9.040000000000000258e-01 4.875526171604178949e-02
9.120000000000000329e-01 4.696362978057012916e-02
9.200000000000000400e-01 4.094430977379084902e-02
9.280000000000000471e-01 3.030103040713860024e-02
9.360000000000000542e-01 1.762454516835306254e-02
9.440000000000000613e-01 6.702266550333280809e-03
9.520000000000000684e-01 -1.529678162028396803e-03
9.600000000000000755e-01 -8.702855800441286829e-03
9.680000000000000826e-01 -1.472919686287963575e-02
9.760000000000000897e-01 -1.744126857121538338e-02
9.840000000000000968e-01 -1.613031637256976542e-02
9.920000000000001039e-01 -1.241895735900714476e-02
1.000000000000000000e+00 -7.508675588414773748e-03
1.008000000000000007e+00 -8.054151669063241287e-04
1.016000000000000014e+00 8.079874701887411817e-03
1.024000000000000021e+00 1.762830335035794546e-02
1.032000000000000028e+00 2.563872558303044794e-02
1.040000000000000036e+00 3.098839017465204390e-02
1.048000000000000043e+00 3.405000181230818934e-02
1.056000000000000050e+00 3.564092752717609724e-02
1.064000000000000057e+00 3.510586221535261231e-02
1.072000000000000064e+00 3.137065283561413925e-02
1.080000000000000071e+00 2.575364427558828745e-02
1.088000000000000078e+00 2.019104099187029114e-02
1.096000000000000085e+00 1.433463961980356756e-02
1.104000000000000092e+00 8.007311930481469248e-03
1.112000000000000099e+00 3.647069020955832300e-03
1.120000000000000107e+00 3.256124851771237307e-03
1.128000000000000114e+00 5.694787316160442210e-03
1.136000000000000121e+00 9.153703895307218133e-03
1.144000000000000128e+00 1.397340425963350223e-02
1.152000000000000135e+00 2.072551698650088731e-02
1.160000000000000142e+00 2.755416026330756440e-02
1.168000000000000149e+00 3.265027113509374329e-02
1.176000000000000156e+00 3.713220267287770798e-02
1.184000000000000163e+00 4.214024651987399034e-02
1.192000000000000171e+00 4.592827415237554084e-02
1.200000000000000178e+00 4.610164016034395962e-02
1.208000000000000185e+00 4.192432459547532769e-02
1.216000000000000192e+00 3.447226719186769622e-02
1.224000000000000199e+00 2.675532456169357406e-02
1.232000000000000206e+00 2.165074863528635568e-02
1.240000000000000213e+00 1.891211698620251166e-02
1.248000000000000220e+00 1.670113089398420070e-02
1.255999999999999783e+00 1.466766455794065241e-02
1.263999999999999790e+00 1.337423934022137148e-02
1.271999999999999797e+00 1.323978987374951032e-02
1.279999999999999805e+00 1.510104695321191209e-02
1.287999999999999812e+00 1.948794861621501104e-02
1.295999999999999819e+00 2.569086812802272995e-02
1.303999999999999826e+00 3.255644517593311166e-02
1.311999999999999833e+00 3.895554550902003560e-02
1.319999999999999840e+00 4.368181796696878061e-02
1.327999999999999847e+00 4.580962981330344991e-02
1.335999999999999854e+00 4.468135680563387752e-02
1.343999999999999861e+00 4.010561000076892646e-02
1.351999999999999869e+00 3.328601357211562889e-02
1.359999999999999876e+00 2.624654184949071559e-02
1.367999999999999883e+00 2.031198250115332990e-02
1.375999999999999890e+00 1.634644992293872792e-02
1.383999999999999897e+00 1.486195320416050514e-02
1.391999999999999904e+00 1.503128443600999092e-02
1.399999999999999911e+00 1.561746484783615822e-02
1.407999999999999918e+00 1.665784389655124154e-02
1.415999999999999925e+00 1.865572295322247970e-02
1.423999999999999932e+00 2.145011947460884888e-02
1.431999999999999940e+00 2.480933056675592788e-02
1.439999999999999947e+00 2.830075647395530539e-02
1.447999999999999954e+00 3.099911619933969423e-02
1.455999999999999961e+00 3.274632237870266777e-02
1.463999999999999968e+00 3.409015643833292197e-02
1.471999999999999975e+00 3.481251026027135792e-02
1.479999999999999982e+00 3.432665824018163447e-02
1.487999999999999989e+00 3.280286157527176338e-02
1.495999999999999996e+00 3.066365603419876629e-02
1.504000000000000004e+00 2.791976561868448475e-02
1.512000000000000011e+00 2.427778962622109335e-02
1.520000000000000018e+00 1.953090956570058614e-02
1.528000000000000025e+00 1.439404747186719992e-02
1.536000000000000032e+00 1.014546486501298472e-02
1.544000000000000039e+00 7.283085596729610943e-03
1.552000000000000046e+00 5.944481364668585850e-03
1.560000000000000053e+00 6.868887838636502860e-03
1.568000000000000060e+00 1.056409013056065598e-02
1.576000000000000068e+00 1.611138522898586389e-02
1.584000000000000075e+00 2.169303429536590180e-02
1.592000000000000082e+00 2.607365983467396786e-02
1.600000000000000089e+00 2.915731837994204809e-02
1.608000000000000096e+00 3.116032208285373847e-02
1.616000000000000103e+00 3.171320000743482054e-02
1.624000000000000110e+00 3.007220386231657105e-02
1.632000000000000117e+00 2.583043878121025344e-02
1.640000000000000124e+00 1.979607987077024872e-02
1.648000000000000131e+00 1.394488068613027390e-02
1.656000000000000139e+00 9.299259510992792174e-03
1.664000000000000146e+00 4.701383840379886291e-03
1.672000000000000153e+00 -1.082761567188395002e-03
1.680000000000000160e+00 -6.923461460351549961e-03
1.688000000000000167e+00 -1.023708129836628511e-02
1.696000000000000174e+00 -9.678405331260950262e-03
1.704000000000000181e+00 -5.857671803738317279e-03
1.712000000000000188e+00 0.000000000000000000e+00
