2.000000000000000000e+00 0.000000000000000000e+00
2.015000000000000124e+00 0.000000000000000000e+00
2.030000000000000249e+00 0.000000000000000000e+00
2.045000000000000373e+00 0.000000000000000000e+00
2.060000000000000497e+00 0.000000000000000000e+00
2.075000000000000622e+00 0.000000000000000000e+00
2.090000000000000746e+00 0.000000000000000000e+00
2.105000000000000870e+00 0.000000000000000000e+00
2.120000000000000995e+00 0.000000000000000000e+00
2.135000000000001119e+00 0.000000000000000000e+00
2.150000000000001243e+00 0.000000000000000000e+00
2.165000000000001368e+00 0.000000000000000000e+00
2.180000000000001492e+00 0.000000000000000000e+00
2.195000000000001616e+00 0.000000000000000000e+00
2.210000000000001741e+00 0.000000000000000000e+00
2.225000000000001865e+00 0.000000000000000000e+00
2.240000000000001990e+00 0.000000000000000000e+00
2.255000000000002114e+00 0.000000000000000000e+00
2.270000000000002238e+00 0.000000000000000000e+00
2.285000000000002363e+00 0.000000000000000000e+00
2.300000000000002487e+00 0.000000000000000000e+00
2.315000000000002611e+00 0.000000000000000000e+00
2.330000000000002736e+00 0.000000000000000000e+00
2.345000000000002860e+00 0.000000000000000000e+00
2.360000000000002984e+00 0.000000000000000000e+00
2.375000000000003109e+00 0.000000000000000000e+00
2.390000000000003233e+00 0.000000000000000000e+00
2.405000000000003357e+00 0.000000000000000000e+00
2.420000000000003482e+00 0.000000000000000000e+00
2.435000000000003606e+00 0.000000000000000000e+00
2.450000000000003730e+00 0.000000000000000000e+00
2.465000000000003855e+00 0.000000000000000000e+00
2.480000000000003979e+00 0.000000000000000000e+00
2.495000000000004103e+00 0.000000000000000000e+00
2.510000000000004228e+00 0.000000000000000000e+00
2.525000000000004352e+00 0.000000000000000000e+00
2.540000000000004476e+00 0.000000000000000000e+00
2.555000000000004601e+00 0.000000000000000000e+00
2.570000000000004725e+00 0.000000000000000000e+00
2.585000000000004849e+00 0.000000000000000000e+00
2.600000000000004974e+00 0.000000000000000000e+00
2.615000000000005098e+00 0.000000000000000000e+00
2.630000000000005222e+00 0.000000000000000000e+00
2.645000000000005347e+00 0.000000000000000000e+00
2.660000000000005471e+00 0.000000000000000000e+00
2.675000000000005596e+00 0.000000000000000000e+00
2.690000000000005720e+00 0.000000000000000000e+00
2.705000000000005844e+00 0.000000000000000000e+00
2.720000000000005969e+00 0.000000000000000000e+00
2.735000000000006093e+00 0.000000000000000000e+00
2.750000000000006217e+00 0.000000000000000000e+00
2.765000000000006342e+00 0.000000000000000000e+00
2.780000000000006466e+00 0.000000000000000000e+00
2.795000000000006590e+00 0.000000000000000000e+00
2.810000000000006715e+00 0.000000000000000000e+00
2.825000000000006839e+00 0.000000000000000000e+00
2.840000000000006963e+00 0.000000000000000000e+00
2.855000000000007088e+00 0.000000000000000000e+00
2.870000000000007212e+00 0.000000000000000000e+00
2.885000000000007336e+00 0.000000000000000000e+00
2.900000000000007461e+00 0.000000000000000000e+00
2.915000000000007585e+00 0.000000000000000000e+00
2.930000000000007709e+00 0.000000000000000000e+00
2.945000000000007834e+00 0.000000000000000000e+00
2.960000000000007958e+00 0.000000000000000000e+00
2.975000000000008082e+00 0.000000000000000000e+00
2.990000000000008207e+00 0.000000000000000000e+00
3.005000000000008331e+00 0.000000000000000000e+00
3.020000000000008455e+00 0.000000000000000000e+00
3.035000000000008580e+00 0.000000000000000000e+00
3.050000000000008704e+00 0.000000000000000000e+00
3.065000000000008828e+00 0.000000000000000000e+00
3.080000000000008953e+00 0.000000000000000000e+00
3.095000000000009077e+00 6.106531878812203025e-04
3.110000000000009202e+00 1.882068514196755943e-02
3.125000000000009326e+00 1.589543380566629804e-02
3.140000000000009450e+00 3.547299086930682382e-02
3.155000000000009575e+00 2.586513337283821712e-01
3.170000000000009699e+00 6.802558346049071281e-01
3.185000000000009823e+00 1.000000000000000000e+00
3.200000000000009948e+00 8.393468737332980822e-01
3.215000000000010072e+00 3.790464586940168745e-01
3.230000000000010196e+00 6.813087435683598536e-02
3.245000000000010321e+00 0.000000000000000000e+00
3.260000000000010445e+00 0.000000000000000000e+00
3.275000000000010569e+00 0.000000000000000000e+00
3.290000000000010694e+00 0.000000000000000000e+00
3.305000000000010818e+00 0.000000000000000000e+00
3.320000000000010942e+00 0.000000000000000000e+00
3.335000000000011067e+00 0.000000000000000000e+00
3.350000000000011191e+00 0.000000000000000000e+00
3.365000000000011315e+00 0.000000000000000000e+00
3.380000000000011440e+00 0.000000000000000000e+00
3.395000000000011564e+00 0.000000000000000000e+00
3.410000000000011688e+00 0.000000000000000000e+00
3.425000000000011813e+00 0.000000000000000000e+00
3.440000000000011937e+00 0.000000000000000000e+00
3.455000000000012061e+00 0.000000000000000000e+00
3.470000000000012186e+00 0.000000000000000000e+00
3.485000000000012310e+00 0.000000000000000000e+00
3.500000000000012434e+00 0.000000000000000000e+00
3.515000000000012559e+00 0.000000000000000000e+00
3.530000000000012683e+00 0.000000000000000000e+00
3.545000000000012808e+00 0.000000000000000000e+00
3.560000000000012932e+00 0.000000000000000000e+00
3.575000000000013056e+00 0.000000000000000000e+00
3.590000000000013181e+00 0.000000000000000000e+00
3.605000000000013305e+00 0.000000000000000000e+00
3.620000000000013429e+00 0.000000000000000000e+00
3.635000000000013554e+00 0.000000000000000000e+00
3.650000000000013678e+00 0.000000000000000000e+00
3.665000000000013802e+00 0.000000000000000000e+00
3.680000000000013927e+00 0.000000000000000000e+00
3.695000000000014051e+00 0.000000000000000000e+00
3.710000000000014175e+00 0.000000000000000000e+00
3.725000000000014300e+00 0.000000000000000000e+00
3.740000000000014424e+00 0.000000000000000000e+00
3.755000000000014548e+00 0.000000000000000000e+00
3.770000000000014673e+00 0.000000000000000000e+00
3.785000000000014797e+00 0.000000000000000000e+00
3.800000000000014921e+00 0.000000000000000000e+00
3.815000000000015046e+00 0.000000000000000000e+00
3.830000000000015170e+00 0.000000000000000000e+00
3.845000000000015294e+00 0.000000000000000000e+00
3.860000000000015419e+00 0.000000000000000000e+00
3.875000000000015543e+00 0.000000000000000000e+00
3.890000000000015667e+00 0.000000000000000000e+00
3.905000000000015792e+00 0.000000000000000000e+00
3.920000000000015916e+00 0.000000000000000000e+00
3.935000000000016041e+00 0.000000000000000000e+00
3.950000000000016165e+00 0.000000000000000000e+00
3.965000000000016289e+00 0.000000000000000000e+00
3.980000000000016414e+00 0.000000000000000000e+00
3.995000000000016538e+00 0.000000000000000000e+00
