0.000000000000000000e+00 1.000000000000000000e+00
8.000000000000007105e-03 9.958639380777334349e-01
1.600000000000001421e-02 9.869208480172114717e-01
2.400000000000002132e-02 9.729783075901065059e-01
3.200000000000002842e-02 9.537490778921754453e-01
3.999999999999998002e-02 9.291697971791105237e-01
4.799999999999998712e-02 8.991856399660459465e-01
5.599999999999999423e-02 8.638495367534066993e-01
6.400000000000000133e-02 8.236595917816007528e-01
7.199999999999995293e-02 7.796285494205587030e-01
7.999999999999996003e-02 7.326877377028194749e-01
8.799999999999996714e-02 6.832596674876140197e-01
9.599999999999997424e-02 6.320691579283976846e-01
1.039999999999999813e-01 5.798537929063036778e-01
1.119999999999999885e-01 5.263184181075581947e-01
1.199999999999999956e-01 4.715332681466394282e-01
1.280000000000000027e-01 4.163918459619501133e-01
1.360000000000000098e-01 3.604831616297703434e-01
1.440000000000000169e-01 3.034687741333838007e-01
1.520000000000000240e-01 2.477159861192181067e-01
1.600000000000000311e-01 1.951842199287059931e-01
1.680000000000000382e-01 1.449050090870589169e-01
1.760000000000000453e-01 9.591802868151509676e-02
1.840000000000000524e-01 4.844055368870919809e-02
1.920000000000000595e-01 2.890061813428224709e-03
2.000000000000000666e-01 -4.005140167397186479e-02
2.079999999999999627e-01 -8.034197365865981821e-02
2.159999999999999698e-01 -1.179921688314135991e-01
2.239999999999999769e-01 -1.520749049873721392e-01
2.319999999999999840e-01 -1.831172761109514102e-01
2.399999999999999911e-01 -2.124671991135712312e-01
2.479999999999999982e-01 -2.391028263734966408e-01
2.560000000000000053e-01 -2.620114603927130581e-01
2.640000000000000124e-01 -2.829288659068094902e-01
2.719999999999999085e-01 -3.029993201734214048e-01
2.799999999999999156e-01 -3.198968430806577445e-01
2.879999999999999227e-01 -3.313422274754345698e-01
2.959999999999999298e-01 -3.385463772685045059e-01
3.039999999999999369e-01 -3.431822326802281831e-01
3.119999999999999440e-01 -3.455614833543681486e-01
3.199999999999999512e-01 -3.471014947983926402e-01
3.279999999999999583e-01 -3.490439691031849700e-01
3.359999999999999654e-01 -3.507632517721380738e-01
3.439999999999999725e-01 -3.518863902680467448e-01
3.519999999999999796e-01 -3.520919724336162848e-01
3.599999999999999867e-01 -3.503391637391747304e-01
3.679999999999999938e-01 -3.468930902289085738e-01
3.760000000000000009e-01 -3.435265981628863874e-01
3.840000000000000080e-01 -3.408851557457831527e-01
3.920000000000000151e-01 -3.373652090216374133e-01
4.000000000000000222e-01 -3.325353579155689854e-01
4.080000000000000293e-01 -3.287800177332018681e-01
4.160000000000000364e-01 -3.260304966893131096e-01
4.240000000000000435e-01 -3.210188089169436210e-01
4.319999999999999396e-01 -3.129043412490026266e-01
4.399999999999999467e-01 -3.027339397432051715e-01
4.479999999999999538e-01 -2.914012788104742846e-01
4.559999999999999609e-01 -2.809348256218637263e-01
4.639999999999999680e-01 -2.720559397526642331e-01
4.719999999999999751e-01 -2.629987257721445593e-01
4.799999999999999822e-01 -2.524414067527649408e-01
4.879999999999999893e-01 -2.402559758470254325e-01
4.959999999999999964e-01 -2.275908532323735189e-01
5.040000000000000036e-01 -2.154376947997483915e-01
5.120000000000000107e-01 -2.025368823882891245e-01
5.200000000000000178e-01 -1.878587438662568110e-01
5.280000000000000249e-01 -1.712101736532540275e-01
5.360000000000000320e-01 -1.523087113807619630e-01
5.440000000000000391e-01 -1.331654616655585655e-01
5.519999999999999352e-01 -1.149397639409194538e-01
5.599999999999999423e-01 -9.508788699888234830e-02
5.679999999999999494e-01 -7.299081145758191946e-02
5.759999999999999565e-01 -5.032226035172544798e-02
5.839999999999999636e-01 -2.790024739894096314e-02
5.919999999999999707e-01 -7.500714070669875673e-03
5.999999999999999778e-01 1.007158084627166224e-02
6.079999999999999849e-01 2.657764188928293456e-02
6.159999999999999920e-01 4.270163851855623277e-02
6.239999999999999991e-01 5.845693119485004252e-02
6.320000000000000062e-01 7.417587444887763226e-02
6.400000000000000133e-01 8.850120917534153031e-02
6.480000000000000204e-01 9.976548869248165474e-02
6.560000000000000275e-01 1.081767534736471081e-01
6.640000000000000346e-01 1.153061877135580643e-01
6.720000000000000417e-01 1.220670349912888059e-01
6.800000000000000488e-01 1.271254195872138226e-01
6.880000000000000560e-01 1.292071327749762799e-01
6.960000000000000631e-01 1.287534953369388613e-01
7.040000000000000702e-01 1.257139954068081378e-01
7.120000000000000773e-01 1.205464380122135692e-01
7.200000000000000844e-01 1.153549100295460789e-01
7.280000000000000915e-01 1.096840943259581869e-01
7.360000000000000986e-01 1.008853216028343380e-01
7.440000000000001057e-01 8.919818446916388810e-02
7.520000000000001128e-01 7.573838634522911395e-02
7.600000000000001199e-01 5.988730776522516175e-02
7.680000000000001270e-01 4.310250002256620777e-02
7.760000000000001341e-01 2.773707921742177979e-02
7.840000000000001412e-01 1.253186696122804769e-02
7.920000000000001483e-01 -4.049288268877071495e-03
8.000000000000001554e-01 -2.126589776221850941e-02
8.079999999999999405e-01 -3.955644249438882570e-02
8.159999999999999476e-01 -5.974451009033248522e-02
8.239999999999999547e-01 -7.978366798897831846e-02
8.319999999999999618e-01 -9.722605617340467077e-02
8.399999999999999689e-01 -1.125614825325231688e-01
8.479999999999999760e-01 -1.276566344981776013e-01
8.559999999999999831e-01 -1.433570877255528064e-01
8.639999999999999902e-01 -1.595039455881720747e-01
8.719999999999999973e-01 -1.748665814435131360e-01
8.800000000000000044e-01 -1.873352134113572820e-01
8.880000000000000115e-01 -1.959663789111626975e-01
8.960000000000000187e-01 -2.021547285884700562e-01
9.040000000000000258e-01 -2.083314116747802536e-01
9.120000000000000329e-01 -2.155346127890631069e-01
9.200000000000000400e-01 -2.229220140250285642e-01
9.280000000000000471e-01 -2.297472587724344040e-01
9.360000000000000542e-01 -2.352033181559746999e-01
9.440000000000000613e-01 -2.383459706434537528e-01
9.520000000000000684e-01 -2.406296682881854110e-01
9.600000000000000755e-01 -2.440088960292401965e-01
9.680000000000000826e-01 -2.476900181493419950e-01
9.760000000000000897e-01 -2.500565358949074501e-01
9.840000000000000968e-01 -2.501231513521465222e-01
9.919999999999998819e-01 -2.480580976671956095e-01
9.999999999999998890e-01 -2.454463720499461266e-01
1.008000000000000007e+00 -2.428040550199985215e-01
1.016000000000000014e+00 -2.399847272016172317e-01
1.024000000000000021e+00 -2.372394966611513223e-01
1.032000000000000028e+00 -2.331718511562315965e-01
1.040000000000000036e+00 -2.271304415223913131e-01
1.048000000000000043e+00 -2.207451622027860050e-01
1.056000000000000050e+00 -2.139237747415189961e-01
1.064000000000000057e+00 -2.059846328105600921e-01
1.072000000000000064e+00 -1.979897838240256003e-01
1.080000000000000071e+00 -1.899974649653496106e-01
1.088000000000000078e+00 -1.814546204832710175e-01
1.096000000000000085e+00 -1.728560328416851866e-01
1.104000000000000092e+00 -1.642132372931624784e-01
1.112000000000000099e+00 -1.549767242235298992e-01
1.120000000000000107e+00 -1.447197777872421542e-01
1.128000000000000114e+00 -1.331113094538209363e-01
1.136000000000000121e+00 -1.200806979147086700e-01
1.144000000000000128e+00 -1.057951996078407980e-01
1.152000000000000135e+00 -9.163676842400100830e-02
1.160000000000000142e+00 -7.913851448595289606e-02
1.168000000000000149e+00 -6.739165774304088641e-02
1.176000000000000156e+00 -5.529041552054678177e-02
1.184000000000000163e+00 -4.320293494961143649e-02
1.192000000000000171e+00 -3.104173043907675067e-02
1.200000000000000178e+00 -1.940051359729677224e-02
1.208000000000000185e+00 -9.662263413195967821e-03
1.216000000000000192e+00 -1.492209777019889820e-03
1.224000000000000199e+00 6.225955398920551137e-03
1.232000000000000206e+00 1.444070734229752073e-02
1.239999999999999769e+00 2.381489080838334466e-02
1.247999999999999776e+00 3.333114387786248467e-02
1.255999999999999783e+00 4.156883811327626715e-02
1.263999999999999790e+00 4.848946320442659719e-02
1.271999999999999797e+00 5.459635665490562145e-02
1.279999999999999805e+00 5.973721463168855245e-02
1.287999999999999812e+00 6.285638242758280481e-02
1.295999999999999819e+00 6.363217858461335530e-02
1.303999999999999826e+00 6.300416827479436710e-02
1.311999999999999833e+00 6.183753713745201303e-02
1.319999999999999840e+00 6.110012761526976283e-02
1.327999999999999847e+00 6.071366983636422576e-02
1.335999999999999854e+00 5.978211837637201903e-02
1.343999999999999861e+00 6.023311160879105813e-02
1.351999999999999869e+00 6.439857047445597671e-02
1.359999999999999876e+00 7.126550171121646959e-02
1.367999999999999883e+00 7.927021363331393511e-02
1.375999999999999890e+00 8.748757783289333456e-02
1.383999999999999897e+00 9.448572109285863219e-02
1.391999999999999904e+00 9.803019953821175136e-02
1.399999999999999911e+00 9.553790206969155208e-02
1.407999999999999918e+00 8.702687217227071670e-02
1.415999999999999925e+00 7.345499352457465769e-02
1.423999999999999932e+00 5.324604404348266817e-02
1.431999999999999940e+00 2.709114564520171201e-02
1.439999999999999947e+00 -1.365401617044712879e-03
1.447999999999999954e+00 -3.077074771136382308e-02
1.455999999999999961e+00 -5.973972055428778544e-02
1.463999999999999968e+00 -8.592425605449272030e-02
1.471999999999999975e+00 -1.090911954024369607e-01
1.479999999999999982e+00 -1.285688417590970800e-01
1.487999999999999989e+00 -1.438427727506546849e-01
1.495999999999999996e+00 -1.573773497155345757e-01
1.504000000000000004e+00 -1.698478302665185347e-01
1.512000000000000011e+00 -1.794199158625016388e-01
1.520000000000000018e+00 -1.864143235241174923e-01
1.528000000000000025e+00 -1.911684382266156113e-01
1.536000000000000032e+00 -1.932680707184870061e-01
1.544000000000000039e+00 -1.953694303275008703e-01
1.552000000000000046e+00 -2.000625369503840345e-01
1.560000000000000053e+00 -2.059826616845838732e-01
1.568000000000000060e+00 -2.111016747188951825e-01
1.576000000000000068e+00 -2.147552601689994012e-01
1.584000000000000075e+00 -2.164119262807283062e-01
1.592000000000000082e+00 -2.159949391442645139e-01
1.600000000000000089e+00 -2.147469997152650911e-01
1.608000000000000096e+00 -2.138767277845394776e-01
1.616000000000000103e+00 -2.121451756882041240e-01
1.624000000000000110e+00 -2.082085686476898012e-01
1.632000000000000117e+00 -2.045223990066563913e-01
1.640000000000000124e+00 -2.033163118631472754e-01
1.648000000000000131e+00 -2.026513712687132152e-01
1.656000000000000139e+00 -2.003239356458013376e-01
1.664000000000000146e+00 -1.955314798641836216e-01
1.672000000000000153e+00 -1.874360744001594414e-01
1.680000000000000160e+00 -1.771987559136561918e-01
1.688000000000000167e+00 -1.679743170360716853e-01
1.696000000000000174e+00 -1.606688932564341588e-01
1.704000000000000181e+00 -1.532259928883723532e-01
1.712000000000000188e+00 -1.446263871375544074e-01
1.720000000000000195e+00 -1.358752426011747561e-01
1.728000000000000203e+00 -1.270127387757755133e-01
1.736000000000000210e+00 -1.176713099827345621e-01
1.744000000000000217e+00 -1.091161169066171693e-01
1.752000000000000224e+00 -1.018303013093700138e-01
1.760000000000000231e+00 -9.439043051853673871e-02
1.768000000000000238e+00 -8.595012058477738415e-02
1.776000000000000245e+00 -7.660576547386611923e-02
1.784000000000000252e+00 -6.627484588554941047e-02
1.792000000000000259e+00 -5.481851601774738458e-02
1.800000000000000266e+00 -4.260765261494157269e-02
1.808000000000000274e+00 -3.036251443227221819e-02
1.816000000000000281e+00 -1.851558652704462377e-02
1.824000000000000288e+00 -7.855768730730364191e-03
1.832000000000000295e+00 7.326736285078568533e-04
1.840000000000000302e+00 8.491385068569487493e-03
1.848000000000000309e+00 1.729579086192493259e-02
1.856000000000000316e+00 2.649686238664070506e-02
1.864000000000000323e+00 3.447956958594725757e-02
1.872000000000000330e+00 4.079776768341098619e-02
1.880000000000000338e+00 4.570987026797335845e-02
1.888000000000000345e+00 4.942797627025850848e-02
1.896000000000000352e+00 5.163820914313756172e-02
1.904000000000000359e+00 5.261326046979161036e-02
1.912000000000000366e+00 5.329203400737559521e-02
1.920000000000000373e+00 5.248361973805973357e-02
1.928000000000000380e+00 4.839312775579224235e-02
1.936000000000000387e+00 4.269162872015287713e-02
1.944000000000000394e+00 3.844462603343318241e-02
1.952000000000000401e+00 3.638497102051855420e-02
1.960000000000000409e+00 3.498061660231157471e-02
1.968000000000000416e+00 3.213052875790509827e-02
1.976000000000000423e+00 2.701416982560956095e-02
1.984000000000000430e+00 2.045538648721348732e-02
1.992000000000000437e+00 1.409655656107570640e-02
2.000000000000000444e+00 9.139684917037618067e-03
2.008000000000000451e+00 4.412828887629998732e-03
2.016000000000000458e+00 -2.388866407809239843e-03
2.024000000000000465e+00 -1.171365879574119868e-02
2.032000000000000473e+00 -2.252732280385989425e-02
2.040000000000000480e+00 -3.332840149776172822e-02
2.048000000000000487e+00 -4.330960856136484294e-02
2.056000000000000494e+00 -5.394887991585428644e-02
2.064000000000000501e+00 -6.672929171111068036e-02
2.072000000000000508e+00 -8.091106084948958277e-02
2.080000000000000515e+00 -9.534395995938917123e-02
2.088000000000000522e+00 -1.093261222080642164e-01
2.096000000000000529e+00 -1.220940394319013217e-01
2.104000000000000536e+00 -1.336647465347382824e-01
2.112000000000000544e+00 -1.447472131651834082e-01
2.119999999999999662e+00 -1.548783355251721061e-01
2.127999999999999670e+00 -1.628958025800409937e-01
2.135999999999999677e+00 -1.698612625468963744e-01
2.143999999999999684e+00 -1.779495509735700698e-01
2.151999999999999691e+00 -1.867849481065729234e-01
2.159999999999999698e+00 -1.943937447856488587e-01
2.167999999999999705e+00 -1.997664307547206974e-01
2.175999999999999712e+00 -2.031861771287430118e-01
2.183999999999999719e+00 -2.058701312650285109e-01
2.191999999999999726e+00 -2.085596771068598809e-01
2.199999999999999734e+00 -2.108732377280461423e-01
2.207999999999999741e+00 -2.125124976350057093e-01
2.215999999999999748e+00 -2.137006644716571424e-01
2.223999999999999755e+00 -2.151478357240146355e-01
2.231999999999999762e+00 -2.175064394029739556e-01
2.239999999999999769e+00 -2.203143830932293434e-01
2.247999999999999776e+00 -2.225435255956573488e-01
2.255999999999999783e+00 -2.236117117467337767e-01
2.263999999999999790e+00 -2.235482244551821873e-01
2.271999999999999797e+00 -2.223493856620661346e-01
2.279999999999999805e+00 -2.192824714162370514e-01
2.287999999999999812e+00 -2.145478627860301357e-01
2.295999999999999819e+00 -2.098471436928447120e-01
2.303999999999999826e+00 -2.052403722794330365e-01
2.311999999999999833e+00 -1.993942802168603701e-01
2.319999999999999840e+00 -1.930017259462344370e-01
2.327999999999999847e+00 -1.872666585595290645e-01
2.335999999999999854e+00 -1.811677101305878557e-01
2.343999999999999861e+00 -1.740450122826517343e-01
2.351999999999999869e+00 -1.674111129242827345e-01
2.359999999999999876e+00 -1.617601555961462600e-01
2.367999999999999883e+00 -1.556611079238422179e-01
2.375999999999999890e+00 -1.486214291404151788e-01
2.383999999999999897e+00 -1.409686950082987278e-01
2.391999999999999904e+00 -1.324824771384477406e-01
2.399999999999999911e+00 -1.235973773738052311e-01
2.407999999999999918e+00 -1.149459288521849365e-01
2.415999999999999925e+00 -1.055400892077140301e-01
2.423999999999999932e+00 -9.461711368600524141e-02
2.431999999999999940e+00 -8.384287962872627453e-02
2.439999999999999947e+00 -7.514847140680150361e-02
2.447999999999999954e+00 -6.833751799840537267e-02
2.455999999999999961e+00 -6.213376856842530577e-02
2.463999999999999968e+00 -5.513316685166789327e-02
2.471999999999999975e+00 -4.569503887740200554e-02
2.479999999999999982e+00 -3.385503538909106352e-02
2.487999999999999989e+00 -2.249345395708991779e-02
2.495999999999999996e+00 -1.447638906702591009e-02
2.504000000000000004e+00 -1.058828088910061804e-02
2.512000000000000011e+00 -1.090347292189369245e-02
2.520000000000000018e+00 -1.523991065780527440e-02
2.528000000000000025e+00 -2.218439092809530028e-02
2.536000000000000032e+00 -2.992671909999963104e-02
2.544000000000000039e+00 -3.830672746470626527e-02
2.552000000000000046e+00 -4.940783213832031923e-02
2.560000000000000053e+00 -6.486463657506892633e-02
2.568000000000000060e+00 -8.247931986036849406e-02
2.576000000000000068e+00 -9.797672589703600166e-02
2.584000000000000075e+00 -1.089142959170433939e-01
2.592000000000000082e+00 -1.143172763588922447e-01
2.600000000000000089e+00 -1.135014625616384276e-01
2.608000000000000096e+00 -1.070956668536577339e-01
2.616000000000000103e+00 -9.750070709793831614e-02
2.624000000000000110e+00 -8.744621303752393715e-02
2.632000000000000117e+00 -7.754549017495268592e-02
2.640000000000000124e+00 -6.759903933253877395e-02
2.648000000000000131e+00 -6.029796550156416718e-02
2.656000000000000139e+00 -5.835585602645677189e-02
2.664000000000000146e+00 -6.066905508584138212e-02
2.672000000000000153e+00 -6.554652934810561993e-02
2.680000000000000160e+00 -7.244817323904449713e-02
2.688000000000000167e+00 -8.033456123523739778e-02
2.696000000000000174e+00 -8.857570464061079174e-02
2.704000000000000181e+00 -9.725188896435221775e-02
2.712000000000000188e+00 -1.062863313585033775e-01
2.720000000000000195e+00 -1.160177204264439405e-01
2.728000000000000203e+00 -1.264621985522405567e-01
2.736000000000000210e+00 -1.360141740414827771e-01
2.744000000000000217e+00 -1.428905638896519614e-01
2.752000000000000224e+00 -1.473819823952204899e-01
2.760000000000000231e+00 -1.517784030570112075e-01
2.768000000000000238e+00 -1.581977014265391890e-01
2.776000000000000245e+00 -1.666766766002433509e-01
2.784000000000000252e+00 -1.753519203799557002e-01
2.792000000000000259e+00 -1.825479243773465154e-01
2.800000000000000266e+00 -1.881050787341647657e-01
2.808000000000000274e+00 -1.922752953769927275e-01
2.816000000000000281e+00 -1.949281162050018057e-01
2.824000000000000288e+00 -1.961437828791207372e-01
2.832000000000000295e+00 -1.959543829511937174e-01
2.840000000000000302e+00 -1.943503322950699275e-01
2.848000000000000309e+00 -1.922761300475327451e-01
2.856000000000000316e+00 -1.908695035088468495e-01
2.864000000000000323e+00 -1.899414072531940001e-01
2.872000000000000330e+00 -1.885266216471888634e-01
2.880000000000000338e+00 -1.858000182458634242e-01
2.888000000000000345e+00 -1.811840056202332627e-01
2.896000000000000352e+00 -1.755783689963913430e-01
2.904000000000000359e+00 -1.716500874113349173e-01
2.912000000000000366e+00 -1.702242804734136750e-01
2.920000000000000373e+00 -1.683238100602188481e-01
2.928000000000000380e+00 -1.633797699265598924e-01
2.936000000000000387e+00 -1.563737811382457932e-01
2.944000000000000394e+00 -1.489667555149594147e-01
2.952000000000000401e+00 -1.413056736161479587e-01
2.960000000000000409e+00 -1.336608037785663727e-01
2.968000000000000416e+00 -1.263865443635383556e-01
2.976000000000000423e+00 -1.183281373090389749e-01
2.984000000000000430e+00 -1.085430878604794341e-01
2.992000000000000437e+00 -9.838981730003766579e-02
3.000000000000000444e+00 -8.965507604722264268e-02
3.008000000000000451e+00 -8.252695620139223476e-02
3.016000000000000458e+00 -7.654359275166097709e-02
3.024000000000000465e+00 -7.115938491388879017e-02
3.032000000000000473e+00 -6.466706174393339890e-02
3.040000000000000480e+00 -5.557469098526569146e-02
3.048000000000000487e+00 -4.561944440810678653e-02
3.056000000000000494e+00 -3.776240768393422653e-02
3.064000000000000501e+00 -3.203152626907391359e-02
3.072000000000000508e+00 -2.704940629481448686e-02
3.080000000000000515e+00 -2.235684295905911514e-02
3.088000000000000522e+00 -1.687992888406903563e-02
3.096000000000000529e+00 -9.830138348756881431e-03
3.104000000000000536e+00 -2.717806141669993573e-03
3.112000000000000544e+00 3.122850896334587647e-03
3.119999999999999662e+00 7.802014114084469647e-03
3.127999999999999670e+00 1.084447487185673763e-02
3.135999999999999677e+00 1.181694125789979795e-02
3.143999999999999684e+00 1.146915130697328741e-02
3.151999999999999691e+00 1.061778898495820654e-02
3.159999999999999698e+00 9.833963597922323885e-03
3.167999999999999705e+00 8.697964021561479034e-03
3.175999999999999712e+00 5.627824927205224079e-03
3.183999999999999719e+00 9.311658261090637176e-04
3.191999999999999726e+00 -3.575797761864652445e-03
3.199999999999999734e+00 -8.297672059633101269e-03
3.207999999999999741e+00 -1.436923740185069506e-02
3.215999999999999748e+00 -2.091529963546152893e-02
3.223999999999999755e+00 -2.679144756521461071e-02
3.231999999999999762e+00 -3.260113843089301744e-02
3.239999999999999769e+00 -4.013996554578345977e-02
3.247999999999999776e+00 -4.971221937657997053e-02
3.255999999999999783e+00 -5.933010988233774347e-02
3.263999999999999790e+00 -6.805379049239615452e-02
3.271999999999999797e+00 -7.638492529313975488e-02
3.279999999999999805e+00 -8.370429290738753969e-02
3.287999999999999812e+00 -8.997569455648110615e-02
3.295999999999999819e+00 -9.689178016761011702e-02
3.303999999999999826e+00 -1.047839983619802545e-01
3.311999999999999833e+00 -1.124307438721964675e-01
3.319999999999999840e+00 -1.196622099638455367e-01
3.327999999999999847e+00 -1.270732265626858815e-01
3.335999999999999854e+00 -1.344266954358184218e-01
3.343999999999999861e+00 -1.410087306378653427e-01
3.351999999999999869e+00 -1.465575772924551101e-01
3.359999999999999876e+00 -1.509421049005956750e-01
3.367999999999999883e+00 -1.538946236026529912e-01
3.375999999999999890e+00 -1.558896969041894398e-01
3.383999999999999897e+00 -1.579907224919918363e-01
3.391999999999999904e+00 -1.601786055532587461e-01
3.399999999999999911e+00 -1.616903891949092731e-01
3.407999999999999918e+00 -1.629418374131841873e-01
3.415999999999999925e+00 -1.643837891945711394e-01
3.423999999999999932e+00 -1.644510741872883264e-01
3.431999999999999940e+00 -1.619157447375712544e-01
3.439999999999999947e+00 -1.584766394610536144e-01
3.447999999999999954e+00 -1.561554622638474388e-01
3.455999999999999961e+00 -1.545112179906438232e-01
3.463999999999999968e+00 -1.524777724565282711e-01
3.471999999999999975e+00 -1.505101519663383791e-01
3.479999999999999982e+00 -1.495252174601381101e-01
3.487999999999999989e+00 -1.494472319131979476e-01
3.495999999999999996e+00 -1.493963072752048094e-01
3.504000000000000004e+00 -1.485938935055424182e-01
3.512000000000000011e+00 -1.470316679923332481e-01
3.520000000000000018e+00 -1.450333454051008775e-01
3.528000000000000025e+00 -1.423779221836732611e-01
3.536000000000000032e+00 -1.385437960726968731e-01
3.544000000000000039e+00 -1.332188094710270443e-01
3.552000000000000046e+00 -1.263363853022554661e-01
3.560000000000000053e+00 -1.186157101566147065e-01
3.568000000000000060e+00 -1.119222557144961272e-01
3.576000000000000068e+00 -1.075403020849371449e-01
3.584000000000000075e+00 -1.038634194511674352e-01
3.592000000000000082e+00 -9.797994276348562237e-02
3.600000000000000089e+00 -8.949603779218645583e-02
3.608000000000000096e+00 -8.019813593434818588e-02
3.616000000000000103e+00 -7.164661519385762123e-02
3.624000000000000110e+00 -6.501845685320192803e-02
3.632000000000000117e+00 -6.013715309195096642e-02
3.640000000000000124e+00 -5.477473761649746115e-02
3.648000000000000131e+00 -4.773191029903078864e-02
3.656000000000000139e+00 -4.010146112296782139e-02
3.664000000000000146e+00 -3.229925824196025474e-02
3.672000000000000153e+00 -2.375339910990592260e-02
3.680000000000000160e+00 -1.515244884182793614e-02
3.688000000000000167e+00 -7.351572273205438102e-03
3.696000000000000174e+00 0.000000000000000000e+00
