0.000000000000000000e+00 1.000000000000000000e+00
8.000000000000007105e-03 9.989785136047437675e-01
1.600000000000001421e-02 9.934155425418723651e-01
2.400000000000002132e-02 9.829118694928223876e-01
3.200000000000002842e-02 9.669832461633340870e-01
3.999999999999998002e-02 9.452396613096106792e-01
4.799999999999998712e-02 9.176682259821213883e-01
5.599999999999999423e-02 8.849178903203738233e-01
6.400000000000000133e-02 8.482823455076679009e-01
7.199999999999995293e-02 8.092317466630564171e-01
7.999999999999996003e-02 7.687965960295263246e-01
8.799999999999996714e-02 7.273241303185044027e-01
9.599999999999997424e-02 6.847782511439732822e-01
1.039999999999999813e-01 6.411994864111636439e-01
1.119999999999999885e-01 5.968330850367838947e-01
1.199999999999999956e-01 5.518895500921207065e-01
1.280000000000000027e-01 5.063428718932001527e-01
1.360000000000000098e-01 4.600660950177748454e-01
1.440000000000000169e-01 4.131445350275027018e-01
1.520000000000000240e-01 3.660120335155221394e-01
1.600000000000000311e-01 3.193310991359694095e-01
1.680000000000000382e-01 2.738503696776205532e-01
1.760000000000000453e-01 2.303920290561286277e-01
1.840000000000000524e-01 1.898096476721999604e-01
1.920000000000000595e-01 1.527127726555074505e-01
2.000000000000000666e-01 1.190929856322185676e-01
2.079999999999999627e-01 8.824996330826254121e-02
2.159999999999999698e-01 5.919662519203292006e-02
2.239999999999999769e-01 3.124224963144468792e-02
2.319999999999999840e-01 4.294207866899978424e-03
2.399999999999999911e-01 -2.124214274556481680e-02
2.479999999999999982e-01 -4.470152515531723714e-02
2.560000000000000053e-01 -6.530647813252107858e-02
2.640000000000000124e-01 -8.232299374974218209e-02
2.719999999999999085e-01 -9.541449537946344872e-02
2.799999999999999156e-01 -1.050545569107991517e-01
2.879999999999999227e-01 -1.125534714822405968e-01
2.959999999999999298e-01 -1.194836952442985822e-01
3.039999999999999369e-01 -1.268958506330810088e-01
3.119999999999999440e-01 -1.349846059200617288e-01
3.199999999999999512e-01 -1.434172626804975093e-01
3.279999999999999583e-01 -1.518684883452415535e-01
3.359999999999999654e-01 -1.601878435986142657e-01
3.439999999999999725e-01 -1.681585940309619776e-01
3.519999999999999796e-01 -1.752997826823431693e-01
3.599999999999999867e-01 -1.810290499837161338e-01
3.679999999999999938e-01 -1.849786075481731351e-01
3.760000000000000009e-01 -1.870591631036171987e-01
3.840000000000000080e-01 -1.872385916928386296e-01
3.920000000000000151e-01 -1.854081417207239790e-01
4.000000000000000222e-01 -1.815841076883334126e-01
4.080000000000000293e-01 -1.762105286549847660e-01
4.160000000000000364e-01 -1.701420451350749152e-01
4.240000000000000435e-01 -1.642381613495570991e-01
4.319999999999999396e-01 -1.589293664087272073e-01
4.399999999999999467e-01 -1.541024983148016614e-01
4.479999999999999538e-01 -1.492804375190442123e-01
4.559999999999999609e-01 -1.438441457442851679e-01
4.639999999999999680e-01 -1.371841740884271188e-01
4.719999999999999751e-01 -1.288657275563873383e-01
4.799999999999999822e-01 -1.188206771787533172e-01
4.879999999999999893e-01 -1.073892083371217748e-01
4.959999999999999964e-01 -9.508908270786825545e-02
5.040000000000000036e-01 -8.228352492348268987e-02
5.120000000000000107e-01 -6.905076099302820403e-02
5.200000000000000178e-01 -5.532390322249572390e-02
5.280000000000000249e-01 -4.106865887213130561e-02
5.360000000000000320e-01 -2.629383186523082810e-02
5.440000000000000391e-01 -1.099093625919086818e-02
5.519999999999999352e-01 4.765466905980285037e-03
5.599999999999999423e-01 2.058150998471240320e-02
5.679999999999999494e-01 3.571273960233255218e-02
5.759999999999999565e-01 4.947068176814842233e-02
5.839999999999999636e-01 6.180145942828919187e-02
5.919999999999999707e-01 7.346529649552563379e-02
5.999999999999999778e-01 8.555729799073032160e-02
6.079999999999999849e-01 9.874188268788461342e-02
6.159999999999999920e-01 1.128340074403220983e-01
6.239999999999999991e-01 1.269819570414934817e-01
6.320000000000000062e-01 1.401475902885778169e-01
6.400000000000000133e-01 1.514495405036686837e-01
6.480000000000000204e-01 1.602655461385850411e-01
6.560000000000000275e-01 1.662726751627995048e-01
6.640000000000000346e-01 1.695061379663337087e-01
6.720000000000000417e-01 1.702984403356596899e-01
6.800000000000000488e-01 1.690318045661411972e-01
6.880000000000000560e-01 1.659222844231362515e-01
6.960000000000000631e-01 1.610905939555113686e-01
7.040000000000000702e-01 1.548159384691384644e-01
7.120000000000000773e-01 1.475743122586247458e-01
7.200000000000000844e-01 1.396977343255740855e-01
7.280000000000000915e-01 1.310241634765422769e-01
7.360000000000000986e-01 1.210267551664943736e-01
7.440000000000001057e-01 1.093750132895900673e-01
7.520000000000001128e-01 9.632710155370537153e-02
7.600000000000001199e-01 8.251123117523830042e-02
7.680000000000001270e-01 6.836578356855028960e-02
7.760000000000001341e-01 5.389565554791080071e-02
7.840000000000001412e-01 3.899077544900637904e-02
7.920000000000001483e-01 2.386364155960992231e-02
8.000000000000001554e-01 9.040513259614883432e-03
8.079999999999999405e-01 -5.091560830837016556e-03
8.159999999999999476e-01 -1.863405348462556302e-02
8.239999999999999547e-01 -3.199687637668464230e-02
8.319999999999999618e-01 -4.536949707646303204e-02
8.399999999999999689e-01 -5.838939744403909976e-02
8.479999999999999760e-01 -7.031331748261879233e-02
8.559999999999999831e-01 -8.050145359026560088e-02
8.639999999999999902e-01 -8.881234614335550837e-02
8.719999999999999973e-01 -9.567945057625826255e-02
8.800000000000000044e-01 -1.019003755424818525e-01
8.880000000000000115e-01 -1.082797155936245370e-01
8.960000000000000187e-01 -1.152734952087194897e-01
9.040000000000000258e-01 -1.228042126542024104e-01
9.120000000000000329e-01 -1.303907225044677598e-01
9.200000000000000400e-01 -1.375390908847400062e-01
9.280000000000000471e-01 -1.440752723743638775e-01
9.360000000000000542e-01 -1.500955511952580812e-01
9.440000000000000613e-01 -1.555853861002419736e-01
9.520000000000000684e-01 -1.601485179814721160e-01
9.600000000000000755e-01 -1.632145626248795445e-01
9.680000000000000826e-01 -1.645737185901786359e-01
9.760000000000000897e-01 -1.646943154610834015e-01
9.840000000000000968e-01 -1.644790897033093779e-01
9.919999999999998819e-01 -1.646867678380490585e-01
9.999999999999998890e-01 -1.655308947929653440e-01
1.008000000000000007e+00 -1.666881412892485537e-01
1.016000000000000014e+00 -1.675213278171172326e-01
1.024000000000000021e+00 -1.672701715242201903e-01
1.032000000000000028e+00 -1.652261814716455557e-01
1.040000000000000036e+00 -1.610091690474372839e-01
1.048000000000000043e+00 -1.548344278547263975e-01
1.056000000000000050e+00 -1.474788906946586375e-01
1.064000000000000057e+00 -1.398703695423452464e-01
1.072000000000000064e+00 -1.326178327300492066e-01
1.080000000000000071e+00 -1.258569474053156390e-01
1.088000000000000078e+00 -1.194122484971052167e-01
1.096000000000000085e+00 -1.129671788597299692e-01
1.104000000000000092e+00 -1.060901277897779299e-01
1.112000000000000099e+00 -9.832194395746715609e-02
1.120000000000000107e+00 -8.951430166047225079e-02
1.128000000000000114e+00 -8.017289843810312955e-02
1.136000000000000121e+00 -7.130731941003887187e-02
1.144000000000000128e+00 -6.367310876865404923e-02
1.152000000000000135e+00 -5.696741115816197909e-02
1.160000000000000142e+00 -4.973459151357092350e-02
1.168000000000000149e+00 -4.017160590302683298e-02
1.176000000000000156e+00 -2.725031356221163312e-02
1.184000000000000163e+00 -1.135768086393482319e-02
1.192000000000000171e+00 5.872140871623098002e-03
1.200000000000000178e+00 2.225886798239471928e-02
1.208000000000000185e+00 3.585144406917410015e-02
1.216000000000000192e+00 4.551650056540559180e-02
1.224000000000000199e+00 5.125831574108716954e-02
1.232000000000000206e+00 5.417933906202468397e-02
1.239999999999999769e+00 5.600988387844867827e-02
1.247999999999999776e+00 5.837520726328013915e-02
1.255999999999999783e+00 6.222661002363538696e-02
1.263999999999999790e+00 6.776820104735477301e-02
1.271999999999999797e+00 7.476448863300820535e-02
1.279999999999999805e+00 8.279517902076574676e-02
1.287999999999999812e+00 9.121549884264888719e-02
1.295999999999999819e+00 9.904441573656758147e-02
1.303999999999999826e+00 1.051517458367979552e-01
1.311999999999999833e+00 1.087628124172178856e-01
1.319999999999999840e+00 1.098934451534044066e-01
1.327999999999999847e+00 1.093621462990588961e-01
1.335999999999999854e+00 1.084266745499205681e-01
1.343999999999999861e+00 1.083627498035642928e-01
1.351999999999999869e+00 1.101841264351855337e-01
1.359999999999999876e+00 1.144576889412818183e-01
1.367999999999999883e+00 1.211447362531111044e-01
1.375999999999999890e+00 1.295467166151865746e-01
1.383999999999999897e+00 1.384429150970830635e-01
1.391999999999999904e+00 1.463344710598770415e-01
1.399999999999999911e+00 1.516392372782898457e-01
1.407999999999999918e+00 1.528548457810802452e-01
1.415999999999999925e+00 1.488564481110025428e-01
1.423999999999999932e+00 1.393325713132979871e-01
1.431999999999999940e+00 1.250486041766253609e-01
1.439999999999999947e+00 1.076156918223450942e-01
1.447999999999999954e+00 8.885594376981503784e-02
1.455999999999999961e+00 7.024827336210941187e-02
1.463999999999999968e+00 5.282846006756782703e-02
1.471999999999999975e+00 3.741152870224388749e-02
1.479999999999999982e+00 2.469770622610121397e-02
1.487999999999999989e+00 1.505947389595850040e-02
1.495999999999999996e+00 8.267849859023974207e-03
1.504000000000000004e+00 3.532288643432541803e-03
1.512000000000000011e+00 -1.232071272493034486e-04
1.520000000000000018e+00 -3.497065252002767768e-03
1.528000000000000025e+00 -7.149229096106176837e-03
1.536000000000000032e+00 -1.153903843769961239e-02
1.544000000000000039e+00 -1.704548377329726319e-02
1.552000000000000046e+00 -2.377787696812543039e-02
1.560000000000000053e+00 -3.142419430260826041e-02
1.568000000000000060e+00 -3.937582486569942558e-02
1.576000000000000068e+00 -4.702671573086082690e-02
1.584000000000000075e+00 -5.393445631439539034e-02
1.592000000000000082e+00 -5.973573337724641386e-02
1.600000000000000089e+00 -6.405312625647582858e-02
1.608000000000000096e+00 -6.664113615823274994e-02
1.616000000000000103e+00 -6.766492330371494390e-02
1.624000000000000110e+00 -6.775928407047811242e-02
1.632000000000000117e+00 -6.772734628100327003e-02
1.640000000000000124e+00 -6.814461374755666212e-02
1.648000000000000131e+00 -6.920487858716523055e-02
1.656000000000000139e+00 -7.081020164279298867e-02
1.664000000000000146e+00 -7.264404139917615688e-02
1.672000000000000153e+00 -7.412325182174583915e-02
1.680000000000000160e+00 -7.444111959335908413e-02
1.688000000000000167e+00 -7.289942113831331116e-02
1.696000000000000174e+00 -6.935626442263034819e-02
1.704000000000000181e+00 -6.437643377517486554e-02
1.712000000000000188e+00 -5.890916633164654942e-02
1.720000000000000195e+00 -5.377094650263913173e-02
1.728000000000000203e+00 -4.934625127865222699e-02
1.736000000000000210e+00 -4.561895149995361803e-02
1.744000000000000217e+00 -4.231886608649165771e-02
1.752000000000000224e+00 -3.898440019765270909e-02
1.760000000000000231e+00 -3.499210586994955935e-02
1.768000000000000238e+00 -2.971085593855861059e-02
1.776000000000000245e+00 -2.277596130723298987e-02
1.784000000000000252e+00 -1.429186877095139051e-02
1.792000000000000259e+00 -4.810482486078441859e-03
1.800000000000000266e+00 4.870181967377242016e-03
1.808000000000000274e+00 1.393670475073280693e-02
1.816000000000000281e+00 2.174169045218114771e-02
1.824000000000000288e+00 2.794814703659453253e-02
1.832000000000000295e+00 3.262372344643145461e-02
1.840000000000000302e+00 3.621028233783434025e-02
1.848000000000000309e+00 3.934480314442160426e-02
1.856000000000000316e+00 4.264188511963666606e-02
1.864000000000000323e+00 4.658110944180982038e-02
1.872000000000000330e+00 5.149460232481718747e-02
1.880000000000000338e+00 5.749942845975362232e-02
1.888000000000000345e+00 6.430291728842027488e-02
1.896000000000000352e+00 7.107546425114429078e-02
1.904000000000000359e+00 7.667933833153070533e-02
1.912000000000000366e+00 8.024555229789603894e-02
1.920000000000000373e+00 8.168184722187450675e-02
1.928000000000000380e+00 8.167059824122720191e-02
1.936000000000000387e+00 8.116337959550000425e-02
1.944000000000000394e+00 8.082229523901769686e-02
1.952000000000000401e+00 8.081930973848094890e-02
1.960000000000000409e+00 8.098069785138795051e-02
1.968000000000000416e+00 8.098055544540341821e-02
1.976000000000000423e+00 8.042728473365864938e-02
1.984000000000000430e+00 7.896179095686105265e-02
1.992000000000000437e+00 7.647344802433332644e-02
2.000000000000000444e+00 7.327508853623962426e-02
2.008000000000000451e+00 6.998539844821612121e-02
2.016000000000000458e+00 6.713973216530270960e-02
2.024000000000000465e+00 6.486161827801914526e-02
2.032000000000000473e+00 6.286970721849867438e-02
2.040000000000000480e+00 6.073233021648360291e-02
2.048000000000000487e+00 5.806327241898979336e-02
2.056000000000000494e+00 5.452152935916721593e-02
2.064000000000000501e+00 4.977266659103878749e-02
2.072000000000000508e+00 4.359420881233471573e-02
2.080000000000000515e+00 3.605742424288407161e-02
2.088000000000000522e+00 2.755612013075731462e-02
2.096000000000000529e+00 1.860456582085006846e-02
2.104000000000000536e+00 9.590658840986707526e-03
2.112000000000000544e+00 7.089679144940588384e-04
2.119999999999999662e+00 -7.924121572205891292e-03
2.127999999999999670e+00 -1.616576242093590091e-02
2.135999999999999677e+00 -2.388138992116477233e-02
2.143999999999999684e+00 -3.103292564909397935e-02
2.151999999999999691e+00 -3.765836221595000866e-02
2.159999999999999698e+00 -4.373749249426089891e-02
2.167999999999999705e+00 -4.911147131579267355e-02
2.175999999999999712e+00 -5.357646229854719916e-02
2.183999999999999719e+00 -5.706037649229262626e-02
2.191999999999999726e+00 -5.968712394703668683e-02
2.199999999999999734e+00 -6.166324991361421537e-02
2.207999999999999741e+00 -6.311669907187424100e-02
2.215999999999999748e+00 -6.404200694373037017e-02
2.223999999999999755e+00 -6.436143007374929559e-02
2.231999999999999762e+00 -6.400550059667091396e-02
2.239999999999999769e+00 -6.296521310086644618e-02
2.247999999999999776e+00 -6.134859366798373764e-02
2.255999999999999783e+00 -5.943420306530849268e-02
2.263999999999999790e+00 -5.762035194204316590e-02
2.271999999999999797e+00 -5.621216293156034577e-02
2.279999999999999805e+00 -5.517365683761402129e-02
2.287999999999999812e+00 -5.406769658777319659e-02
2.295999999999999819e+00 -5.225922718118283100e-02
2.303999999999999826e+00 -4.922395330706008654e-02
2.311999999999999833e+00 -4.475780553046072863e-02
2.319999999999999840e+00 -3.904299204414285462e-02
2.327999999999999847e+00 -3.264291400509373303e-02
2.335999999999999854e+00 -2.641820887900234172e-02
2.343999999999999861e+00 -2.125916390793678931e-02
2.351999999999999869e+00 -1.765875062416262173e-02
2.359999999999999876e+00 -1.540853464867960113e-02
2.367999999999999883e+00 -1.372207918044082708e-02
2.375999999999999890e+00 -1.174404142906916408e-02
2.383999999999999897e+00 -9.027806024009758790e-03
2.391999999999999904e+00 -5.593812075386840957e-03
2.399999999999999911e+00 -1.607300192703630054e-03
2.407999999999999918e+00 2.924885627428371309e-03
2.415999999999999925e+00 8.128404917967659016e-03
2.423999999999999932e+00 1.400229432095886732e-02
2.431999999999999940e+00 2.026787697217021997e-02
2.439999999999999947e+00 2.650078808553716844e-02
2.447999999999999954e+00 3.238434983787598365e-02
2.455999999999999961e+00 3.781690698923923649e-02
2.463999999999999968e+00 4.281225210648396950e-02
2.471999999999999975e+00 4.736257656303949348e-02
2.479999999999999982e+00 5.141895766064751017e-02
2.487999999999999989e+00 5.495081280782385114e-02
2.495999999999999996e+00 5.794676950223422857e-02
2.504000000000000004e+00 6.032878822572924904e-02
2.512000000000000011e+00 6.189396250988874609e-02
2.520000000000000018e+00 6.237044949722709425e-02
2.528000000000000025e+00 6.152483393170613685e-02
2.536000000000000032e+00 5.920872835077065771e-02
2.544000000000000039e+00 5.535382820014535243e-02
2.552000000000000046e+00 5.003185635675690135e-02
2.560000000000000053e+00 4.360824793349286216e-02
2.568000000000000060e+00 3.683119306549004213e-02
2.576000000000000068e+00 3.067671901083257602e-02
2.584000000000000075e+00 2.599016948370248478e-02
2.592000000000000082e+00 2.318013858554253750e-02
2.600000000000000089e+00 2.217363787809157813e-02
2.608000000000000096e+00 2.259167497783095765e-02
2.616000000000000103e+00 2.394355404933229403e-02
2.624000000000000110e+00 2.571288811499075969e-02
2.632000000000000117e+00 2.737321323680883337e-02
2.640000000000000124e+00 2.842192818644828992e-02
2.648000000000000131e+00 2.844826825938466530e-02
2.656000000000000139e+00 2.719340009799503174e-02
2.664000000000000146e+00 2.458528417257901250e-02
2.672000000000000153e+00 2.076014415294554286e-02
2.680000000000000160e+00 1.604674812845829565e-02
2.688000000000000167e+00 1.085548785588591643e-02
2.696000000000000174e+00 5.481143454564826704e-03
2.704000000000000181e+00 -5.291937911422866381e-05
2.712000000000000188e+00 -5.974504744910551918e-03
2.720000000000000195e+00 -1.258333723098344070e-02
2.728000000000000203e+00 -2.007548828622141707e-02
2.736000000000000210e+00 -2.849915368909185578e-02
2.744000000000000217e+00 -3.779844152523469114e-02
2.752000000000000224e+00 -4.780579309397905985e-02
2.760000000000000231e+00 -5.813505734782774964e-02
2.768000000000000238e+00 -6.808512857551032860e-02
2.776000000000000245e+00 -7.669406945612397553e-02
2.784000000000000252e+00 -8.295956329927448025e-02
2.792000000000000259e+00 -8.611907123878152770e-02
2.800000000000000266e+00 -8.588335495990258306e-02
2.808000000000000274e+00 -8.258056639525407361e-02
2.816000000000000281e+00 -7.717004807810692868e-02
2.824000000000000288e+00 -7.103859501969322920e-02
2.832000000000000295e+00 -6.554548461237996726e-02
2.840000000000000302e+00 -6.149061322387080336e-02
2.848000000000000309e+00 -5.885151917554994061e-02
2.856000000000000316e+00 -5.701342036639202304e-02
2.864000000000000323e+00 -5.532714321941564761e-02
2.872000000000000330e+00 -5.353922546778385610e-02
2.880000000000000338e+00 -5.176887277358109551e-02
2.888000000000000345e+00 -5.014363868923658873e-02
2.896000000000000352e+00 -4.850207736675270914e-02
2.904000000000000359e+00 -4.644232186578736710e-02
2.912000000000000366e+00 -4.361905230210210566e-02
2.920000000000000373e+00 -3.997868942301353867e-02
2.928000000000000380e+00 -3.575260823584229530e-02
2.936000000000000387e+00 -3.129043543046700765e-02
2.944000000000000394e+00 -2.690936778196836160e-02
2.952000000000000401e+00 -2.282337410933139160e-02
2.960000000000000409e+00 -1.910257564939523908e-02
2.968000000000000416e+00 -1.563589519673547895e-02
2.976000000000000423e+00 -1.214614904059369525e-02
2.984000000000000430e+00 -8.298301727670319081e-03
2.992000000000000437e+00 -3.856668504579209740e-03
3.000000000000000444e+00 1.198227969974203231e-03
3.008000000000000451e+00 6.639912140973177127e-03
3.016000000000000458e+00 1.204235535981783983e-02
3.024000000000000465e+00 1.688712313314794794e-02
3.032000000000000473e+00 2.072909841810553419e-02
3.040000000000000480e+00 2.338104288340920461e-02
3.048000000000000487e+00 2.501510105028177319e-02
3.056000000000000494e+00 2.609361475543991657e-02
3.064000000000000501e+00 2.715986874934125245e-02
3.072000000000000508e+00 2.863406412440344315e-02
3.080000000000000515e+00 3.074684429006592501e-02
3.088000000000000522e+00 3.361024561061144028e-02
3.096000000000000529e+00 3.731047583508730753e-02
3.104000000000000536e+00 4.192023251508097959e-02
3.112000000000000544e+00 4.743338197450611832e-02
3.119999999999999662e+00 5.369227316001500688e-02
3.127999999999999670e+00 6.035281868552705431e-02
3.135999999999999677e+00 6.688763030692115863e-02
3.143999999999999684e+00 7.263584549649049205e-02
3.151999999999999691e+00 7.693222184758119475e-02
3.159999999999999698e+00 7.930902693252289692e-02
3.167999999999999705e+00 7.967686525543803133e-02
3.175999999999999712e+00 7.836057972171030228e-02
3.183999999999999719e+00 7.595437667297980089e-02
3.191999999999999726e+00 7.309113583096105149e-02
3.199999999999999734e+00 7.026043545167631743e-02
3.207999999999999741e+00 6.772808672856306389e-02
3.215999999999999748e+00 6.552074349870337655e-02
3.223999999999999755e+00 6.344593475384208148e-02
3.231999999999999762e+00 6.117150600174894870e-02
3.239999999999999769e+00 5.837047317297998361e-02
3.247999999999999776e+00 5.485176053688912284e-02
3.255999999999999783e+00 5.057859542946834680e-02
3.263999999999999790e+00 4.558915033883745999e-02
3.271999999999999797e+00 3.995235924407177647e-02
3.279999999999999805e+00 3.384516683107879897e-02
3.287999999999999812e+00 2.765079005855345870e-02
3.295999999999999819e+00 2.188177245742244786e-02
3.303999999999999826e+00 1.688737421737224881e-02
3.311999999999999833e+00 1.256976853225061364e-02
3.319999999999999840e+00 8.397144894787640299e-03
3.327999999999999847e+00 3.754759013887666499e-03
3.335999999999999854e+00 -1.642288643379210579e-03
3.343999999999999861e+00 -7.608094203339818215e-03
3.351999999999999869e+00 -1.369099070955830111e-02
3.359999999999999876e+00 -1.949502263231387561e-02
3.367999999999999883e+00 -2.483963971297113021e-02
3.375999999999999890e+00 -2.969521443494254134e-02
3.383999999999999897e+00 -3.405190147869870121e-02
3.391999999999999904e+00 -3.788718964374190173e-02
3.399999999999999911e+00 -4.124020110517380433e-02
3.407999999999999918e+00 -4.427926079903370116e-02
3.415999999999999925e+00 -4.727370026647892409e-02
3.423999999999999932e+00 -5.048832799912218727e-02
3.431999999999999940e+00 -5.408479857432939991e-02
3.439999999999999947e+00 -5.808741247750558168e-02
3.447999999999999954e+00 -6.240332062112262379e-02
3.455999999999999961e+00 -6.685323029797435312e-02
3.463999999999999968e+00 -7.118308138282011810e-02
3.471999999999999975e+00 -7.505658205875941069e-02
3.479999999999999982e+00 -7.805465515290517520e-02
3.487999999999999989e+00 -7.972772944831905961e-02
3.495999999999999996e+00 -7.973300276028787159e-02
3.504000000000000004e+00 -7.801694727239483207e-02
3.512000000000000011e+00 -7.491926099882927070e-02
3.520000000000000018e+00 -7.107504602857432630e-02
3.528000000000000025e+00 -6.711617438198037855e-02
3.536000000000000032e+00 -6.333575391510649910e-02
3.544000000000000039e+00 -5.953798228559618183e-02
3.552000000000000046e+00 -5.518622164578166484e-02
3.560000000000000053e+00 -4.976806490233445096e-02
3.568000000000000060e+00 -4.316420297546851026e-02
3.576000000000000068e+00 -3.581401455918262894e-02
3.584000000000000075e+00 -2.858662495803727249e-02
3.592000000000000082e+00 -2.242142874121359070e-02
3.600000000000000089e+00 -1.792697179117074685e-02
3.608000000000000096e+00 -1.515519029064770103e-02
3.616000000000000103e+00 -1.366660639049686529e-02
3.624000000000000110e+00 -1.282170694018238376e-02
3.632000000000000117e+00 -1.209804714868959775e-02
3.640000000000000124e+00 -1.124672163646217929e-02
3.648000000000000131e+00 -1.024962014952826399e-02
3.656000000000000139e+00 -9.180756881093933910e-03
3.664000000000000146e+00 -8.086286156208318671e-03
3.672000000000000153e+00 -6.909350294035893590e-03
3.680000000000000160e+00 -5.435820759717653432e-03
3.688000000000000167e+00 -3.282846305631652653e-03
3.696000000000000174e+00 0.000000000000000000e+00
