2.000000000000000000e+00 2.926316070717865578e-02
2.009999999999999787e+00 1.598144968241985847e-02
2.019999999999999574e+00 2.699738657661059429e-03
2.029999999999999361e+00 0.000000000000000000e+00
2.039999999999999147e+00 0.000000000000000000e+00
2.049999999999998934e+00 0.000000000000000000e+00
2.059999999999998721e+00 0.000000000000000000e+00
2.069999999999998508e+00 0.000000000000000000e+00
2.079999999999998295e+00 0.000000000000000000e+00
2.089999999999998082e+00 5.306260691728060391e-03
2.099999999999997868e+00 5.489151926694916389e-03
2.109999999999997655e+00 8.190885662428657246e-03
2.119999999999997442e+00 2.884624970700595554e-03
2.129999999999997229e+00 2.701733735733739556e-03
2.139999999999997016e+00 0.000000000000000000e+00
2.149999999999996803e+00 0.000000000000000000e+00
2.159999999999996589e+00 0.000000000000000000e+00
2.169999999999996376e+00 0.000000000000000000e+00
2.179999999999996163e+00 0.000000000000000000e+00
2.189999999999995950e+00 0.000000000000000000e+00
2.199999999999995737e+00 0.000000000000000000e+00
2.209999999999995524e+00 0.000000000000000000e+00
2.219999999999995310e+00 0.000000000000000000e+00
2.229999999999995097e+00 0.000000000000000000e+00
2.239999999999994884e+00 0.000000000000000000e+00
2.249999999999994671e+00 0.000000000000000000e+00
2.259999999999994458e+00 0.000000000000000000e+00
2.269999999999994245e+00 0.000000000000000000e+00
2.279999999999994031e+00 0.000000000000000000e+00
2.289999999999993818e+00 0.000000000000000000e+00
2.299999999999993605e+00 0.000000000000000000e+00
2.309999999999993392e+00 0.000000000000000000e+00
2.319999999999993179e+00 0.000000000000000000e+00
2.329999999999992966e+00 0.000000000000000000e+00
2.339999999999992752e+00 0.000000000000000000e+00
2.349999999999992539e+00 0.000000000000000000e+00
2.359999999999992326e+00 0.000000000000000000e+00
2.369999999999992113e+00 0.000000000000000000e+00
2.379999999999991900e+00 0.000000000000000000e+00
2.389999999999991687e+00 0.000000000000000000e+00
2.399999999999991473e+00 0.000000000000000000e+00
2.409999999999991260e+00 0.000000000000000000e+00
2.419999999999991047e+00 0.000000000000000000e+00
2.429999999999990834e+00 0.000000000000000000e+00
2.439999999999990621e+00 0.000000000000000000e+00
2.449999999999990408e+00 2.790901267199142732e-03
2.459999999999990195e+00 1.741574056304454055e-02
2.469999999999989981e+00 2.296435001424893332e-02
2.479999999999989768e+00 2.092516467921578041e-02
2.489999999999989555e+00 6.300325383370384766e-03
2.499999999999989342e+00 1.956162773976626718e-03
2.509999999999989129e+00 1.577436151547469134e-02
2.519999999999988916e+00 4.182428522539347743e-02
2.529999999999988702e+00 6.780262802777110853e-02
2.539999999999988489e+00 6.990544601856893414e-02
2.549999999999988276e+00 4.729180775087996058e-02
2.559999999999988063e+00 2.047377866313778230e-02
2.569999999999987850e+00 4.270293583253790409e-03
2.579999999999987637e+00 3.279595725150102458e-03
2.589999999999987423e+00 1.200542332984265437e-02
2.599999999999987210e+00 2.043872685907182490e-02
2.609999999999986997e+00 1.799313927494568949e-02
2.619999999999986784e+00 8.902551113807036579e-03
2.629999999999986571e+00 0.000000000000000000e+00
2.639999999999986358e+00 0.000000000000000000e+00
2.649999999999986144e+00 0.000000000000000000e+00
2.659999999999985931e+00 0.000000000000000000e+00
2.669999999999985718e+00 0.000000000000000000e+00
2.679999999999985505e+00 0.000000000000000000e+00
2.689999999999985292e+00 0.000000000000000000e+00
2.699999999999985079e+00 0.000000000000000000e+00
2.709999999999984865e+00 0.000000000000000000e+00
2.719999999999984652e+00 0.000000000000000000e+00
2.729999999999984439e+00 0.000000000000000000e+00
2.739999999999984226e+00 0.000000000000000000e+00
2.749999999999984013e+00 0.000000000000000000e+00
2.759999999999983800e+00 0.000000000000000000e+00
2.769999999999983586e+00 0.000000000000000000e+00
2.779999999999983373e+00 0.000000000000000000e+00
2.789999999999983160e+00 0.000000000000000000e+00
2.799999999999982947e+00 0.000000000000000000e+00
2.809999999999982734e+00 0.000000000000000000e+00
2.819999999999982521e+00 0.000000000000000000e+00
2.829999999999982307e+00 0.000000000000000000e+00
2.839999999999982094e+00 0.000000000000000000e+00
2.849999999999981881e+00 0.000000000000000000e+00
2.859999999999981668e+00 0.000000000000000000e+00
2.869999999999981455e+00 0.000000000000000000e+00
2.879999999999981242e+00 0.000000000000000000e+00
2.889999999999981029e+00 0.000000000000000000e+00
2.899999999999980815e+00 0.000000000000000000e+00
2.909999999999980602e+00 0.000000000000000000e+00
2.919999999999980389e+00 0.000000000000000000e+00
2.929999999999980176e+00 0.000000000000000000e+00
2.939999999999979963e+00 0.000000000000000000e+00
2.949999999999979750e+00 0.000000000000000000e+00
2.959999999999979536e+00 0.000000000000000000e+00
2.969999999999979323e+00 0.000000000000000000e+00
2.979999999999979110e+00 0.000000000000000000e+00
2.989999999999978897e+00 0.000000000000000000e+00
2.999999999999978684e+00 0.000000000000000000e+00
3.009999999999978471e+00 0.000000000000000000e+00
3.019999999999978257e+00 0.000000000000000000e+00
3.029999999999978044e+00 0.000000000000000000e+00
3.039999999999977831e+00 0.000000000000000000e+00
3.049999999999977618e+00 0.000000000000000000e+00
3.059999999999977405e+00 0.000000000000000000e+00
3.069999999999977192e+00 0.000000000000000000e+00
3.079999999999976978e+00 0.000000000000000000e+00
3.089999999999976765e+00 0.000000000000000000e+00
3.099999999999976552e+00 0.000000000000000000e+00
3.109999999999976339e+00 0.000000000000000000e+00
3.119999999999976126e+00 0.000000000000000000e+00
3.129999999999975913e+00 1.319146494229188858e-02
3.139999999999975699e+00 9.591765421990075535e-02
3.149999999999975486e+00 2.563153684787444209e-01
3.159999999999975273e+00 4.771180454191372156e-01
3.169999999999975060e+00 6.880163936970885574e-01
3.179999999999974847e+00 8.585876214705164822e-01
3.189999999999974634e+00 9.663323464957438436e-01
3.199999999999974420e+00 1.000000000000000000e+00
3.209999999999974207e+00 9.620577236818365074e-01
3.219999999999973994e+00 8.618385073051680889e-01
3.229999999999973781e+00 7.174761875282751333e-01
3.239999999999973568e+00 5.517867610500066800e-01
3.249999999999973355e+00 3.839380368843208213e-01
3.259999999999973141e+00 2.218576255964095079e-01
3.269999999999972928e+00 9.452038636056989129e-02
3.279999999999972715e+00 2.084945999501199368e-02
3.289999999999972502e+00 0.000000000000000000e+00
3.299999999999972289e+00 0.000000000000000000e+00
3.309999999999972076e+00 0.000000000000000000e+00
3.319999999999971863e+00 0.000000000000000000e+00
3.329999999999971649e+00 0.000000000000000000e+00
3.339999999999971436e+00 0.000000000000000000e+00
3.349999999999971223e+00 0.000000000000000000e+00
3.359999999999971010e+00 0.000000000000000000e+00
3.369999999999970797e+00 0.000000000000000000e+00
3.379999999999970584e+00 0.000000000000000000e+00
3.389999999999970370e+00 0.000000000000000000e+00
3.399999999999970157e+00 0.000000000000000000e+00
3.409999999999969944e+00 0.000000000000000000e+00
3.419999999999969731e+00 0.000000000000000000e+00
3.429999999999969518e+00 0.000000000000000000e+00
3.439999999999969305e+00 0.000000000000000000e+00
3.449999999999969091e+00 0.000000000000000000e+00
3.459999999999968878e+00 0.000000000000000000e+00
3.469999999999968665e+00 0.000000000000000000e+00
3.479999999999968452e+00 0.000000000000000000e+00
3.489999999999968239e+00 0.000000000000000000e+00
3.499999999999968026e+00 0.000000000000000000e+00
3.509999999999967812e+00 0.000000000000000000e+00
3.519999999999967599e+00 0.000000000000000000e+00
3.529999999999967386e+00 0.000000000000000000e+00
3.539999999999967173e+00 0.000000000000000000e+00
3.549999999999966960e+00 0.000000000000000000e+00
3.559999999999966747e+00 0.000000000000000000e+00
3.569999999999966533e+00 0.000000000000000000e+00
3.579999999999966320e+00 0.000000000000000000e+00
3.589999999999966107e+00 0.000000000000000000e+00
3.599999999999965894e+00 0.000000000000000000e+00
3.609999999999965681e+00 0.000000000000000000e+00
3.619999999999965468e+00 0.000000000000000000e+00
3.629999999999965254e+00 0.000000000000000000e+00
3.639999999999965041e+00 0.000000000000000000e+00
3.649999999999964828e+00 0.000000000000000000e+00
3.659999999999964615e+00 0.000000000000000000e+00
3.669999999999964402e+00 0.000000000000000000e+00
3.679999999999964189e+00 0.000000000000000000e+00
3.689999999999963975e+00 0.000000000000000000e+00
3.699999999999963762e+00 0.000000000000000000e+00
3.709999999999963549e+00 0.000000000000000000e+00
3.719999999999963336e+00 0.000000000000000000e+00
3.729999999999963123e+00 0.000000000000000000e+00
3.739999999999962910e+00 0.000000000000000000e+00
3.749999999999962697e+00 0.000000000000000000e+00
3.759999999999962483e+00 0.000000000000000000e+00
3.769999999999962270e+00 0.000000000000000000e+00
3.779999999999962057e+00 0.000000000000000000e+00
3.789999999999961844e+00 0.000000000000000000e+00
3.799999999999961631e+00 0.000000000000000000e+00
3.809999999999961418e+00 0.000000000000000000e+00
3.819999999999961204e+00 0.000000000000000000e+00
3.829999999999960991e+00 0.000000000000000000e+00
3.839999999999960778e+00 0.000000000000000000e+00
3.849999999999960565e+00 0.000000000000000000e+00
3.859999999999960352e+00 0.000000000000000000e+00
3.869999999999960139e+00 0.000000000000000000e+00
3.879999999999959925e+00 0.000000000000000000e+00
3.889999999999959712e+00 0.000000000000000000e+00
3.899999999999959499e+00 0.000000000000000000e+00
3.909999999999959286e+00 0.000000000000000000e+00
3.919999999999959073e+00 0.000000000000000000e+00
3.929999999999958860e+00 0.000000000000000000e+00
3.939999999999958646e+00 0.000000000000000000e+00
3.949999999999958433e+00 0.000000000000000000e+00
3.959999999999958220e+00 0.000000000000000000e+00
3.969999999999958007e+00 0.000000000000000000e+00
3.979999999999957794e+00 0.000000000000000000e+00
3.989999999999957581e+00 0.000000000000000000e+00
