0.000000000000000000e+00 1.000000000000000000e+00
8.000000000000007105e-03 9.963680791008607818e-01
1.600000000000001421e-02 9.885635179266333283e-01
2.400000000000002132e-02 9.765330395934083141e-01
3.200000000000002842e-02 9.604203625798459765e-01
4.000000000000003553e-02 9.405174322227681794e-01
4.799999999999998712e-02 9.168620627944767953e-01
5.599999999999999423e-02 8.890806790610857879e-01
6.400000000000000133e-02 8.566723140539499459e-01
7.200000000000000844e-02 8.193810129270990839e-01
7.999999999999996003e-02 7.774948679047832822e-01
8.799999999999996714e-02 7.320510872843438710e-01
9.599999999999997424e-02 6.846022258090181944e-01
1.039999999999999813e-01 6.364381808797645590e-01
1.119999999999999885e-01 5.880072116844037300e-01
1.199999999999999956e-01 5.391813297745992051e-01
1.280000000000000027e-01 4.898784832477112161e-01
1.360000000000000098e-01 4.403162246279995196e-01
1.440000000000000169e-01 3.910587478850030552e-01
1.520000000000000240e-01 3.430801710035332741e-01
1.600000000000000311e-01 2.973579545309675276e-01
1.680000000000000382e-01 2.540262502400320033e-01
1.760000000000000453e-01 2.122049988067400139e-01
1.840000000000000524e-01 1.709274641871561806e-01
1.920000000000000595e-01 1.300560467485288307e-01
2.000000000000000666e-01 9.033522171084593100e-02
2.080000000000000737e-01 5.300971929491680307e-02
2.159999999999999698e-01 1.938471043505946359e-02
2.239999999999999769e-01 -9.895464725329119332e-03
2.319999999999999840e-01 -3.542978551136224258e-02
2.399999999999999911e-01 -5.857391796737908274e-02
2.479999999999999982e-01 -8.026091086975439826e-02
2.560000000000000053e-01 -1.005660256984727274e-01
2.640000000000000124e-01 -1.192124394575799218e-01
2.720000000000000195e-01 -1.359251338665055375e-01
2.799999999999999156e-01 -1.504259227568992552e-01
2.879999999999999227e-01 -1.627559900752059696e-01
2.959999999999999298e-01 -1.735882626679977614e-01
3.039999999999999369e-01 -1.836091600834927617e-01
3.119999999999999440e-01 -1.925759484458481330e-01
3.199999999999999512e-01 -1.995218837365163589e-01
3.279999999999999583e-01 -2.038858916670266974e-01
3.359999999999999654e-01 -2.059636118242650082e-01
3.439999999999999725e-01 -2.063914221809477756e-01
3.519999999999999796e-01 -2.058697038622780695e-01
3.599999999999999867e-01 -2.053806267532531649e-01
3.679999999999999938e-01 -2.058441957148672841e-01
3.760000000000000009e-01 -2.071596019056916316e-01
3.840000000000000080e-01 -2.080794091657977851e-01
3.920000000000000151e-01 -2.074462859905171486e-01
4.000000000000000222e-01 -2.052791541360797778e-01
4.080000000000000293e-01 -2.022982747939180981e-01
4.160000000000000364e-01 -1.986369965256972181e-01
4.240000000000000435e-01 -1.935548009320981200e-01
4.320000000000000506e-01 -1.864714120307797152e-01
4.399999999999999467e-01 -1.778087098088231011e-01
4.479999999999999538e-01 -1.685612148263141707e-01
4.559999999999999609e-01 -1.593631891055118377e-01
4.639999999999999680e-01 -1.502345536769809087e-01
4.719999999999999751e-01 -1.408795324467745358e-01
4.799999999999999822e-01 -1.308074781223008409e-01
4.879999999999999893e-01 -1.194290495845146405e-01
4.959999999999999964e-01 -1.065933262485944943e-01
5.040000000000000036e-01 -9.294990245241233073e-02
5.120000000000000107e-01 -7.928104718281518692e-02
5.200000000000000178e-01 -6.553163759533739419e-02
5.280000000000000249e-01 -5.098540664449587728e-02
5.360000000000000320e-01 -3.537683180325781190e-02
5.440000000000000391e-01 -1.937213213373748660e-02
5.520000000000000462e-01 -3.871655903546035622e-03
5.599999999999999423e-01 1.090776812038831561e-02
5.679999999999999494e-01 2.564359965484364762e-02
5.759999999999999565e-01 4.133766637753267387e-02
5.839999999999999636e-01 5.843061516661975097e-02
5.919999999999999707e-01 7.632852081698347779e-02
5.999999999999999778e-01 9.387900392148752771e-02
6.079999999999999849e-01 1.103222144160516255e-01
6.159999999999999920e-01 1.255553401771974664e-01
6.239999999999999991e-01 1.395397278355695048e-01
6.320000000000000062e-01 1.519664211611498894e-01
6.400000000000000133e-01 1.627122878194669220e-01
6.480000000000000204e-01 1.722703342370772439e-01
6.560000000000000275e-01 1.815275483973341486e-01
6.640000000000000346e-01 1.912451180278161300e-01
6.720000000000000417e-01 2.016016442118358232e-01
6.800000000000000488e-01 2.118352232393743151e-01
6.880000000000000560e-01 2.203103001507774328e-01
6.960000000000000631e-01 2.252867149342852038e-01
7.040000000000000702e-01 2.258714162460038477e-01
7.120000000000000773e-01 2.224276121139422413e-01
7.200000000000000844e-01 2.163645838914552422e-01
7.280000000000000915e-01 2.094336057163087850e-01
7.360000000000000986e-01 2.026008668813994162e-01
7.440000000000001057e-01 1.953546301197948698e-01
7.520000000000001128e-01 1.865494282525579917e-01
7.600000000000001199e-01 1.760223578606265882e-01
7.680000000000001270e-01 1.648173878851228458e-01
7.760000000000001341e-01 1.537536163412150658e-01
7.840000000000001412e-01 1.425016100627634896e-01
7.920000000000001483e-01 1.303190396628307046e-01
8.000000000000001554e-01 1.170473152431377312e-01
8.080000000000001625e-01 1.030573763556153905e-01
8.159999999999999476e-01 8.874173370718456411e-02
8.239999999999999547e-01 7.439883019171769640e-02
8.319999999999999618e-01 6.021167587995924358e-02
8.399999999999999689e-01 4.603756006544879043e-02
8.479999999999999760e-01 3.151634968858028907e-02
8.559999999999999831e-01 1.659932776893750100e-02
8.639999999999999902e-01 1.731718931295384706e-03
8.719999999999999973e-01 -1.257950790970596006e-02
8.800000000000000044e-01 -2.608319094317551948e-02
8.880000000000000115e-01 -3.858835872764592584e-02
8.960000000000000187e-01 -4.981810063622982288e-02
9.040000000000000258e-01 -5.972966032607444908e-02
9.120000000000000329e-01 -6.881326545637973802e-02
9.200000000000000400e-01 -7.779884725541184876e-02
9.280000000000000471e-01 -8.707048747756793161e-02
9.360000000000000542e-01 -9.652335937162821733e-02
9.440000000000000613e-01 -1.058761258863871874e-01
9.520000000000000684e-01 -1.147127942506909054e-01
9.600000000000000755e-01 -1.220973605078113366e-01
9.680000000000000826e-01 -1.266554943289033563e-01
9.760000000000000897e-01 -1.275996304086584043e-01
9.840000000000000968e-01 -1.256170018262619537e-01
9.920000000000001039e-01 -1.223935058645550383e-01
9.999999999999998890e-01 -1.193312689379213143e-01
1.008000000000000007e+00 -1.169522246128975873e-01
1.016000000000000014e+00 -1.151380831187567566e-01
1.024000000000000021e+00 -1.132607125414113597e-01
1.032000000000000028e+00 -1.102226333156638566e-01
1.040000000000000036e+00 -1.051914023764473488e-01
1.048000000000000043e+00 -9.857228331142492417e-02
1.056000000000000050e+00 -9.183780647937891950e-02
1.064000000000000057e+00 -8.622347062842827814e-02
1.072000000000000064e+00 -8.181232117224654377e-02
1.080000000000000071e+00 -7.777704266885070161e-02
1.088000000000000078e+00 -7.305432693623152562e-02
1.096000000000000085e+00 -6.680503245366202492e-02
1.104000000000000092e+00 -5.879022440856990217e-02
1.112000000000000099e+00 -4.957312346735338188e-02
1.120000000000000107e+00 -4.008297839971404486e-02
1.128000000000000114e+00 -3.076325432228531678e-02
1.136000000000000121e+00 -2.120754891027561151e-02
1.144000000000000128e+00 -1.068059275879342830e-02
1.152000000000000135e+00 1.021695130126334169e-03
1.160000000000000142e+00 1.324696306459596969e-02
1.168000000000000149e+00 2.511381617907503319e-02
1.176000000000000156e+00 3.650067356699582960e-02
1.184000000000000163e+00 4.817944159685201566e-02
1.192000000000000171e+00 6.079180603739755412e-02
1.200000000000000178e+00 7.396736228725832307e-02
1.208000000000000185e+00 8.677493845033631970e-02
1.216000000000000192e+00 9.881609572668922925e-02
1.224000000000000199e+00 1.104608177789137280e-01
1.232000000000000206e+00 1.221294203423846231e-01
1.240000000000000213e+00 1.337001415650389269e-01
1.247999999999999776e+00 1.444809712056056572e-01
1.255999999999999783e+00 1.534526452601985835e-01
1.263999999999999790e+00 1.598140242541973566e-01
1.271999999999999797e+00 1.637802249895075613e-01
1.279999999999999805e+00 1.667433636952820875e-01
1.287999999999999812e+00 1.702253941687125460e-01
1.295999999999999819e+00 1.746328946225686185e-01
1.303999999999999826e+00 1.791716054672397029e-01
1.311999999999999833e+00 1.827735347649714348e-01
1.319999999999999840e+00 1.848789041853313719e-01
1.327999999999999847e+00 1.855730310004630457e-01
1.335999999999999854e+00 1.854093993964184561e-01
1.343999999999999861e+00 1.852005636761767104e-01
1.351999999999999869e+00 1.857994224009699713e-01
1.359999999999999876e+00 1.878634350894088367e-01
1.367999999999999883e+00 1.915484103693398388e-01
1.375999999999999890e+00 1.961874776603455273e-01
1.383999999999999897e+00 2.002918180914836366e-01
1.391999999999999904e+00 2.020223778560819028e-01
1.399999999999999911e+00 1.997616129494175774e-01
1.407999999999999918e+00 1.924962041656760603e-01
1.415999999999999925e+00 1.801528077797763527e-01
1.423999999999999932e+00 1.637923790841453175e-01
1.431999999999999940e+00 1.451564487831693007e-01
1.439999999999999947e+00 1.256418421995660617e-01
1.447999999999999954e+00 1.056855528532509580e-01
1.455999999999999961e+00 8.521066539190594313e-02
1.463999999999999968e+00 6.455653663542325338e-02
1.471999999999999975e+00 4.486351659597767605e-02
1.479999999999999982e+00 2.757347772343254899e-02
1.487999999999999989e+00 1.353739836384222281e-02
1.495999999999999996e+00 2.515079774261719768e-03
1.504000000000000004e+00 -6.503322964118143576e-03
1.512000000000000011e+00 -1.455541987744586423e-02
1.520000000000000018e+00 -2.235359008032550276e-02
1.528000000000000025e+00 -3.042064349660292960e-02
1.536000000000000032e+00 -3.904842794154490121e-02
1.544000000000000039e+00 -4.791643476329844609e-02
1.552000000000000046e+00 -5.608197932660672486e-02
1.560000000000000053e+00 -6.267098934768623730e-02
1.568000000000000060e+00 -6.757079031626635202e-02
1.576000000000000068e+00 -7.144350855795709998e-02
1.584000000000000075e+00 -7.520692913186532991e-02
1.592000000000000082e+00 -7.940863388306884652e-02
1.600000000000000089e+00 -8.375027729161493850e-02
1.608000000000000096e+00 -8.715508547234362968e-02
1.616000000000000103e+00 -8.862770454375173967e-02
1.624000000000000110e+00 -8.821755225098323883e-02
1.632000000000000117e+00 -8.697127838637595809e-02
1.640000000000000124e+00 -8.585452846791011283e-02
1.648000000000000131e+00 -8.486593612281084775e-02
1.656000000000000139e+00 -8.328789819062264177e-02
1.664000000000000146e+00 -8.068927003228290595e-02
1.672000000000000153e+00 -7.750307019759226923e-02
1.680000000000000160e+00 -7.448657517318456323e-02
1.688000000000000167e+00 -7.164482644990061155e-02
1.696000000000000174e+00 -6.795070770055826326e-02
1.704000000000000181e+00 -6.235204214038701787e-02
1.712000000000000188e+00 -5.493144935199474610e-02
1.720000000000000195e+00 -4.684857555683626107e-02
1.728000000000000203e+00 -3.923080238920576002e-02
1.736000000000000210e+00 -3.231264200156339778e-02
1.744000000000000217e+00 -2.552898814033554772e-02
1.752000000000000224e+00 -1.822962008142113913e-02
1.760000000000000231e+00 -1.041449323560052903e-02
1.768000000000000238e+00 -2.924820692241237273e-03
1.776000000000000245e+00 3.283006351754402287e-03
1.784000000000000252e+00 8.214265435465727822e-03
1.792000000000000259e+00 1.293682729868931777e-02
1.800000000000000266e+00 1.843243705001929716e-02
1.808000000000000274e+00 2.467434421735904479e-02
1.816000000000000281e+00 3.108872308709229731e-02
1.824000000000000288e+00 3.752906233877666836e-02
1.832000000000000295e+00 4.433597835809202636e-02
1.840000000000000302e+00 5.165805726464371000e-02
1.848000000000000309e+00 5.921281198743058583e-02
1.856000000000000316e+00 6.671312615730920492e-02
1.864000000000000323e+00 7.418658782604498070e-02
1.872000000000000330e+00 8.180894261939947176e-02
1.880000000000000338e+00 8.959036818416797610e-02
1.888000000000000345e+00 9.725059177569922442e-02
1.896000000000000352e+00 1.043427510960866639e-01
1.904000000000000359e+00 1.105292868126463018e-01
1.912000000000000366e+00 1.157395961560232917e-01
1.920000000000000373e+00 1.200205298270602267e-01
1.928000000000000380e+00 1.233284751838026050e-01
1.936000000000000387e+00 1.255583969496229801e-01
1.944000000000000394e+00 1.265971206817788353e-01
1.952000000000000401e+00 1.261623463306069670e-01
1.960000000000000409e+00 1.238203457079987413e-01
1.968000000000000416e+00 1.195264121966148202e-01
1.976000000000000423e+00 1.140563750989220942e-01
1.984000000000000430e+00 1.085063897878275341e-01
1.992000000000000437e+00 1.032736138205992138e-01
2.000000000000000444e+00 9.775823431638822059e-02
2.008000000000000451e+00 9.113012815154565571e-02
2.016000000000000458e+00 8.319458402439347533e-02
2.024000000000000465e+00 7.443561998879094643e-02
2.032000000000000473e+00 6.543281442614395926e-02
2.040000000000000480e+00 5.648423216707943589e-02
2.048000000000000487e+00 4.776363424284504194e-02
2.056000000000000494e+00 3.955062433094869156e-02
2.064000000000000501e+00 3.210114333248630103e-02
2.072000000000000508e+00 2.540156784521968580e-02
2.080000000000000515e+00 1.920815679494152287e-02
2.088000000000000522e+00 1.319967371575595134e-02
2.096000000000000529e+00 6.928761886681627721e-03
2.104000000000000536e+00 -1.171381313427302055e-04
2.112000000000000544e+00 -7.980500767109380972e-03
2.120000000000000551e+00 -1.580476219232317819e-02
2.127999999999999670e+00 -2.234325244667634616e-02
2.135999999999999677e+00 -2.701599061307107322e-02
2.143999999999999684e+00 -3.032333920025957752e-02
2.151999999999999691e+00 -3.336054428376205444e-02
2.159999999999999698e+00 -3.723229331593094771e-02
2.167999999999999705e+00 -4.277849549494803366e-02
2.175999999999999712e+00 -5.030083858135816349e-02
2.183999999999999719e+00 -5.926765608899046966e-02
2.191999999999999726e+00 -6.845881576298722127e-02
2.199999999999999734e+00 -7.664645420227343686e-02
2.207999999999999741e+00 -8.329430402994317251e-02
2.215999999999999748e+00 -8.872522292564223589e-02
2.223999999999999755e+00 -9.360341911332104026e-02
2.231999999999999762e+00 -9.811553720400768841e-02
2.239999999999999769e+00 -1.016539374069202334e-01
2.247999999999999776e+00 -1.034229104087584089e-01
2.255999999999999783e+00 -1.032747007529341843e-01
2.263999999999999790e+00 -1.017640449981106893e-01
2.271999999999999797e+00 -9.953911631860826170e-02
2.279999999999999805e+00 -9.702950398082854644e-02
2.287999999999999812e+00 -9.464335846013453846e-02
2.295999999999999819e+00 -9.278379059286424868e-02
2.303999999999999826e+00 -9.147312933909514110e-02
2.311999999999999833e+00 -9.019600524686631482e-02
2.319999999999999840e+00 -8.828064713932519403e-02
2.327999999999999847e+00 -8.538420832340305744e-02
2.335999999999999854e+00 -8.163184724825528482e-02
2.343999999999999861e+00 -7.740596101520570704e-02
2.351999999999999869e+00 -7.298449667714559941e-02
2.359999999999999876e+00 -6.828428026174535037e-02
2.367999999999999883e+00 -6.296730835241411139e-02
2.375999999999999890e+00 -5.681884950567146764e-02
2.383999999999999897e+00 -4.993141560678208274e-02
2.391999999999999904e+00 -4.252262859819752605e-02
2.399999999999999911e+00 -3.478666138166784660e-02
2.407999999999999918e+00 -2.703795549865813802e-02
2.415999999999999925e+00 -1.979381279738845131e-02
2.423999999999999932e+00 -1.345716468724343119e-02
2.431999999999999940e+00 -7.914252003146833581e-03
2.439999999999999947e+00 -2.605375128575120654e-03
2.447999999999999954e+00 2.927067603939350129e-03
2.455999999999999961e+00 8.618578228988699533e-03
2.463999999999999968e+00 1.409099198542822576e-02
2.471999999999999975e+00 1.925038636290749006e-02
2.479999999999999982e+00 2.450384350976035283e-02
2.487999999999999989e+00 3.024625237297667510e-02
2.495999999999999996e+00 3.623696753147439414e-02
2.504000000000000004e+00 4.166487344848802260e-02
2.512000000000000011e+00 4.572499969984610002e-02
2.520000000000000018e+00 4.784626560246662413e-02
2.528000000000000025e+00 4.740908196862458901e-02
2.536000000000000032e+00 4.370976515584553551e-02
2.544000000000000039e+00 3.652114516067558880e-02
2.552000000000000046e+00 2.656812112741472470e-02
2.560000000000000053e+00 1.529532187535047327e-02
2.568000000000000060e+00 4.276968462575928866e-03
2.576000000000000068e+00 -5.074052529892236763e-03
2.584000000000000075e+00 -1.149361430915295072e-02
2.592000000000000082e+00 -1.397662725032893308e-02
2.600000000000000089e+00 -1.210559148115833081e-02
2.608000000000000096e+00 -6.292724029848115706e-03
2.616000000000000103e+00 2.293499595964513041e-03
2.624000000000000110e+00 1.206485944452482043e-02
2.632000000000000117e+00 2.144428766126687397e-02
2.640000000000000124e+00 2.924100291088794698e-02
2.648000000000000131e+00 3.482433868762369045e-02
2.656000000000000139e+00 3.799074469779066543e-02
2.664000000000000146e+00 3.862979966534549336e-02
2.672000000000000153e+00 3.654642715863638813e-02
2.680000000000000160e+00 3.167555374479553293e-02
2.688000000000000167e+00 2.441512915819404536e-02
2.696000000000000174e+00 1.560647933519747517e-02
2.704000000000000181e+00 6.170563952365848079e-03
2.712000000000000188e+00 -3.195978738575719607e-03
2.720000000000000195e+00 -1.214248414025109572e-02
2.728000000000000203e+00 -2.073109006822736536e-02
2.736000000000000210e+00 -2.925943428638340393e-02
2.744000000000000217e+00 -3.766558511854041502e-02
2.752000000000000224e+00 -4.513992724121746597e-02
2.760000000000000231e+00 -5.070422662196604618e-02
2.768000000000000238e+00 -5.421464984462789904e-02
2.776000000000000245e+00 -5.645421508838961017e-02
2.784000000000000252e+00 -5.824508068381024917e-02
2.792000000000000259e+00 -5.989294704459290769e-02
2.800000000000000266e+00 -6.150463567433257783e-02
2.808000000000000274e+00 -6.324266643325039683e-02
2.816000000000000281e+00 -6.496591059907293186e-02
2.824000000000000288e+00 -6.606932911962863642e-02
2.832000000000000295e+00 -6.611786292831077494e-02
2.840000000000000302e+00 -6.547338238157869583e-02
2.848000000000000309e+00 -6.499954899752362347e-02
2.856000000000000316e+00 -6.524461614357454642e-02
2.864000000000000323e+00 -6.610424081762196480e-02
2.872000000000000330e+00 -6.714687348027874314e-02
2.880000000000000338e+00 -6.800491674149208854e-02
2.888000000000000345e+00 -6.844166625399347725e-02
2.896000000000000352e+00 -6.823876604290776693e-02
2.904000000000000359e+00 -6.716843736558056333e-02
2.912000000000000366e+00 -6.511284503081050945e-02
2.920000000000000373e+00 -6.219971767619036918e-02
2.928000000000000380e+00 -5.877862611103268353e-02
2.936000000000000387e+00 -5.521551693332008015e-02
2.944000000000000394e+00 -5.169322622447344168e-02
2.952000000000000401e+00 -4.818906436437291746e-02
2.960000000000000409e+00 -4.457255809619913717e-02
2.968000000000000416e+00 -4.066018355700391773e-02
2.976000000000000423e+00 -3.621776243463269152e-02
2.984000000000000430e+00 -3.106008391069813718e-02
2.992000000000000437e+00 -2.526453355082913105e-02
3.000000000000000444e+00 -1.922619571938801938e-02
3.008000000000000451e+00 -1.335862760081611006e-02
3.016000000000000458e+00 -7.756304138890442006e-03
3.024000000000000465e+00 -2.303720772669021200e-03
3.032000000000000473e+00 2.900641970092812747e-03
3.040000000000000480e+00 7.458857250250690123e-03
3.048000000000000487e+00 1.108113339559315715e-02
3.056000000000000494e+00 1.384954990051498989e-02
3.064000000000000501e+00 1.597354264936922189e-02
3.072000000000000508e+00 1.759674510264448363e-02
3.080000000000000515e+00 1.911540205928222505e-02
3.088000000000000522e+00 2.139782357737984517e-02
3.096000000000000529e+00 2.518264418198889673e-02
3.104000000000000536e+00 3.020806837639899989e-02
3.112000000000000544e+00 3.525031890531232087e-02
3.120000000000000551e+00 3.911438172348321446e-02
3.127999999999999670e+00 4.142762104134856821e-02
3.135999999999999677e+00 4.255616850159154446e-02
3.143999999999999684e+00 4.315248495121892097e-02
3.151999999999999691e+00 4.392149662036393121e-02
3.159999999999999698e+00 4.542678655884520300e-02
3.167999999999999705e+00 4.771505864323930673e-02
3.175999999999999712e+00 5.021169838249175260e-02
3.183999999999999719e+00 5.227999864159684623e-02
3.191999999999999726e+00 5.387560490074571468e-02
3.199999999999999734e+00 5.543871503721653493e-02
3.207999999999999741e+00 5.719004056433394517e-02
3.215999999999999748e+00 5.880359064919770534e-02
3.223999999999999755e+00 5.976237967906934678e-02
3.231999999999999762e+00 5.969119549744006381e-02
3.239999999999999769e+00 5.823183507455181179e-02
3.247999999999999776e+00 5.496282283372930927e-02
3.255999999999999783e+00 4.976807152888185898e-02
3.263999999999999790e+00 4.315671494668560371e-02
3.271999999999999797e+00 3.600205923724853624e-02
3.279999999999999805e+00 2.907205347681128885e-02
3.287999999999999812e+00 2.294661910160013599e-02
3.295999999999999819e+00 1.812367301525527954e-02
3.303999999999999826e+00 1.482814354823542950e-02
3.311999999999999833e+00 1.276854551521458027e-02
3.319999999999999840e+00 1.136944711843073177e-02
3.327999999999999847e+00 1.020401734372677893e-02
3.335999999999999854e+00 8.957741527176810853e-03
3.343999999999999861e+00 7.104526666581177305e-03
3.351999999999999869e+00 4.042332708810546758e-03
3.359999999999999876e+00 -3.723052348786618426e-04
3.367999999999999883e+00 -5.707225903186165412e-03
3.375999999999999890e+00 -1.143630014322396041e-02
3.383999999999999897e+00 -1.730345627989796076e-02
3.391999999999999904e+00 -2.316660335597997208e-02
3.399999999999999911e+00 -2.875940809030793494e-02
3.407999999999999918e+00 -3.377840213270285469e-02
3.415999999999999925e+00 -3.808416085515897720e-02
3.423999999999999932e+00 -4.172302934201796432e-02
3.431999999999999940e+00 -4.484535682887869079e-02
3.439999999999999947e+00 -4.765534057280725044e-02
3.447999999999999954e+00 -5.036835884338855540e-02
3.455999999999999961e+00 -5.317403452242505657e-02
3.463999999999999968e+00 -5.620678934640486318e-02
3.471999999999999975e+00 -5.942799835141918119e-02
3.479999999999999982e+00 -6.247090148674649956e-02
3.487999999999999989e+00 -6.474457951459580696e-02
3.495999999999999996e+00 -6.586031076521271788e-02
3.504000000000000004e+00 -6.590563434275714672e-02
3.512000000000000011e+00 -6.515970942610707639e-02
3.520000000000000018e+00 -6.362838486689086082e-02
3.528000000000000025e+00 -6.109914341334338195e-02
3.536000000000000032e+00 -5.766375821258520884e-02
3.544000000000000039e+00 -5.396665221695790687e-02
3.552000000000000046e+00 -5.084521662341653231e-02
3.560000000000000053e+00 -4.880694189356306334e-02
3.568000000000000060e+00 -4.781320858294352272e-02
3.576000000000000068e+00 -4.732679317820303461e-02
3.584000000000000075e+00 -4.645393774272179449e-02
3.592000000000000082e+00 -4.430811635539919774e-02
3.600000000000000089e+00 -4.060741158243760113e-02
3.608000000000000096e+00 -3.594232580843101377e-02
3.616000000000000103e+00 -3.122959618149298566e-02
3.624000000000000110e+00 -2.686187479142450318e-02
3.632000000000000117e+00 -2.256004374719700403e-02
3.640000000000000124e+00 -1.806929361007680868e-02
3.648000000000000131e+00 -1.377560657821462822e-02
3.656000000000000139e+00 -1.048906167441660507e-02
3.664000000000000146e+00 -8.692504973306399221e-03
3.672000000000000153e+00 -8.066403040621585724e-03
3.680000000000000160e+00 -7.655236040020138404e-03
3.688000000000000167e+00 -6.435674287500476286e-03
3.696000000000000174e+00 -3.849751035224708347e-03
3.704000000000000181e+00 0.000000000000000000e+00
