0.000000000000000000e+00 1.000000000000000000e+00
8.000000000000007105e-03 9.965984764245128247e-01
1.600000000000001421e-02 9.878731852266915414e-01
2.400000000000002132e-02 9.740358640903991061e-01
3.200000000000002842e-02 9.557341954835765208e-01
4.000000000000003553e-02 9.328418071075881279e-01
4.800000000000004263e-02 9.047328083888698247e-01
5.599999999999999423e-02 8.714859347037821058e-01
6.400000000000000133e-02 8.336450249486671016e-01
7.200000000000000844e-02 7.917726833841928213e-01
8.000000000000001554e-02 7.471626285300195791e-01
8.799999999999996714e-02 7.011072427358761017e-01
9.599999999999997424e-02 6.529328705116631548e-01
1.039999999999999813e-01 6.012719183381398658e-01
1.119999999999999885e-01 5.471942281662774965e-01
1.199999999999999956e-01 4.933635451867182664e-01
1.280000000000000027e-01 4.407410020825315855e-01
1.360000000000000098e-01 3.884913940051994974e-01
1.440000000000000169e-01 3.362120345180978354e-01
1.520000000000000240e-01 2.846181967928559375e-01
1.600000000000000311e-01 2.347096152775073885e-01
1.680000000000000382e-01 1.869257583189614380e-01
1.760000000000000453e-01 1.411933328191542769e-01
1.840000000000000524e-01 9.811899787104590154e-02
1.920000000000000595e-01 5.912931076968551414e-02
2.000000000000000666e-01 2.428759990440189365e-02
2.080000000000000737e-01 -8.668166524272479315e-03
2.160000000000000808e-01 -4.200611449302717876e-02
2.239999999999999769e-01 -7.597125491103789985e-02
2.319999999999999840e-01 -1.091955690943324647e-01
2.399999999999999911e-01 -1.396537321707954638e-01
2.479999999999999982e-01 -1.654345918958922412e-01
2.560000000000000053e-01 -1.856363494061827879e-01
2.640000000000000124e-01 -2.005817591142429190e-01
2.720000000000000195e-01 -2.116245499389384221e-01
2.800000000000000266e-01 -2.210612690542625991e-01
2.879999999999999227e-01 -2.309354140701375679e-01
2.959999999999999298e-01 -2.412404529911811868e-01
3.039999999999999369e-01 -2.500540930590130495e-01
3.119999999999999440e-01 -2.554088659186860566e-01
3.199999999999999512e-01 -2.569078669691025052e-01
3.279999999999999583e-01 -2.563097349204488395e-01
3.359999999999999654e-01 -2.561114698693350289e-01
3.439999999999999725e-01 -2.567668710553248079e-01
3.519999999999999796e-01 -2.566755264299807049e-01
3.599999999999999867e-01 -2.553748859995960685e-01
3.679999999999999938e-01 -2.543280332393006993e-01
3.760000000000000009e-01 -2.540984099898140891e-01
3.840000000000000080e-01 -2.532336407331280403e-01
3.920000000000000151e-01 -2.502816538904770183e-01
4.000000000000000222e-01 -2.452513030209330092e-01
4.080000000000000293e-01 -2.392956428647693146e-01
4.160000000000000364e-01 -2.338419279005211626e-01
4.240000000000000435e-01 -2.295201198218930483e-01
4.320000000000000506e-01 -2.255549603112511348e-01
4.400000000000000577e-01 -2.203716746246352221e-01
4.479999999999999538e-01 -2.126386841947623674e-01
4.559999999999999609e-01 -2.020608677865556035e-01
4.639999999999999680e-01 -1.898268993272805016e-01
4.719999999999999751e-01 -1.778285078476838643e-01
4.799999999999999822e-01 -1.667929486228659497e-01
4.879999999999999893e-01 -1.556744777969600313e-01
4.959999999999999964e-01 -1.433093220824877556e-01
5.040000000000000036e-01 -1.301026395821039128e-01
5.120000000000000107e-01 -1.174226844757954857e-01
5.200000000000000178e-01 -1.053735376914191613e-01
5.280000000000000249e-01 -9.202725166087942499e-02
5.360000000000000320e-01 -7.566655051070787785e-02
5.440000000000000391e-01 -5.714046833277130338e-02
5.520000000000000462e-01 -3.874751471559612082e-02
5.600000000000000533e-01 -2.118254770690298355e-02
5.679999999999999494e-01 -2.939564999402569361e-03
5.759999999999999565e-01 1.741168578981713844e-02
5.839999999999999636e-01 3.965558195335055353e-02
5.919999999999999707e-01 6.277048287494241263e-02
5.999999999999999778e-01 8.598786628343280114e-02
6.079999999999999849e-01 1.082701707417895315e-01
6.159999999999999920e-01 1.279369666425481666e-01
6.239999999999999991e-01 1.440376627189738912e-01
6.320000000000000062e-01 1.571825124496148418e-01
6.400000000000000133e-01 1.679427718454609142e-01
6.480000000000000204e-01 1.755652778633082500e-01
6.560000000000000275e-01 1.792597414878991380e-01
6.640000000000000346e-01 1.795957258506528098e-01
6.720000000000000417e-01 1.779971541317395822e-01
6.800000000000000488e-01 1.759895999332725947e-01
6.880000000000000560e-01 1.750910501868991609e-01
6.960000000000000631e-01 1.760646469685701321e-01
7.040000000000000702e-01 1.778271104805385638e-01
7.120000000000000773e-01 1.780662302964596544e-01
7.200000000000000844e-01 1.756734017281038340e-01
7.280000000000000915e-01 1.720374104686796801e-01
7.360000000000000986e-01 1.689944791413253711e-01
7.440000000000001057e-01 1.660980714423063720e-01
7.520000000000001128e-01 1.614047713652953242e-01
7.600000000000001199e-01 1.542638217166625303e-01
7.680000000000001270e-01 1.454777640400957694e-01
7.760000000000001341e-01 1.355109686757071941e-01
7.840000000000001412e-01 1.242581907593811597e-01
7.920000000000001483e-01 1.116677547834292045e-01
8.000000000000001554e-01 9.758115853928210626e-02
8.080000000000001625e-01 8.203412245834473815e-02
8.160000000000001696e-01 6.575758605207346341e-02
8.239999999999999547e-01 4.916537094623574938e-02
8.319999999999999618e-01 3.162667059660618368e-02
8.399999999999999689e-01 1.299837867029485401e-02
8.479999999999999760e-01 -5.145975836138315385e-03
8.559999999999999831e-01 -2.072396936571853018e-02
8.639999999999999902e-01 -3.266285169806223965e-02
8.719999999999999973e-01 -4.090302019788498444e-02
8.800000000000000044e-01 -4.605331881225938062e-02
8.880000000000000115e-01 -4.988042126209692173e-02
8.960000000000000187e-01 -5.554476840956221878e-02
9.040000000000000258e-01 -6.577100520806174189e-02
9.120000000000000329e-01 -8.028026015226585876e-02
9.200000000000000400e-01 -9.643186653507032635e-02
9.280000000000000471e-01 -1.124985405730981464e-01
9.360000000000000542e-01 -1.281580547547516991e-01
9.440000000000000613e-01 -1.420573882190638015e-01
9.520000000000000684e-01 -1.519970594802461661e-01
9.600000000000000755e-01 -1.577068804629234433e-01
9.680000000000000826e-01 -1.610976317848531736e-01
9.760000000000000897e-01 -1.640808675323382759e-01
9.840000000000000968e-01 -1.675596374119741883e-01
9.920000000000001039e-01 -1.714043037602255015e-01
1.000000000000000000e+00 -1.742413060244518419e-01
1.008000000000000007e+00 -1.743411320811948384e-01
1.016000000000000014e+00 -1.715549352629825997e-01
1.024000000000000021e+00 -1.678391898262299176e-01
1.032000000000000028e+00 -1.653411978251633219e-01
1.040000000000000036e+00 -1.639896925381882087e-01
1.048000000000000043e+00 -1.615883133191265419e-01
1.056000000000000050e+00 -1.566775798114883045e-01
1.064000000000000057e+00 -1.502465228888603122e-01
1.072000000000000064e+00 -1.438452649061278676e-01
1.080000000000000071e+00 -1.373286692366555428e-01
1.088000000000000078e+00 -1.293488666295323219e-01
1.096000000000000085e+00 -1.190946643150168766e-01
1.104000000000000092e+00 -1.073006871396822021e-01
1.112000000000000099e+00 -9.606044295039996295e-02
1.120000000000000107e+00 -8.695837657427958611e-02
1.128000000000000114e+00 -7.918971202199839854e-02
1.136000000000000121e+00 -7.055839136024776026e-02
1.144000000000000128e+00 -5.968680986926560433e-02
1.152000000000000135e+00 -4.597920153812374428e-02
1.160000000000000142e+00 -2.909282513549080532e-02
1.168000000000000149e+00 -1.029402122939110549e-02
1.176000000000000156e+00 7.423482518809617139e-03
1.184000000000000163e+00 2.230577814229681502e-02
1.192000000000000171e+00 3.542396398370021432e-02
1.200000000000000178e+00 4.835948216799703520e-02
1.208000000000000185e+00 6.120371469142384807e-02
1.216000000000000192e+00 7.379666241279041194e-02
1.224000000000000199e+00 8.704871154774861119e-02
1.232000000000000206e+00 1.016824644288535084e-01
1.240000000000000213e+00 1.167745936506181664e-01
1.248000000000000220e+00 1.306061006187481111e-01
1.255999999999999783e+00 1.424430102981785740e-01
1.263999999999999790e+00 1.530802419454456442e-01
1.271999999999999797e+00 1.638279267784608084e-01
1.279999999999999805e+00 1.745906345045219465e-01
1.287999999999999812e+00 1.831039310539359921e-01
1.295999999999999819e+00 1.874842273390879277e-01
1.303999999999999826e+00 1.892148462610575288e-01
1.311999999999999833e+00 1.913171458617100584e-01
1.319999999999999840e+00 1.940204834248747678e-01
1.327999999999999847e+00 1.951457050979260310e-01
1.335999999999999854e+00 1.944424791796922625e-01
1.343999999999999861e+00 1.946759111876157911e-01
1.351999999999999869e+00 1.983461433641277583e-01
1.359999999999999876e+00 2.050900977102658451e-01
1.367999999999999883e+00 2.121870785151322991e-01
1.375999999999999890e+00 2.167943079889776137e-01
1.383999999999999897e+00 2.178903088604672023e-01
1.391999999999999904e+00 2.161788882278184443e-01
1.399999999999999911e+00 2.121267990556901517e-01
1.407999999999999918e+00 2.046030718617058430e-01
1.415999999999999925e+00 1.915790060513549720e-01
1.423999999999999932e+00 1.719374206534041438e-01
1.431999999999999940e+00 1.468027843255651776e-01
1.439999999999999947e+00 1.193003290754680729e-01
1.447999999999999954e+00 9.292338695811762361e-02
1.455999999999999961e+00 6.987858703626108337e-02
1.463999999999999968e+00 5.019381568570302488e-02
1.471999999999999975e+00 3.193910256012581772e-02
1.479999999999999982e+00 1.316075473516536976e-02
1.487999999999999989e+00 -6.048897206107197409e-03
1.495999999999999996e+00 -2.417376364528370236e-02
1.504000000000000004e+00 -4.031120969229219642e-02
1.512000000000000011e+00 -5.426419007349492923e-02
1.520000000000000018e+00 -6.576147157728895465e-02
1.528000000000000025e+00 -7.516325044735526484e-02
1.536000000000000032e+00 -8.377351359965119759e-02
1.544000000000000039e+00 -9.224886689185551880e-02
1.552000000000000046e+00 -9.976310668030098638e-02
1.560000000000000053e+00 -1.053905646298657212e-01
1.568000000000000060e+00 -1.094131284725938930e-01
1.576000000000000068e+00 -1.128764832289241710e-01
1.584000000000000075e+00 -1.163117170295968617e-01
1.592000000000000082e+00 -1.192326087220289682e-01
1.600000000000000089e+00 -1.209585350164502637e-01
1.608000000000000096e+00 -1.215228960702478822e-01
1.616000000000000103e+00 -1.213926862595654244e-01
1.624000000000000110e+00 -1.208743243208103557e-01
1.632000000000000117e+00 -1.203080342286334536e-01
1.640000000000000124e+00 -1.202410226395531218e-01
1.648000000000000131e+00 -1.208841788599317735e-01
1.656000000000000139e+00 -1.216529426220447213e-01
1.664000000000000146e+00 -1.215786854536041600e-01
1.672000000000000153e+00 -1.203300181622306980e-01
1.680000000000000160e+00 -1.184266542793500077e-01
1.688000000000000167e+00 -1.157761072759850851e-01
1.696000000000000174e+00 -1.108333273230039800e-01
1.704000000000000181e+00 -1.025739574038731367e-01
1.712000000000000188e+00 -9.228491059500640303e-02
1.720000000000000195e+00 -8.203138080762380213e-02
1.728000000000000203e+00 -7.270296649282256829e-02
1.736000000000000210e+00 -6.445391575897865821e-02
1.744000000000000217e+00 -5.728462143926339040e-02
1.752000000000000224e+00 -5.065624598367038378e-02
1.760000000000000231e+00 -4.396434196352577706e-02
1.768000000000000238e+00 -3.725052849467989230e-02
1.776000000000000245e+00 -3.066964287505276679e-02
1.784000000000000252e+00 -2.390936535245908115e-02
1.792000000000000259e+00 -1.624325719865633150e-02
1.800000000000000266e+00 -6.780899301736780481e-03
1.808000000000000274e+00 4.453548826658813332e-03
1.816000000000000281e+00 1.588933849762178691e-02
1.824000000000000288e+00 2.643502690169721031e-02
1.832000000000000295e+00 3.717238453348771510e-02
1.840000000000000302e+00 4.936602597037679369e-02
1.848000000000000309e+00 6.264947618836531895e-02
1.856000000000000316e+00 7.646770584482240340e-02
1.864000000000000323e+00 9.064398015686316035e-02
1.872000000000000330e+00 1.036475075112040511e-01
1.880000000000000338e+00 1.132068486803690516e-01
1.888000000000000345e+00 1.192617460627369702e-01
1.896000000000000352e+00 1.240607772393506891e-01
1.904000000000000359e+00 1.290910034029168207e-01
1.912000000000000366e+00 1.332974565810194634e-01
1.920000000000000373e+00 1.345308503508466924e-01
1.928000000000000380e+00 1.321593755176493079e-01
1.936000000000000387e+00 1.275570366842518344e-01
1.944000000000000394e+00 1.219159506441169494e-01
1.952000000000000401e+00 1.152202267926938778e-01
1.960000000000000409e+00 1.082483377968660176e-01
1.968000000000000416e+00 1.031690101377360780e-01
1.976000000000000423e+00 1.005887849533272649e-01
1.984000000000000430e+00 9.840158081453759253e-02
1.992000000000000437e+00 9.494820212371524182e-02
2.000000000000000444e+00 9.096047698910653123e-02
2.008000000000000451e+00 8.738952215062584239e-02
2.016000000000000458e+00 8.353357519386739316e-02
2.024000000000000465e+00 7.805235384472250515e-02
2.032000000000000473e+00 7.022488793731324064e-02
2.040000000000000480e+00 6.010039048714133775e-02
2.048000000000000487e+00 4.866158843080848478e-02
2.056000000000000494e+00 3.751947984876208286e-02
2.064000000000000501e+00 2.756112438447472918e-02
2.072000000000000508e+00 1.849549417956827119e-02
2.080000000000000515e+00 1.004347846794434104e-02
2.088000000000000522e+00 2.400255766636257958e-03
2.096000000000000529e+00 -4.604134737252481464e-03
2.104000000000000536e+00 -1.133098620734409624e-02
2.112000000000000544e+00 -1.725396696382022754e-02
2.120000000000000551e+00 -2.134162874802345011e-02
2.128000000000000558e+00 -2.330554097295704091e-02
2.135999999999999677e+00 -2.356151605178073705e-02
2.143999999999999684e+00 -2.262731840497263572e-02
2.151999999999999691e+00 -2.127335835398753289e-02
2.159999999999999698e+00 -2.051000345821767448e-02
2.167999999999999705e+00 -2.101953139993052028e-02
2.175999999999999712e+00 -2.305405421723147677e-02
2.183999999999999719e+00 -2.653517457955556838e-02
2.191999999999999726e+00 -3.065725229539297686e-02
2.199999999999999734e+00 -3.407307819642579894e-02
2.207999999999999741e+00 -3.635993062480906424e-02
2.215999999999999748e+00 -3.899470939078755749e-02
2.223999999999999755e+00 -4.407115588649074267e-02
2.231999999999999762e+00 -5.188362693882330595e-02
2.239999999999999769e+00 -6.027366531925701376e-02
2.247999999999999776e+00 -6.659634767752017903e-02
2.255999999999999783e+00 -6.984059434301841118e-02
2.263999999999999790e+00 -7.072329384362804894e-02
2.271999999999999797e+00 -7.049497469836585317e-02
2.279999999999999805e+00 -6.978576581919941624e-02
2.287999999999999812e+00 -6.803101474092035361e-02
2.295999999999999819e+00 -6.437618596294086837e-02
2.303999999999999826e+00 -5.944493710157294775e-02
2.311999999999999833e+00 -5.509495316258344183e-02
2.319999999999999840e+00 -5.224047975050459536e-02
2.327999999999999847e+00 -5.044887522490516807e-02
2.335999999999999854e+00 -4.954992704117966440e-02
2.343999999999999861e+00 -4.976066049863503427e-02
2.351999999999999869e+00 -5.028721298652873845e-02
2.359999999999999876e+00 -4.940501946255066584e-02
2.367999999999999883e+00 -4.603589049772409403e-02
2.375999999999999890e+00 -4.043770142019435104e-02
2.383999999999999897e+00 -3.335409099945316203e-02
2.391999999999999904e+00 -2.501285527145555299e-02
2.399999999999999911e+00 -1.534514145076790355e-02
2.407999999999999918e+00 -4.922242072240483844e-03
2.415999999999999925e+00 5.176379268203357142e-03
2.423999999999999932e+00 1.437924822388083126e-02
2.431999999999999940e+00 2.275973747860877625e-02
2.439999999999999947e+00 3.066360309915773172e-02
2.447999999999999954e+00 3.878354903394738706e-02
2.455999999999999961e+00 4.749713147604239794e-02
2.463999999999999968e+00 5.583824181933035036e-02
2.471999999999999975e+00 6.257889199564699301e-02
2.479999999999999982e+00 6.802264729963658496e-02
2.487999999999999989e+00 7.309229038909786924e-02
2.495999999999999996e+00 7.748617120686671078e-02
2.504000000000000004e+00 8.026428144263172970e-02
2.512000000000000011e+00 8.117638562737186647e-02
2.520000000000000018e+00 8.026124787830982155e-02
2.528000000000000025e+00 7.706834919357970215e-02
2.536000000000000032e+00 7.096647926908050685e-02
2.544000000000000039e+00 6.186278336224398933e-02
2.552000000000000046e+00 5.051259997997168544e-02
2.560000000000000053e+00 3.807868347263802800e-02
2.568000000000000060e+00 2.546662314646227360e-02
2.576000000000000068e+00 1.364367813043078012e-02
2.584000000000000075e+00 4.270244389087422300e-03
2.592000000000000082e+00 -1.009530549254672796e-03
2.600000000000000089e+00 -1.560692244696986874e-03
2.608000000000000096e+00 2.536153549663864096e-03
2.616000000000000103e+00 1.075125250394156837e-02
2.624000000000000110e+00 2.154055301100775074e-02
2.632000000000000117e+00 3.257676408519675354e-02
2.640000000000000124e+00 4.189384034222622122e-02
2.648000000000000131e+00 4.832610446903500695e-02
2.656000000000000139e+00 5.122178983437845889e-02
2.664000000000000146e+00 5.017305110754764763e-02
2.672000000000000153e+00 4.488420710966880417e-02
2.680000000000000160e+00 3.577434672632453377e-02
2.688000000000000167e+00 2.497152716895088484e-02
2.696000000000000174e+00 1.548787700340825690e-02
2.704000000000000181e+00 8.660653578014355924e-03
2.712000000000000188e+00 3.348265423850577908e-03
2.720000000000000195e+00 -1.978167485571313486e-03
2.728000000000000203e+00 -7.495749721038249408e-03
2.736000000000000210e+00 -1.284806074757333973e-02
2.744000000000000217e+00 -1.849473527408946813e-02
2.752000000000000224e+00 -2.515839326148325283e-02
2.760000000000000231e+00 -3.251274024829275272e-02
2.768000000000000238e+00 -3.954904316546073439e-02
2.776000000000000245e+00 -4.594632297141280214e-02
2.784000000000000252e+00 -5.216169006500284699e-02
2.792000000000000259e+00 -5.858054595602944087e-02
2.800000000000000266e+00 -6.520710322788074442e-02
2.808000000000000274e+00 -7.155012386803501212e-02
2.816000000000000281e+00 -7.664838371639089154e-02
2.824000000000000288e+00 -8.007141993037536487e-02
2.832000000000000295e+00 -8.253123617676325074e-02
2.840000000000000302e+00 -8.467436483532211899e-02
2.848000000000000309e+00 -8.627969650106415145e-02
2.856000000000000316e+00 -8.737327991967212826e-02
2.864000000000000323e+00 -8.867387291501556412e-02
2.872000000000000330e+00 -9.032296203994957806e-02
2.880000000000000338e+00 -9.153574229282777919e-02
2.888000000000000345e+00 -9.172617305917979413e-02
2.896000000000000352e+00 -9.090233285210726211e-02
2.904000000000000359e+00 -8.909880615431133022e-02
2.912000000000000366e+00 -8.617898218595439197e-02
2.920000000000000373e+00 -8.205491549248904171e-02
2.928000000000000380e+00 -7.689475991939846711e-02
2.936000000000000387e+00 -7.123942306049173279e-02
2.944000000000000394e+00 -6.574765088175651973e-02
2.952000000000000401e+00 -6.071960091168068785e-02
2.960000000000000409e+00 -5.593677300195111501e-02
2.968000000000000416e+00 -5.076828358855718648e-02
2.976000000000000423e+00 -4.459777074198507246e-02
2.984000000000000430e+00 -3.769964564986642841e-02
2.992000000000000437e+00 -3.124761002141568378e-02
3.000000000000000444e+00 -2.559041322491640430e-02
3.008000000000000451e+00 -1.926007404031906609e-02
3.016000000000000458e+00 -1.102007832002015186e-02
3.024000000000000465e+00 -2.278748007321119984e-03
3.032000000000000473e+00 4.150209429713692770e-03
3.040000000000000480e+00 7.458301396059659541e-03
3.048000000000000487e+00 9.370502303526002247e-03
3.056000000000000494e+00 1.119791567477773989e-02
3.064000000000000501e+00 1.220434664928347207e-02
3.072000000000000508e+00 1.163917087512209361e-02
3.080000000000000515e+00 1.078316207309368974e-02
3.088000000000000522e+00 1.175324743228257224e-02
3.096000000000000529e+00 1.527451659320212471e-02
3.104000000000000536e+00 2.067028592855077798e-02
3.112000000000000544e+00 2.715535558500187241e-02
3.120000000000000551e+00 3.399321287302999040e-02
3.128000000000000558e+00 4.007138522731059499e-02
3.135999999999999677e+00 4.465995790842192809e-02
3.143999999999999684e+00 4.825636411583380386e-02
3.151999999999999691e+00 5.146207779047375086e-02
3.159999999999999698e+00 5.350991722960288244e-02
3.167999999999999705e+00 5.331882620941810064e-02
3.175999999999999712e+00 5.139378719400623102e-02
3.183999999999999719e+00 4.918006398399794865e-02
3.191999999999999726e+00 4.729992558176670386e-02
3.199999999999999734e+00 4.569408290026310410e-02
3.207999999999999741e+00 4.441804446193667322e-02
3.215999999999999748e+00 4.330047017501546802e-02
3.223999999999999755e+00 4.193062888340546440e-02
3.231999999999999762e+00 4.047875866283165425e-02
3.239999999999999769e+00 3.972936477609662065e-02
3.247999999999999776e+00 4.051106043568944437e-02
3.255999999999999783e+00 4.328791867614831257e-02
3.263999999999999790e+00 4.724553523228027657e-02
3.271999999999999797e+00 4.997138218924811887e-02
3.279999999999999805e+00 4.942896485503781023e-02
3.287999999999999812e+00 4.576159529367427453e-02
3.295999999999999819e+00 4.025812562515431597e-02
3.303999999999999826e+00 3.373536081380221208e-02
3.311999999999999833e+00 2.647651869511095934e-02
3.319999999999999840e+00 1.840836214993511050e-02
3.327999999999999847e+00 9.270092810114136106e-03
3.335999999999999854e+00 -5.762291038583731160e-04
3.343999999999999861e+00 -1.028399080192238420e-02
3.351999999999999869e+00 -1.964672653419706136e-02
3.359999999999999876e+00 -2.857047162431359741e-02
3.367999999999999883e+00 -3.581835882850641778e-02
3.375999999999999890e+00 -4.021024698839661959e-02
3.383999999999999897e+00 -4.244820224318217317e-02
3.391999999999999904e+00 -4.410398632308554917e-02
3.399999999999999911e+00 -4.570625342120468448e-02
3.407999999999999918e+00 -4.701040392599900586e-02
3.415999999999999925e+00 -4.805472840605560375e-02
3.423999999999999932e+00 -4.906570802587697372e-02
3.431999999999999940e+00 -5.016443377920766500e-02
3.439999999999999947e+00 -5.158311701814531636e-02
3.447999999999999954e+00 -5.356550794701282758e-02
3.455999999999999961e+00 -5.605289792777060770e-02
3.463999999999999968e+00 -5.905872559528314858e-02
3.471999999999999975e+00 -6.319760714208440266e-02
3.479999999999999982e+00 -6.909025767208507030e-02
3.487999999999999989e+00 -7.617670232912900075e-02
3.495999999999999996e+00 -8.276645141882262025e-02
3.504000000000000004e+00 -8.738977307179970899e-02
3.512000000000000011e+00 -8.967012747195739208e-02
3.520000000000000018e+00 -9.010003312382150464e-02
3.528000000000000025e+00 -8.957491370135384212e-02
3.536000000000000032e+00 -8.889144262720079237e-02
3.544000000000000039e+00 -8.822495644970715367e-02
3.552000000000000046e+00 -8.738180265911148215e-02
3.560000000000000053e+00 -8.653891906036602355e-02
3.568000000000000060e+00 -8.599252206729021686e-02
3.576000000000000068e+00 -8.529451014309481771e-02
3.584000000000000075e+00 -8.355674158466953882e-02
3.592000000000000082e+00 -8.053297582306354063e-02
3.600000000000000089e+00 -7.667248497588714795e-02
3.608000000000000096e+00 -7.234870798413210735e-02
3.616000000000000103e+00 -6.766789940101831935e-02
3.624000000000000110e+00 -6.274023156002651869e-02
3.632000000000000117e+00 -5.762369001739706120e-02
3.640000000000000124e+00 -5.225217737167887899e-02
3.648000000000000131e+00 -4.661733242452253956e-02
3.656000000000000139e+00 -4.056959822850984138e-02
3.664000000000000146e+00 -3.352624446273615166e-02
3.672000000000000153e+00 -2.533917820504363178e-02
3.680000000000000160e+00 -1.745865461156769285e-02
3.688000000000000167e+00 -1.189851274894926023e-02
3.696000000000000174e+00 -8.683099314167861543e-03
3.704000000000000181e+00 -5.459200328789219799e-03
3.712000000000000188e+00 0.000000000000000000e+00
