0.000000000000000000e+00 1.000000000000000000e+00
8.000000000000007105e-03 8.891985928556322971e-01
1.600000000000001421e-02 6.734463295511113889e-01
2.400000000000002132e-02 4.353351983240225098e-01
3.200000000000002842e-02 2.296467550583287109e-01
4.000000000000003553e-02 9.079749828317869309e-02
4.799999999999998712e-02 1.769601137169403773e-02
5.599999999999999423e-02 0.000000000000000000e+00
6.400000000000000133e-02 1.953889035026028578e-02
7.200000000000000844e-02 5.085644412835416822e-02
7.999999999999996003e-02 7.058801525519163567e-02
8.799999999999996714e-02 6.947891884128985784e-02
9.599999999999997424e-02 5.258267079538580385e-02
1.039999999999999813e-01 2.976400852400217997e-02
1.119999999999999885e-01 1.514303577383590768e-02
1.199999999999999956e-01 1.397574137479661027e-02
1.280000000000000027e-01 2.479364945051154914e-02
1.360000000000000098e-01 4.300210286768903212e-02
1.440000000000000169e-01 5.257788194252372566e-02
1.520000000000000240e-01 5.103759738247599931e-02
1.600000000000000311e-01 4.206398104222625750e-02
1.680000000000000382e-01 2.755409185117061940e-02
1.760000000000000453e-01 1.979571464765346456e-02
1.840000000000000524e-01 1.891956536677652512e-02
1.920000000000000595e-01 1.950005020853754281e-02
2.000000000000000666e-01 2.791298174763931841e-02
2.080000000000000737e-01 3.811154383793698835e-02
2.159999999999999698e-01 4.484059128849986892e-02
2.239999999999999769e-01 4.770734831390145703e-02
2.319999999999999840e-01 3.743965432615113664e-02
2.399999999999999911e-01 2.267508154013781960e-02
2.479999999999999982e-01 1.540755098591523563e-02
2.560000000000000053e-01 1.378068516298044943e-02
2.640000000000000124e-01 1.060784251316027917e-02
2.720000000000000195e-01 1.165472850019097506e-02
2.799999999999999156e-01 1.762172421605600822e-02
2.879999999999999227e-01 2.125827204828682759e-02
2.959999999999999298e-01 1.964241108306445313e-02
3.039999999999999369e-01 1.785125496046557556e-02
3.119999999999999440e-01 1.766202855387661100e-02
3.199999999999999512e-01 2.016577136811933957e-02
3.279999999999999583e-01 2.364111479118649259e-02
3.359999999999999654e-01 2.715241468672927733e-02
3.439999999999999725e-01 3.177158888050861385e-02
3.519999999999999796e-01 3.588912939236359873e-02
3.599999999999999867e-01 3.520875149102078300e-02
3.679999999999999938e-01 3.197085228436125776e-02
3.760000000000000009e-01 2.833660780226927509e-02
3.840000000000000080e-01 2.839706285284570794e-02
3.920000000000000151e-01 2.610406298015776130e-02
4.000000000000000222e-01 2.570200626632536747e-02
4.080000000000000293e-01 3.227344360781127242e-02
4.160000000000000364e-01 3.769333791403939316e-02
4.240000000000000435e-01 3.597715297206623142e-02
4.320000000000000506e-01 3.301167967348288268e-02
4.399999999999999467e-01 2.829723061871686554e-02
4.479999999999999538e-01 2.298587551862723080e-02
4.559999999999999609e-01 1.920845164210810418e-02
4.639999999999999680e-01 1.612263553025413548e-02
4.719999999999999751e-01 1.720532138775607636e-02
4.799999999999999822e-01 1.839567686875184446e-02
4.879999999999999893e-01 2.004701763948779289e-02
4.959999999999999964e-01 2.283066466308194750e-02
5.040000000000000036e-01 2.429432577545689170e-02
5.120000000000000107e-01 2.445513254015413765e-02
5.200000000000000178e-01 2.381552466281985567e-02
5.280000000000000249e-01 2.269322305477879456e-02
5.360000000000000320e-01 2.248367113973432502e-02
5.440000000000000391e-01 2.387864714449440540e-02
5.520000000000000462e-01 2.390343587870415176e-02
5.599999999999999423e-01 2.560525921152435186e-02
5.679999999999999494e-01 2.732208168905598394e-02
5.759999999999999565e-01 2.734861837863983985e-02
5.839999999999999636e-01 2.634979855199126239e-02
5.919999999999999707e-01 2.189038180788502319e-02
5.999999999999999778e-01 1.820695343636938301e-02
6.079999999999999849e-01 1.815103004219027066e-02
6.159999999999999920e-01 1.742037791196747107e-02
6.239999999999999991e-01 1.657601085283496450e-02
6.320000000000000062e-01 1.636180766366178083e-02
6.400000000000000133e-01 1.693004110273363394e-02
6.480000000000000204e-01 1.969171091053617886e-02
6.560000000000000275e-01 2.152767072374592305e-02
6.640000000000000346e-01 2.208246516139008436e-02
6.720000000000000417e-01 2.367841360236106613e-02
6.800000000000000488e-01 2.664120419223639166e-02
6.880000000000000560e-01 2.875517143545234730e-02
6.960000000000000631e-01 2.926017615820729681e-02
7.040000000000000702e-01 2.934237537845025071e-02
7.120000000000000773e-01 3.134681992300747400e-02
7.200000000000000844e-01 3.278671393269310536e-02
7.280000000000000915e-01 3.148248883931832609e-02
7.360000000000000986e-01 2.845309674271268713e-02
7.440000000000001057e-01 2.471044101970400544e-02
7.520000000000001128e-01 2.379685457736851681e-02
7.600000000000001199e-01 2.490046580500471576e-02
7.680000000000001270e-01 2.473192154689789896e-02
7.760000000000001341e-01 2.509219828022535292e-02
7.840000000000001412e-01 2.707196560913416664e-02
7.920000000000001483e-01 2.849148890907429385e-02
8.000000000000001554e-01 2.641665335261919947e-02
8.080000000000001625e-01 2.431273771849254417e-02
8.159999999999999476e-01 2.346528894544515007e-02
8.239999999999999547e-01 2.212894412068279817e-02
8.319999999999999618e-01 2.147620416773876953e-02
8.399999999999999689e-01 2.230393097345658229e-02
8.479999999999999760e-01 2.153989963367382993e-02
8.559999999999999831e-01 2.015289563975911427e-02
8.639999999999999902e-01 2.015625880701841718e-02
8.719999999999999973e-01 2.100262775671698362e-02
8.800000000000000044e-01 2.250316053034575464e-02
8.880000000000000115e-01 2.374612691268807377e-02
8.960000000000000187e-01 2.531197023539224350e-02
9.040000000000000258e-01 2.829938991707093079e-02
9.120000000000000329e-01 3.087367468720916830e-02
9.200000000000000400e-01 3.195617161021749308e-02
9.280000000000000471e-01 3.216052004626581556e-02
9.360000000000000542e-01 3.065510505454114437e-02
9.440000000000000613e-01 2.910621462699921821e-02
9.520000000000000684e-01 2.680268075341101300e-02
9.600000000000000755e-01 2.526129740497709206e-02
9.680000000000000826e-01 2.417020117305319210e-02
9.760000000000000897e-01 2.340719048017180642e-02
9.840000000000000968e-01 2.099948085009569615e-02
9.920000000000001039e-01 1.804642689433980443e-02
9.999999999999998890e-01 1.749106503628129403e-02
1.008000000000000007e+00 1.876521832194151876e-02
1.016000000000000014e+00 1.935281398045610862e-02
1.024000000000000021e+00 2.012832701563535207e-02
1.032000000000000028e+00 1.937709396202019763e-02
1.040000000000000036e+00 1.877162281760636972e-02
1.048000000000000043e+00 1.965266677396254255e-02
1.056000000000000050e+00 1.969330986259673275e-02
1.064000000000000057e+00 2.007147594709160141e-02
1.072000000000000064e+00 2.124027783484099680e-02
1.080000000000000071e+00 2.131465436231771635e-02
1.088000000000000078e+00 2.025091648578359466e-02
1.096000000000000085e+00 1.882541754068991699e-02
1.104000000000000092e+00 1.659469590404465469e-02
1.112000000000000099e+00 1.628625540594801774e-02
1.120000000000000107e+00 1.710559213615005236e-02
1.128000000000000114e+00 1.751404263884523763e-02
1.136000000000000121e+00 1.796117860094152349e-02
1.144000000000000128e+00 1.934112693227671084e-02
1.152000000000000135e+00 2.168549827943424060e-02
1.160000000000000142e+00 2.366871383790785863e-02
1.168000000000000149e+00 2.313693568114552623e-02
1.176000000000000156e+00 2.253366725089183883e-02
1.184000000000000163e+00 2.138882694615960173e-02
1.192000000000000171e+00 2.148649240344636599e-02
1.200000000000000178e+00 2.363872678875475475e-02
1.208000000000000185e+00 2.577330246903477423e-02
1.216000000000000192e+00 2.694562668386001059e-02
1.224000000000000199e+00 2.629855731918351661e-02
1.232000000000000206e+00 2.639226823432015354e-02
1.240000000000000213e+00 2.857679132369642105e-02
1.247999999999999776e+00 3.030410483672247093e-02
1.255999999999999783e+00 3.050757437470479755e-02
1.263999999999999790e+00 3.059830003550455257e-02
1.271999999999999797e+00 3.113587241107331968e-02
1.279999999999999805e+00 3.257322544798418179e-02
1.287999999999999812e+00 3.701428926713871970e-02
1.295999999999999819e+00 3.988174707884689640e-02
1.303999999999999826e+00 4.078821358382170303e-02
1.311999999999999833e+00 3.945312624420464764e-02
1.319999999999999840e+00 3.806760391206485267e-02
1.327999999999999847e+00 3.855548963174608434e-02
1.335999999999999854e+00 4.086813794760268959e-02
1.343999999999999861e+00 4.121346228954504698e-02
1.351999999999999869e+00 4.085241856715325637e-02
1.359999999999999876e+00 4.155241793671732298e-02
1.367999999999999883e+00 4.384675818809435910e-02
1.375999999999999890e+00 4.791355758014693295e-02
1.383999999999999897e+00 5.027820632102641268e-02
1.391999999999999904e+00 5.239604592743331291e-02
1.399999999999999911e+00 5.374894543643554679e-02
1.407999999999999918e+00 5.467603277088602109e-02
1.415999999999999925e+00 5.391381018242866890e-02
1.423999999999999932e+00 5.222637983973372339e-02
1.431999999999999940e+00 5.173653622650570272e-02
1.439999999999999947e+00 5.101677385690604749e-02
1.447999999999999954e+00 5.097476218879248150e-02
1.455999999999999961e+00 5.111286640801824405e-02
1.463999999999999968e+00 5.107384153157003281e-02
1.471999999999999975e+00 4.851724333044855203e-02
1.479999999999999982e+00 4.861917322101348693e-02
1.487999999999999989e+00 4.757914367863762262e-02
1.495999999999999996e+00 4.265945606138384777e-02
1.504000000000000004e+00 3.392270677843822746e-02
