5.000000000000000000e-01 0.000000000000000000e+00
5.150000000000000133e-01 0.000000000000000000e+00
5.300000000000000266e-01 1.527792400307558624e-03
5.450000000000000400e-01 4.585006212013690761e-04
5.600000000000000533e-01 4.585006212013690761e-04
5.750000000000000666e-01 0.000000000000000000e+00
5.900000000000000799e-01 0.000000000000000000e+00
6.050000000000000933e-01 0.000000000000000000e+00
6.200000000000001066e-01 0.000000000000000000e+00
6.350000000000001199e-01 0.000000000000000000e+00
6.500000000000001332e-01 6.177916909509874191e-04
6.650000000000001465e-01 6.177916909509874191e-04
6.800000000000001599e-01 6.177916909509874191e-04
6.950000000000001732e-01 0.000000000000000000e+00
7.100000000000001865e-01 0.000000000000000000e+00
7.250000000000001998e-01 0.000000000000000000e+00
7.400000000000002132e-01 0.000000000000000000e+00
7.550000000000002265e-01 0.000000000000000000e+00
7.700000000000002398e-01 0.000000000000000000e+00
7.850000000000002531e-01 0.000000000000000000e+00
8.000000000000002665e-01 0.000000000000000000e+00
8.150000000000002798e-01 0.000000000000000000e+00
8.300000000000002931e-01 0.000000000000000000e+00
8.450000000000003064e-01 0.000000000000000000e+00
8.600000000000003197e-01 0.000000000000000000e+00
8.750000000000003331e-01 0.000000000000000000e+00
8.900000000000003464e-01 0.000000000000000000e+00
9.050000000000003597e-01 0.000000000000000000e+00
9.200000000000003730e-01 0.000000000000000000e+00
9.350000000000003864e-01 0.000000000000000000e+00
9.500000000000003997e-01 0.000000000000000000e+00
9.650000000000004130e-01 7.573410114531539889e-04
9.800000000000004263e-01 7.573410114531539889e-04
9.950000000000004396e-01 8.142074288296335385e-04
1.010000000000000453e+00 0.000000000000000000e+00
1.025000000000000355e+00 0.000000000000000000e+00
1.040000000000000480e+00 0.000000000000000000e+00
1.055000000000000604e+00 0.000000000000000000e+00
1.070000000000000506e+00 0.000000000000000000e+00
1.085000000000000409e+00 0.000000000000000000e+00
1.100000000000000533e+00 0.000000000000000000e+00
1.115000000000000657e+00 0.000000000000000000e+00
1.130000000000000560e+00 0.000000000000000000e+00
1.145000000000000462e+00 0.000000000000000000e+00
1.160000000000000586e+00 0.000000000000000000e+00
1.175000000000000711e+00 3.529024213173185610e-05
1.190000000000000613e+00 5.071691507718032409e-05
1.205000000000000515e+00 4.652251902579962662e-05
1.220000000000000639e+00 0.000000000000000000e+00
1.235000000000000764e+00 0.000000000000000000e+00
1.250000000000000666e+00 0.000000000000000000e+00
1.265000000000000568e+00 0.000000000000000000e+00
1.280000000000000693e+00 0.000000000000000000e+00
1.295000000000000817e+00 0.000000000000000000e+00
1.310000000000000719e+00 0.000000000000000000e+00
1.325000000000000622e+00 0.000000000000000000e+00
1.340000000000000746e+00 2.042328229556417823e-02
1.355000000000000870e+00 3.773482489783182292e-02
1.370000000000000773e+00 6.580919632717731338e-02
1.385000000000000675e+00 2.912278987456151311e-02
1.400000000000000799e+00 4.172019471669438651e-02
1.415000000000000924e+00 1.554702723191248546e-02
1.430000000000000826e+00 1.019809854336539527e-02
1.445000000000000728e+00 1.416353097944439768e-02
1.460000000000000853e+00 4.794425562354501236e-02
1.475000000000000977e+00 2.404179529694419615e-01
1.490000000000000879e+00 4.261700906834698377e-01
1.505000000000000782e+00 7.469897067422591741e-01
1.520000000000000906e+00 1.000000000000000000e+00
1.535000000000001030e+00 5.572478941958181053e-01
1.550000000000000933e+00 2.158850946640113733e-01
1.565000000000000835e+00 4.752558622210367040e-03
1.580000000000000959e+00 0.000000000000000000e+00
1.595000000000001084e+00 0.000000000000000000e+00
1.610000000000000986e+00 0.000000000000000000e+00
1.625000000000000888e+00 0.000000000000000000e+00
1.640000000000001013e+00 0.000000000000000000e+00
1.655000000000001137e+00 0.000000000000000000e+00
1.670000000000001039e+00 0.000000000000000000e+00
1.685000000000000941e+00 0.000000000000000000e+00
1.700000000000001066e+00 0.000000000000000000e+00
1.715000000000001190e+00 0.000000000000000000e+00
1.730000000000001092e+00 0.000000000000000000e+00
1.745000000000000995e+00 0.000000000000000000e+00
1.760000000000001119e+00 0.000000000000000000e+00
1.775000000000001243e+00 0.000000000000000000e+00
1.790000000000001146e+00 0.000000000000000000e+00
1.805000000000001048e+00 4.002664159612366254e-03
1.820000000000001172e+00 1.097605579001326680e-02
1.835000000000001297e+00 2.390013751054020918e-02
1.850000000000001199e+00 8.797852246846709842e-03
1.865000000000001101e+00 7.917030041866792616e-04
1.880000000000001226e+00 0.000000000000000000e+00
1.895000000000001350e+00 0.000000000000000000e+00
1.910000000000001252e+00 0.000000000000000000e+00
1.925000000000001155e+00 0.000000000000000000e+00
1.940000000000001279e+00 0.000000000000000000e+00
1.955000000000001403e+00 0.000000000000000000e+00
1.970000000000001306e+00 0.000000000000000000e+00
1.985000000000001208e+00 0.000000000000000000e+00
2.000000000000001332e+00 0.000000000000000000e+00
2.015000000000001457e+00 0.000000000000000000e+00
2.030000000000001137e+00 0.000000000000000000e+00
2.045000000000001261e+00 0.000000000000000000e+00
2.060000000000001386e+00 0.000000000000000000e+00
2.075000000000001510e+00 0.000000000000000000e+00
2.090000000000001634e+00 0.000000000000000000e+00
2.105000000000001315e+00 0.000000000000000000e+00
2.120000000000001439e+00 0.000000000000000000e+00
2.135000000000001563e+00 0.000000000000000000e+00
2.150000000000001243e+00 0.000000000000000000e+00
2.165000000000001368e+00 0.000000000000000000e+00
2.180000000000001492e+00 0.000000000000000000e+00
2.195000000000001616e+00 0.000000000000000000e+00
2.210000000000001741e+00 0.000000000000000000e+00
2.225000000000001421e+00 0.000000000000000000e+00
2.240000000000001545e+00 0.000000000000000000e+00
2.255000000000001670e+00 0.000000000000000000e+00
2.270000000000001350e+00 0.000000000000000000e+00
2.285000000000001474e+00 0.000000000000000000e+00
2.300000000000001599e+00 0.000000000000000000e+00
2.315000000000001723e+00 0.000000000000000000e+00
2.330000000000001847e+00 0.000000000000000000e+00
2.345000000000001528e+00 0.000000000000000000e+00
2.360000000000001652e+00 0.000000000000000000e+00
2.375000000000001776e+00 0.000000000000000000e+00
2.390000000000001457e+00 0.000000000000000000e+00
2.405000000000001581e+00 0.000000000000000000e+00
2.420000000000001705e+00 0.000000000000000000e+00
2.435000000000001830e+00 0.000000000000000000e+00
2.450000000000001954e+00 0.000000000000000000e+00
2.465000000000001634e+00 0.000000000000000000e+00
2.480000000000001759e+00 0.000000000000000000e+00
2.495000000000001883e+00 0.000000000000000000e+00
