1.000000000000000000e+00 0.000000000000000000e+00
1.010000000000000009e+00 0.000000000000000000e+00
1.020000000000000018e+00 0.000000000000000000e+00
1.030000000000000027e+00 0.000000000000000000e+00
1.040000000000000036e+00 0.000000000000000000e+00
1.050000000000000044e+00 0.000000000000000000e+00
1.060000000000000053e+00 3.756027978668963847e-05
1.070000000000000062e+00 4.305011952311349596e-05
1.080000000000000071e+00 4.305011952311349596e-05
1.090000000000000080e+00 2.320516911663411720e-05
1.100000000000000089e+00 3.384355337572905037e-05
1.110000000000000098e+00 3.403787706718970125e-05
1.120000000000000107e+00 1.632254768697943815e-05
1.130000000000000115e+00 1.943236914606495288e-07
1.140000000000000124e+00 0.000000000000000000e+00
1.150000000000000133e+00 0.000000000000000000e+00
1.160000000000000142e+00 0.000000000000000000e+00
1.170000000000000151e+00 1.059442514756815074e-06
1.180000000000000160e+00 1.059442514756815074e-06
1.190000000000000169e+00 1.059442514756815074e-06
1.200000000000000178e+00 0.000000000000000000e+00
1.210000000000000187e+00 0.000000000000000000e+00
1.220000000000000195e+00 0.000000000000000000e+00
1.230000000000000204e+00 0.000000000000000000e+00
1.240000000000000213e+00 0.000000000000000000e+00
1.250000000000000222e+00 0.000000000000000000e+00
1.260000000000000231e+00 0.000000000000000000e+00
1.270000000000000240e+00 0.000000000000000000e+00
1.280000000000000249e+00 0.000000000000000000e+00
1.290000000000000258e+00 0.000000000000000000e+00
1.300000000000000266e+00 3.546488604841037401e-05
1.310000000000000275e+00 5.183659989670719609e-05
1.320000000000000284e+00 9.262032758652571332e-05
1.330000000000000293e+00 5.715544153811534609e-05
1.340000000000000302e+00 2.866923385781781474e-04
1.350000000000000311e+00 2.459086108883596234e-04
1.360000000000000320e+00 3.468999314295633202e-04
1.370000000000000329e+00 1.315040172725675518e-04
1.380000000000000338e+00 1.315040172725675518e-04
1.390000000000000346e+00 1.016735754482431069e-04
1.400000000000000355e+00 4.594442335455055674e-04
1.410000000000000364e+00 4.761324057202518702e-04
1.420000000000000373e+00 5.991281053787933519e-04
1.430000000000000382e+00 3.136907661362719232e-04
1.440000000000000391e+00 3.935414139209302106e-04
1.450000000000000400e+00 3.229391490331989280e-04
1.460000000000000409e+00 4.006518232173784575e-04
1.470000000000000417e+00 3.746734566154273356e-04
1.480000000000000426e+00 8.269387309600939292e-04
1.490000000000000435e+00 1.796825656763029536e-03
1.500000000000000444e+00 3.235463618011105453e-03
1.510000000000000453e+00 4.835239381197366931e-03
1.520000000000000462e+00 6.657943788445813346e-03
1.530000000000000471e+00 8.314892415214653401e-03
1.540000000000000480e+00 6.960877974422179093e-03
1.550000000000000488e+00 4.984085224437165978e-03
1.560000000000000497e+00 2.087496016236335076e-03
1.570000000000000506e+00 1.307697806507221276e-03
1.580000000000000515e+00 3.113405336705677090e-04
1.590000000000000524e+00 4.268530992822362416e-05
1.600000000000000533e+00 5.709014862708342116e-06
1.610000000000000542e+00 1.061441699841202368e-04
1.620000000000000551e+00 2.674875303818481501e-04
1.630000000000000560e+00 3.267079893742534506e-04
1.640000000000000568e+00 4.018853442797089542e-04
1.650000000000000577e+00 2.513311682263172993e-04
1.660000000000000586e+00 1.873043038023973635e-04
1.670000000000000595e+00 1.169179377553001010e-05
1.680000000000000604e+00 0.000000000000000000e+00
1.690000000000000613e+00 2.473933216027916026e-06
1.700000000000000622e+00 5.489260745469943869e-05
1.710000000000000631e+00 1.519451202166853033e-04
1.720000000000000639e+00 2.193299132807317343e-04
1.730000000000000648e+00 2.100485109496906034e-04
1.740000000000000657e+00 1.518375772619096498e-04
1.750000000000000666e+00 8.197885098183532563e-05
1.760000000000000675e+00 3.884157907420489070e-05
1.770000000000000684e+00 4.523948117589273998e-06
1.780000000000000693e+00 2.011861997349611767e-05
1.790000000000000702e+00 2.513253253363289931e-05
1.800000000000000711e+00 5.468870866399252795e-05
1.810000000000000719e+00 6.988645438131385319e-05
1.820000000000000728e+00 1.028860541066639367e-04
1.830000000000000737e+00 1.193725440886505933e-04
1.840000000000000746e+00 1.482740959599981368e-04
1.850000000000000755e+00 1.654020617559545301e-04
1.860000000000000764e+00 1.685056004073288082e-04
1.870000000000000773e+00 1.758947087882790526e-04
1.880000000000000782e+00 1.907499559782734706e-04
1.890000000000000790e+00 1.854767357103867477e-04
1.900000000000000799e+00 1.360495255142394222e-04
1.910000000000000808e+00 7.032992871859747926e-05
1.920000000000000817e+00 3.320927251903476370e-05
1.930000000000000826e+00 3.201121550807412995e-05
1.940000000000000835e+00 4.765608518677928089e-05
1.950000000000000844e+00 4.477033329779285477e-05
1.960000000000000853e+00 2.831252267937489528e-05
1.970000000000000862e+00 8.390524524873955030e-06
1.980000000000000870e+00 2.649364673850873036e-06
1.990000000000000879e+00 5.007725471867712852e-05
2.000000000000000888e+00 1.197432761872929880e-04
2.010000000000000675e+00 1.502339914649681457e-04
2.020000000000000906e+00 1.028061014201418885e-04
2.030000000000001137e+00 3.314007995152602222e-05
2.040000000000000924e+00 0.000000000000000000e+00
2.050000000000000711e+00 0.000000000000000000e+00
2.060000000000000941e+00 1.221859126296373721e-05
2.070000000000001172e+00 1.649251961342117608e-05
2.080000000000000959e+00 1.649251961342117608e-05
2.090000000000000746e+00 4.273928350457437172e-06
2.100000000000000977e+00 0.000000000000000000e+00
2.110000000000001208e+00 0.000000000000000000e+00
2.120000000000000995e+00 0.000000000000000000e+00
2.130000000000000782e+00 0.000000000000000000e+00
2.140000000000001013e+00 0.000000000000000000e+00
2.150000000000001243e+00 5.182509528044849314e-07
2.160000000000001030e+00 2.304118702977309121e-06
2.170000000000000817e+00 7.974947650685503266e-06
2.180000000000001048e+00 1.759329912565596929e-05
2.190000000000001279e+00 2.292555711408008316e-05
2.200000000000001066e+00 1.725472816637189325e-05
2.210000000000000853e+00 7.118125738596940182e-06
2.220000000000001084e+00 0.000000000000000000e+00
2.230000000000001315e+00 2.997852320573650065e-06
2.240000000000001101e+00 7.508368101317691764e-06
2.250000000000000888e+00 1.041542417237671141e-05
2.260000000000001119e+00 7.417571851803062188e-06
2.270000000000001350e+00 2.907056071059020489e-06
2.280000000000001137e+00 0.000000000000000000e+00
2.290000000000000924e+00 0.000000000000000000e+00
2.300000000000001155e+00 0.000000000000000000e+00
2.310000000000001386e+00 0.000000000000000000e+00
2.320000000000001172e+00 0.000000000000000000e+00
2.330000000000000959e+00 0.000000000000000000e+00
2.340000000000001190e+00 0.000000000000000000e+00
2.350000000000001421e+00 0.000000000000000000e+00
2.360000000000001208e+00 4.588935041545481032e-07
2.370000000000000995e+00 7.902864382900483202e-06
2.380000000000001226e+00 1.875941311505546430e-05
2.390000000000001457e+00 2.361286879409477514e-05
2.400000000000001243e+00 1.616889791534884338e-05
2.410000000000001030e+00 5.312349183193858896e-06
2.420000000000001261e+00 0.000000000000000000e+00
2.430000000000001492e+00 0.000000000000000000e+00
2.440000000000001279e+00 0.000000000000000000e+00
2.450000000000001066e+00 0.000000000000000000e+00
2.460000000000001297e+00 0.000000000000000000e+00
2.470000000000001528e+00 0.000000000000000000e+00
2.480000000000001315e+00 0.000000000000000000e+00
2.490000000000001101e+00 0.000000000000000000e+00
2.500000000000001332e+00 0.000000000000000000e+00
2.510000000000001563e+00 0.000000000000000000e+00
2.520000000000001350e+00 0.000000000000000000e+00
2.530000000000001137e+00 0.000000000000000000e+00
2.540000000000001368e+00 0.000000000000000000e+00
2.550000000000001599e+00 0.000000000000000000e+00
2.560000000000001386e+00 0.000000000000000000e+00
2.570000000000001172e+00 0.000000000000000000e+00
2.580000000000001403e+00 0.000000000000000000e+00
2.590000000000001634e+00 0.000000000000000000e+00
2.600000000000001421e+00 0.000000000000000000e+00
2.610000000000001208e+00 0.000000000000000000e+00
2.620000000000001439e+00 0.000000000000000000e+00
2.630000000000001670e+00 0.000000000000000000e+00
2.640000000000001457e+00 0.000000000000000000e+00
2.650000000000001243e+00 0.000000000000000000e+00
2.660000000000001474e+00 0.000000000000000000e+00
2.670000000000001705e+00 0.000000000000000000e+00
2.680000000000001492e+00 0.000000000000000000e+00
2.690000000000001279e+00 0.000000000000000000e+00
2.700000000000001510e+00 0.000000000000000000e+00
2.710000000000001741e+00 0.000000000000000000e+00
2.720000000000001528e+00 0.000000000000000000e+00
2.730000000000001315e+00 0.000000000000000000e+00
2.740000000000001545e+00 0.000000000000000000e+00
2.750000000000001776e+00 0.000000000000000000e+00
2.760000000000001563e+00 0.000000000000000000e+00
2.770000000000001350e+00 0.000000000000000000e+00
2.780000000000001581e+00 0.000000000000000000e+00
2.790000000000001812e+00 0.000000000000000000e+00
2.800000000000001599e+00 0.000000000000000000e+00
2.810000000000001386e+00 0.000000000000000000e+00
2.820000000000001616e+00 0.000000000000000000e+00
2.830000000000001847e+00 0.000000000000000000e+00
2.840000000000001634e+00 0.000000000000000000e+00
2.850000000000001421e+00 0.000000000000000000e+00
2.860000000000001652e+00 0.000000000000000000e+00
2.870000000000001883e+00 0.000000000000000000e+00
2.880000000000001670e+00 0.000000000000000000e+00
2.890000000000001457e+00 0.000000000000000000e+00
2.900000000000001688e+00 0.000000000000000000e+00
2.910000000000001918e+00 0.000000000000000000e+00
2.920000000000001705e+00 0.000000000000000000e+00
2.930000000000001492e+00 0.000000000000000000e+00
2.940000000000001723e+00 0.000000000000000000e+00
2.950000000000001954e+00 0.000000000000000000e+00
2.960000000000001741e+00 0.000000000000000000e+00
2.970000000000001528e+00 0.000000000000000000e+00
2.980000000000001759e+00 0.000000000000000000e+00
2.990000000000001990e+00 0.000000000000000000e+00
