0.000000000000000000e+00 1.000000000000000000e+00
8.000000000000007105e-03 8.081779585704117475e-01
1.600000000000001421e-02 4.789272879771203084e-01
2.400000000000002132e-02 2.009282218934783093e-01
3.200000000000002842e-02 1.923547786827603870e-02
4.000000000000003553e-02 -6.691559419013211329e-02
4.799999999999998712e-02 -8.361707729796573341e-02
5.599999999999999423e-02 -5.555214661827791167e-02
6.400000000000000133e-02 2.656521177755915078e-02
7.200000000000000844e-02 1.112400280673923048e-01
7.999999999999996003e-02 1.272647846478802414e-01
8.799999999999996714e-02 6.504156397993926531e-02
9.599999999999997424e-02 -3.196935738837113072e-02
1.039999999999999813e-01 -1.019637721289819027e-01
1.119999999999999885e-01 -1.114241071008553047e-01
1.199999999999999956e-01 -6.842693817106909604e-02
1.280000000000000027e-01 -7.108762636210310803e-04
1.360000000000000098e-01 5.869767620551572668e-02
1.440000000000000169e-01 7.872430346027511905e-02
1.520000000000000240e-01 4.904342546868500213e-02
1.600000000000000311e-01 -1.263332996779465561e-02
1.680000000000000382e-01 -7.348896462991928724e-02
1.760000000000000453e-01 -1.017694884572274694e-01
1.840000000000000524e-01 -8.698012758607942541e-02
1.920000000000000595e-01 -4.065693769460070051e-02
2.000000000000000666e-01 9.101990492322241041e-03
2.080000000000000737e-01 3.968123072907880911e-02
2.159999999999999698e-01 4.163754770818435536e-02
2.239999999999999769e-01 9.460055762118387696e-03
2.319999999999999840e-01 -3.909412007270860606e-02
2.399999999999999911e-01 -7.399866217135950275e-02
2.479999999999999982e-01 -8.129645488317967239e-02
2.560000000000000053e-01 -6.573084340072185561e-02
2.640000000000000124e-01 -3.700124947799222214e-02
2.720000000000000195e-01 -5.384934537132159138e-03
2.799999999999999156e-01 1.528735463896369919e-02
2.879999999999999227e-01 8.377842808652009865e-03
2.959999999999999298e-01 -2.068106014304342197e-02
3.039999999999999369e-01 -5.041255627322271254e-02
3.119999999999999440e-01 -6.508147589342017092e-02
3.199999999999999512e-01 -6.095160543113004731e-02
3.279999999999999583e-01 -4.583612725590195669e-02
3.359999999999999654e-01 -2.588572650642077463e-02
3.439999999999999725e-01 -9.448307944752086865e-03
3.519999999999999796e-01 -7.770970939631192172e-04
3.599999999999999867e-01 -1.399771024852844567e-03
3.679999999999999938e-01 -1.625736031624954933e-02
3.760000000000000009e-01 -3.330153181925527006e-02
3.840000000000000080e-01 -4.335229438921045508e-02
3.920000000000000151e-01 -4.626787886528739568e-02
4.000000000000000222e-01 -3.669487374157701098e-02
4.080000000000000293e-01 -2.664542993168626805e-02
4.160000000000000364e-01 -1.901313293181538730e-02
4.240000000000000435e-01 -1.461722796274129987e-02
4.320000000000000506e-01 -1.865506126346868840e-02
4.399999999999999467e-01 -2.533423763862876002e-02
4.479999999999999538e-01 -2.780960015896689203e-02
4.559999999999999609e-01 -2.290775733635703332e-02
4.639999999999999680e-01 -8.320553938665807905e-03
4.719999999999999751e-01 6.851101291348124945e-04
4.799999999999999822e-01 5.618530538830669155e-04
4.879999999999999893e-01 2.419053953141516887e-04
4.959999999999999964e-01 -1.297205989481227915e-03
5.040000000000000036e-01 -4.167052732693863129e-03
5.120000000000000107e-01 -1.071815141842441359e-02
5.200000000000000178e-01 -2.140887536061000795e-02
5.280000000000000249e-01 -2.847026140233206715e-02
5.360000000000000320e-01 -2.824500555072332122e-02
5.440000000000000391e-01 -2.261419076206309248e-02
5.520000000000000462e-01 -1.450449995770610942e-02
5.599999999999999423e-01 -1.257630267497517572e-02
5.679999999999999494e-01 -1.506138970342915141e-02
5.759999999999999565e-01 -1.795321505568202997e-02
5.839999999999999636e-01 -1.818047128116611483e-02
5.919999999999999707e-01 -1.542722185474280569e-02
5.999999999999999778e-01 -1.458929521172616130e-02
6.079999999999999849e-01 -1.514521040571190254e-02
6.159999999999999920e-01 -1.710222075461076061e-02
6.239999999999999991e-01 -1.351068264301411199e-02
6.320000000000000062e-01 -1.264517669748878130e-02
6.400000000000000133e-01 -1.619430618166593436e-02
6.480000000000000204e-01 -1.587710387378513804e-02
6.560000000000000275e-01 -1.708667386440839916e-02
6.640000000000000346e-01 -1.846041528647374835e-02
6.720000000000000417e-01 -1.444162286205388085e-02
6.800000000000000488e-01 -1.344085573260745715e-02
6.880000000000000560e-01 -1.574585781423053221e-02
6.960000000000000631e-01 -1.721949950717925615e-02
7.040000000000000702e-01 -2.171793492623136368e-02
7.120000000000000773e-01 -2.288174306315709366e-02
7.200000000000000844e-01 -2.534310381819256802e-02
7.280000000000000915e-01 -2.908530039505419565e-02
7.360000000000000986e-01 -2.805682625873762506e-02
7.440000000000001057e-01 -2.216055209253104882e-02
7.520000000000001128e-01 -1.821638059651385991e-02
7.600000000000001199e-01 -1.728723883246005913e-02
7.680000000000001270e-01 -1.412324137622437449e-02
7.760000000000001341e-01 -1.230305882183988821e-02
7.840000000000001412e-01 -1.302858498430066632e-02
7.920000000000001483e-01 -1.547082769400551575e-02
8.000000000000001554e-01 -1.239517944783306153e-02
8.080000000000001625e-01 -1.141930899083717921e-02
8.159999999999999476e-01 -1.411862427298870432e-02
8.239999999999999547e-01 -1.908378283206078885e-02
8.319999999999999618e-01 -2.976311817864781342e-02
8.399999999999999689e-01 -3.179385135219944120e-02
8.479999999999999760e-01 -2.810867271486632360e-02
8.559999999999999831e-01 -2.204039363660966616e-02
8.639999999999999902e-01 -2.158121113512107697e-02
8.719999999999999973e-01 -2.314873140415092331e-02
8.800000000000000044e-01 -2.662483656282558370e-02
8.880000000000000115e-01 -3.096346867340199829e-02
8.960000000000000187e-01 -3.177171509949253125e-02
9.040000000000000258e-01 -3.579565100566181601e-02
9.120000000000000329e-01 -3.319832345757072617e-02
9.200000000000000400e-01 -2.618541593369921872e-02
9.280000000000000471e-01 -2.078726308964662720e-02
9.360000000000000542e-01 -1.426137196022227160e-02
9.440000000000000613e-01 -9.561970301785724380e-03
9.520000000000000684e-01 -7.209973343884996597e-03
9.600000000000000755e-01 -1.015792584678891844e-02
9.680000000000000826e-01 -1.914221836755485712e-02
9.760000000000000897e-01 -2.373181978671656811e-02
9.840000000000000968e-01 -2.378675131067374549e-02
9.920000000000001039e-01 -2.493449760540645405e-02
9.999999999999998890e-01 -2.171846054851458291e-02
1.008000000000000007e+00 -1.657784264332687330e-02
1.016000000000000014e+00 -1.583676367587553632e-02
1.024000000000000021e+00 -1.243590527920650397e-02
1.032000000000000028e+00 -1.292056639871348722e-02
1.040000000000000036e+00 -2.109108307539789284e-02
1.048000000000000043e+00 -2.394649169108955394e-02
1.056000000000000050e+00 -2.413010584753564128e-02
1.064000000000000057e+00 -2.526567151166482852e-02
1.072000000000000064e+00 -2.666872442136648119e-02
1.080000000000000071e+00 -2.589294640185352617e-02
1.088000000000000078e+00 -2.337571055525201891e-02
1.096000000000000085e+00 -2.258933713518788272e-02
1.104000000000000092e+00 -2.336664190741695804e-02
1.112000000000000099e+00 -2.477388489436708335e-02
1.120000000000000107e+00 -2.595237641056595893e-02
1.128000000000000114e+00 -2.125642682738113423e-02
1.136000000000000121e+00 -1.175706140415075547e-02
1.144000000000000128e+00 -7.985133539581626069e-03
1.152000000000000135e+00 -9.341261569421005148e-03
1.160000000000000142e+00 -1.323715628060901685e-02
1.168000000000000149e+00 -1.975823741968835492e-02
1.176000000000000156e+00 -2.532429322511611097e-02
1.184000000000000163e+00 -2.652190548252413016e-02
1.192000000000000171e+00 -2.487841920406418106e-02
1.200000000000000178e+00 -2.229714054284826288e-02
1.208000000000000185e+00 -1.610954297941435617e-02
1.216000000000000192e+00 -1.175179200710237647e-02
1.224000000000000199e+00 -1.102958984079523315e-02
1.232000000000000206e+00 -1.563131998942487305e-02
1.240000000000000213e+00 -2.377243689821048264e-02
1.247999999999999776e+00 -2.824923430848442010e-02
1.255999999999999783e+00 -2.812237879853090108e-02
1.263999999999999790e+00 -2.261671118058083615e-02
1.271999999999999797e+00 -1.810096727088906718e-02
1.279999999999999805e+00 -1.569183624151021528e-02
1.287999999999999812e+00 -1.388814487430849870e-02
1.295999999999999819e+00 -1.210238847456266559e-02
1.303999999999999826e+00 -1.529746846014669141e-02
1.311999999999999833e+00 -2.310393922860661323e-02
1.319999999999999840e+00 -2.646481361680976668e-02
1.327999999999999847e+00 -2.630360005470624291e-02
1.335999999999999854e+00 -2.106759159717522950e-02
1.343999999999999861e+00 -1.494254806731589065e-02
1.351999999999999869e+00 -8.543329621752278683e-03
1.359999999999999876e+00 -6.759922643456105044e-03
1.367999999999999883e+00 -7.004341784159986810e-03
1.375999999999999890e+00 -3.212893910050929665e-03
1.383999999999999897e+00 1.858054359794824185e-03
1.391999999999999904e+00 7.196756604584988309e-03
1.399999999999999911e+00 1.136418344092645152e-02
1.407999999999999918e+00 1.752391748913656802e-02
1.415999999999999925e+00 2.237104462450742806e-02
1.423999999999999932e+00 2.099122159101009591e-02
1.431999999999999940e+00 1.437000666825410944e-02
1.439999999999999947e+00 -1.082522599103103757e-03
1.447999999999999954e+00 -1.523798522124058911e-02
1.455999999999999961e+00 -2.579134420516969797e-02
1.463999999999999968e+00 -2.470222515803324401e-02
1.471999999999999975e+00 -1.017809670474780458e-02
1.479999999999999982e+00 1.518064952689188347e-03
1.487999999999999989e+00 6.740897008662443193e-03
1.495999999999999996e+00 3.912645170532027053e-03
1.504000000000000004e+00 0.000000000000000000e+00
