0.000000000000000000e+00 1.000000000000000000e+00
8.000000000000007105e-03 8.439642116339101108e-01
1.600000000000001421e-02 5.675647859502631620e-01
2.400000000000002132e-02 3.109355618644262798e-01
3.200000000000002842e-02 1.242712118359975138e-01
4.000000000000003553e-02 1.816014004960824629e-02
4.799999999999998712e-02 -2.168094262714282891e-02
5.599999999999999423e-02 -1.258301741113320056e-02
6.400000000000000133e-02 3.412731309398590179e-02
7.200000000000000844e-02 8.184806988849364917e-02
7.999999999999996003e-02 8.868884113072197928e-02
8.799999999999996714e-02 4.586778446348430127e-02
9.599999999999997424e-02 -2.038810962235925242e-02
1.039999999999999813e-01 -7.267531880666582011e-02
1.119999999999999885e-01 -8.635416233530081309e-02
1.199999999999999956e-01 -6.191950274370545959e-02
1.280000000000000027e-01 -1.718727927147730566e-02
1.360000000000000098e-01 2.342003587648171931e-02
1.440000000000000169e-01 4.168144035009570258e-02
1.520000000000000240e-01 3.296440015424970116e-02
1.600000000000000311e-01 6.436068110237981588e-03
1.680000000000000382e-01 -2.262959806307655863e-02
1.760000000000000453e-01 -4.129175446266913907e-02
1.840000000000000524e-01 -4.136595699800451470e-02
1.920000000000000595e-01 -2.428394335449108113e-02
2.000000000000000666e-01 -1.531873997802516395e-03
2.080000000000000737e-01 1.594427528201155381e-02
2.159999999999999698e-01 2.203476204546996400e-02
2.239999999999999769e-01 1.661273009022775152e-02
2.319999999999999840e-01 4.131616073966788705e-03
2.399999999999999911e-01 -1.007102057582803974e-02
2.479999999999999982e-01 -2.005259803070453400e-02
2.560000000000000053e-01 -2.033012999526993825e-02
2.640000000000000124e-01 -1.044015458592203321e-02
2.720000000000000195e-01 3.273933159207327581e-03
2.799999999999999156e-01 1.480459990159094935e-02
2.879999999999999227e-01 2.050072245127727844e-02
2.959999999999999298e-01 1.610601183557388433e-02
3.039999999999999369e-01 7.211024754479194304e-03
3.119999999999999440e-01 2.760483455988535333e-03
3.199999999999999512e-01 1.169989635589346313e-03
3.279999999999999583e-01 2.497851815109786242e-03
3.359999999999999654e-01 6.922995537288843121e-03
3.439999999999999725e-01 1.098411673055294142e-02
3.519999999999999796e-01 1.318109886181711987e-02
3.599999999999999867e-01 1.069163692278141814e-02
3.679999999999999938e-01 5.015100926045392045e-03
3.760000000000000009e-01 -4.466466083208421914e-04
3.840000000000000080e-01 -4.328730879078048453e-03
3.920000000000000151e-01 -5.772235739942991120e-03
4.000000000000000222e-01 -4.477735052259365287e-03
4.080000000000000293e-01 -3.027842670740516287e-03
4.160000000000000364e-01 -1.805575936574039045e-03
4.240000000000000435e-01 -3.065363620086672316e-04
4.320000000000000506e-01 -3.471450599406414751e-03
4.399999999999999467e-01 -1.117798306976429228e-02
4.479999999999999538e-01 -1.644594835138128708e-02
4.559999999999999609e-01 -2.018104306928282521e-02
4.639999999999999680e-01 -2.295426398529503559e-02
4.719999999999999751e-01 -2.096993125572413699e-02
4.799999999999999822e-01 -1.693837729715482604e-02
4.879999999999999893e-01 -1.306217859361390524e-02
4.959999999999999964e-01 -8.871730839822232137e-03
5.040000000000000036e-01 -5.635426898224041824e-03
5.120000000000000107e-01 -4.819342679814295032e-03
5.200000000000000178e-01 -9.041299249664102797e-03
5.280000000000000249e-01 -1.445587267605843822e-02
5.360000000000000320e-01 -1.633638561413762805e-02
5.440000000000000391e-01 -1.461564835763185660e-02
5.520000000000000462e-01 -9.518601574440703136e-03
5.599999999999999423e-01 -5.109592075843378059e-03
5.679999999999999494e-01 -6.202498601490968010e-03
5.759999999999999565e-01 -9.067554447086654396e-03
5.839999999999999636e-01 -1.053096571379192117e-02
5.919999999999999707e-01 -1.155155193923046442e-02
5.999999999999999778e-01 -1.407758533578936516e-02
6.079999999999999849e-01 -1.529727445159211573e-02
6.159999999999999920e-01 -1.075086790314007563e-02
6.239999999999999991e-01 -4.812760041681275747e-03
6.320000000000000062e-01 -1.062710579786080387e-03
6.400000000000000133e-01 -7.965810391605658309e-04
6.480000000000000204e-01 -4.031950222868841728e-03
6.560000000000000275e-01 -7.430892650732343584e-03
6.640000000000000346e-01 -7.288882106705864630e-03
6.720000000000000417e-01 -7.398751023762232919e-03
6.800000000000000488e-01 -7.822932538116269749e-03
6.880000000000000560e-01 -1.172883422639277133e-02
6.960000000000000631e-01 -1.696751666745808379e-02
7.040000000000000702e-01 -1.937235504614816944e-02
7.120000000000000773e-01 -2.065406112133570671e-02
7.200000000000000844e-01 -2.017803358075136513e-02
7.280000000000000915e-01 -2.132869867495645194e-02
7.360000000000000986e-01 -2.465244526172152839e-02
7.440000000000001057e-01 -2.798065033452510827e-02
7.520000000000001128e-01 -2.847112680322622449e-02
7.600000000000001199e-01 -2.946817946797702231e-02
7.680000000000001270e-01 -3.102394842260366298e-02
7.760000000000001341e-01 -3.045361770423628961e-02
7.840000000000001412e-01 -3.062791921451792770e-02
7.920000000000001483e-01 -3.022069089403256123e-02
8.000000000000001554e-01 -2.609384563447548350e-02
8.080000000000001625e-01 -2.289310688527983195e-02
8.159999999999999476e-01 -2.113168957502987305e-02
8.239999999999999547e-01 -2.060339717080014385e-02
8.319999999999999618e-01 -2.253403409486954764e-02
8.399999999999999689e-01 -2.276346258591374627e-02
8.479999999999999760e-01 -2.177782106194306108e-02
8.559999999999999831e-01 -1.828057387445600201e-02
8.639999999999999902e-01 -1.661591546479473588e-02
8.719999999999999973e-01 -1.828418885178651962e-02
8.800000000000000044e-01 -1.647215090565653725e-02
8.880000000000000115e-01 -1.209459702422401896e-02
8.960000000000000187e-01 -8.269303193762711154e-03
9.040000000000000258e-01 -8.945291820479308806e-03
9.120000000000000329e-01 -8.470530970140253274e-03
9.200000000000000400e-01 -5.935082445452069706e-03
9.280000000000000471e-01 -8.184916416989939519e-03
9.360000000000000542e-01 -9.221863911249668019e-03
9.440000000000000613e-01 -8.596357692916096679e-03
9.520000000000000684e-01 -8.509445933879944760e-03
9.600000000000000755e-01 -8.537622434077537723e-03
9.680000000000000826e-01 -9.443115073066181767e-03
9.760000000000000897e-01 -8.785229843896064442e-03
9.840000000000000968e-01 -7.650157902581386678e-03
9.920000000000001039e-01 -6.735562049536686878e-03
9.999999999999998890e-01 -4.684393691920888878e-03
1.008000000000000007e+00 -1.130483475702882736e-03
1.016000000000000014e+00 -1.063420622665187457e-03
1.024000000000000021e+00 -4.544733027954788243e-03
1.032000000000000028e+00 -6.538653936612300044e-03
1.040000000000000036e+00 -1.000643950538846437e-02
1.048000000000000043e+00 -1.338388136209455598e-02
1.056000000000000050e+00 -1.314766093911520946e-02
1.064000000000000057e+00 -1.241871406752336621e-02
1.072000000000000064e+00 -1.312332462628616574e-02
1.080000000000000071e+00 -1.432606378404275953e-02
1.088000000000000078e+00 -1.370141605504140297e-02
1.096000000000000085e+00 -1.201917892284605667e-02
1.104000000000000092e+00 -1.233765472787827847e-02
1.112000000000000099e+00 -1.272660041539094844e-02
1.120000000000000107e+00 -1.367039372074183370e-02
1.128000000000000114e+00 -1.879658514596554628e-02
1.136000000000000121e+00 -2.247427441194057782e-02
1.144000000000000128e+00 -2.235948846083809713e-02
1.152000000000000135e+00 -2.069845485045445840e-02
1.160000000000000142e+00 -1.816637489922465903e-02
1.168000000000000149e+00 -1.554472028029611937e-02
1.176000000000000156e+00 -1.412808656818984911e-02
1.184000000000000163e+00 -1.290551880417594929e-02
1.192000000000000171e+00 -1.352472116241717863e-02
1.200000000000000178e+00 -1.696118410191648634e-02
1.208000000000000185e+00 -1.802689328383771245e-02
1.216000000000000192e+00 -1.371440626359031641e-02
1.224000000000000199e+00 -8.678995253864752249e-03
1.232000000000000206e+00 -7.883322281124276534e-03
1.240000000000000213e+00 -8.078236530185538625e-03
1.247999999999999776e+00 -5.336318071900113084e-03
1.255999999999999783e+00 -1.753638281825573800e-03
1.263999999999999790e+00 1.110374548615423399e-03
1.271999999999999797e+00 3.814420972946151820e-03
1.279999999999999805e+00 5.157169571241505997e-03
1.287999999999999812e+00 6.347777307223766152e-03
1.295999999999999819e+00 8.293292540089071407e-03
1.303999999999999826e+00 1.138932449297582437e-02
1.311999999999999833e+00 1.214592594251959548e-02
1.319999999999999840e+00 1.292336056179508620e-02
1.327999999999999847e+00 1.551577083092630510e-02
1.335999999999999854e+00 1.681065277544914818e-02
1.343999999999999861e+00 1.533955168448950142e-02
1.351999999999999869e+00 1.434140468963716539e-02
1.359999999999999876e+00 1.610876946903572887e-02
1.367999999999999883e+00 1.644762817214643139e-02
1.375999999999999890e+00 1.549954623745756002e-02
1.383999999999999897e+00 1.832086737066833393e-02
1.391999999999999904e+00 2.336762129790967771e-02
1.399999999999999911e+00 2.823949666763021435e-02
1.407999999999999918e+00 2.765888021105660996e-02
1.415999999999999925e+00 1.994103803957051474e-02
1.423999999999999932e+00 1.187602161460624833e-02
1.431999999999999940e+00 1.160630874558737403e-02
1.439999999999999947e+00 1.700998968135570763e-02
1.447999999999999954e+00 2.180467190448252129e-02
1.455999999999999961e+00 1.692031425635545303e-02
1.463999999999999968e+00 7.403374847956752450e-03
1.471999999999999975e+00 3.725986231138268823e-03
1.479999999999999982e+00 5.365641085165984495e-03
1.487999999999999989e+00 8.509121553618865727e-03
1.495999999999999996e+00 7.224341123244248583e-03
1.504000000000000004e+00 0.000000000000000000e+00
