1.000000000000000000e+00 0.000000000000000000e+00
1.014999999999999902e+00 0.000000000000000000e+00
1.029999999999999805e+00 0.000000000000000000e+00
1.044999999999999707e+00 0.000000000000000000e+00
1.059999999999999609e+00 0.000000000000000000e+00
1.074999999999999512e+00 0.000000000000000000e+00
1.089999999999999414e+00 0.000000000000000000e+00
1.104999999999999316e+00 0.000000000000000000e+00
1.119999999999999218e+00 0.000000000000000000e+00
1.134999999999999121e+00 0.000000000000000000e+00
1.149999999999999023e+00 0.000000000000000000e+00
1.164999999999998925e+00 0.000000000000000000e+00
1.179999999999998828e+00 0.000000000000000000e+00
1.194999999999998730e+00 0.000000000000000000e+00
1.209999999999998632e+00 0.000000000000000000e+00
1.224999999999998535e+00 0.000000000000000000e+00
1.239999999999998437e+00 0.000000000000000000e+00
1.254999999999998339e+00 0.000000000000000000e+00
1.269999999999998241e+00 0.000000000000000000e+00
1.284999999999998144e+00 0.000000000000000000e+00
1.299999999999998046e+00 0.000000000000000000e+00
1.314999999999997948e+00 0.000000000000000000e+00
1.329999999999997851e+00 0.000000000000000000e+00
1.344999999999997753e+00 0.000000000000000000e+00
1.359999999999997655e+00 1.485385458618158514e-04
1.374999999999997558e+00 1.501017031021254086e-04
1.389999999999997460e+00 1.501017031021254086e-04
1.404999999999997362e+00 1.319569074514839458e-05
1.419999999999997264e+00 3.686444019601211155e-04
1.434999999999997167e+00 6.334605615511760797e-04
1.449999999999997069e+00 1.705442028566799689e-03
1.464999999999996971e+00 2.910185893930050238e-03
1.479999999999996874e+00 4.972727695656613614e-03
1.494999999999996776e+00 7.180570508727759406e-03
1.509999999999996678e+00 1.052096622382573191e-02
1.524999999999996581e+00 1.377824917574252926e-02
1.539999999999996483e+00 1.312891661575661326e-02
1.554999999999996385e+00 8.931163859713575279e-03
1.569999999999996287e+00 3.372036635457772037e-03
1.584999999999996190e+00 7.299123818520793488e-04
1.599999999999996092e+00 2.551368897861251559e-05
1.614999999999995994e+00 0.000000000000000000e+00
1.629999999999995897e+00 0.000000000000000000e+00
1.644999999999995799e+00 0.000000000000000000e+00
1.659999999999995701e+00 0.000000000000000000e+00
1.674999999999995604e+00 0.000000000000000000e+00
1.689999999999995506e+00 0.000000000000000000e+00
1.704999999999995408e+00 4.697916441490408040e-05
1.719999999999995310e+00 1.730511191598879781e-04
1.734999999999995213e+00 2.878904639479719016e-04
1.749999999999995115e+00 2.682132070306964076e-04
1.764999999999995017e+00 1.632768815986536848e-04
1.779999999999994920e+00 4.843753681056972739e-05
1.794999999999994822e+00 2.113562931294116134e-05
1.809999999999994724e+00 3.438176887367215124e-06
1.824999999999994627e+00 1.876904896768044831e-05
1.839999999999994529e+00 5.388242443622196442e-05
1.854999999999994431e+00 6.438764882159938501e-05
1.869999999999994333e+00 7.247557022124271448e-05
1.884999999999994236e+00 3.736219475270118821e-05
1.899999999999994138e+00 2.341879347995655673e-05
1.914999999999994040e+00 9.454533186498881826e-06
1.929999999999993943e+00 2.800991718831282980e-05
1.944999999999993845e+00 3.124561753295283665e-05
1.959999999999993747e+00 2.179108434645395651e-05
1.974999999999993650e+00 1.183960278784635040e-05
1.989999999999993552e+00 3.695297670459768706e-05
2.004999999999993676e+00 6.924268245515091571e-05
2.019999999999993356e+00 6.063878001194457216e-05
2.034999999999993037e+00 3.228970575055322865e-05
2.049999999999993161e+00 0.000000000000000000e+00
2.064999999999993285e+00 0.000000000000000000e+00
2.079999999999992966e+00 0.000000000000000000e+00
2.094999999999992646e+00 0.000000000000000000e+00
2.109999999999992770e+00 0.000000000000000000e+00
2.124999999999992895e+00 0.000000000000000000e+00
2.139999999999992575e+00 0.000000000000000000e+00
2.154999999999992255e+00 0.000000000000000000e+00
2.169999999999992379e+00 0.000000000000000000e+00
2.184999999999992504e+00 0.000000000000000000e+00
2.199999999999992184e+00 0.000000000000000000e+00
2.214999999999991864e+00 0.000000000000000000e+00
2.229999999999991989e+00 0.000000000000000000e+00
2.244999999999992113e+00 0.000000000000000000e+00
2.259999999999991793e+00 0.000000000000000000e+00
2.274999999999991473e+00 0.000000000000000000e+00
2.289999999999991598e+00 0.000000000000000000e+00
2.304999999999991722e+00 0.000000000000000000e+00
2.319999999999991402e+00 0.000000000000000000e+00
2.334999999999991083e+00 0.000000000000000000e+00
2.349999999999991207e+00 0.000000000000000000e+00
2.364999999999991331e+00 0.000000000000000000e+00
2.379999999999991012e+00 0.000000000000000000e+00
2.394999999999990692e+00 0.000000000000000000e+00
2.409999999999990816e+00 0.000000000000000000e+00
2.424999999999990941e+00 0.000000000000000000e+00
2.439999999999990621e+00 0.000000000000000000e+00
2.454999999999990301e+00 0.000000000000000000e+00
2.469999999999990425e+00 0.000000000000000000e+00
2.484999999999990550e+00 0.000000000000000000e+00
2.499999999999990230e+00 0.000000000000000000e+00
2.514999999999989910e+00 0.000000000000000000e+00
2.529999999999990035e+00 0.000000000000000000e+00
2.544999999999990159e+00 0.000000000000000000e+00
2.559999999999989839e+00 0.000000000000000000e+00
2.574999999999989519e+00 0.000000000000000000e+00
2.589999999999989644e+00 0.000000000000000000e+00
2.604999999999989768e+00 0.000000000000000000e+00
2.619999999999989448e+00 0.000000000000000000e+00
2.634999999999989129e+00 0.000000000000000000e+00
2.649999999999989253e+00 0.000000000000000000e+00
2.664999999999989377e+00 0.000000000000000000e+00
2.679999999999989058e+00 0.000000000000000000e+00
2.694999999999988738e+00 0.000000000000000000e+00
2.709999999999988862e+00 0.000000000000000000e+00
2.724999999999988987e+00 0.000000000000000000e+00
2.739999999999988667e+00 0.000000000000000000e+00
2.754999999999988347e+00 0.000000000000000000e+00
2.769999999999988471e+00 0.000000000000000000e+00
2.784999999999988596e+00 0.000000000000000000e+00
2.799999999999988276e+00 0.000000000000000000e+00
2.814999999999987956e+00 0.000000000000000000e+00
2.829999999999988081e+00 0.000000000000000000e+00
2.844999999999988205e+00 0.000000000000000000e+00
2.859999999999987885e+00 0.000000000000000000e+00
2.874999999999987566e+00 0.000000000000000000e+00
2.889999999999987690e+00 0.000000000000000000e+00
2.904999999999987814e+00 0.000000000000000000e+00
2.919999999999987494e+00 0.000000000000000000e+00
2.934999999999987175e+00 0.000000000000000000e+00
2.949999999999987299e+00 0.000000000000000000e+00
2.964999999999987423e+00 0.000000000000000000e+00
2.979999999999987104e+00 0.000000000000000000e+00
2.994999999999986784e+00 0.000000000000000000e+00
