0.000000000000000000e+00 1.000000000000000000e+00
8.000000000000007105e-03 8.894838577408731295e-01
1.600000000000001421e-02 5.428687966797561826e-01
2.400000000000002132e-02 1.965378951603555524e-01
3.200000000000002842e-02 -1.175774884324918288e-03
4.000000000000003553e-02 -8.182031893239682940e-02
4.799999999999998712e-02 -1.055156968604665235e-01
5.599999999999999423e-02 -6.808356318647494632e-02
6.400000000000000133e-02 2.708863356256809365e-02
7.200000000000000844e-02 1.035673401390067305e-01
7.999999999999996003e-02 1.023175153544470112e-01
8.799999999999996714e-02 3.423282493469465004e-02
9.599999999999997424e-02 -4.968091409690172239e-02
1.039999999999999813e-01 -9.823362744847922989e-02
1.119999999999999885e-01 -1.046453611732630351e-01
1.199999999999999956e-01 -7.814929110032570181e-02
1.280000000000000027e-01 -2.409687733759582895e-02
1.360000000000000098e-01 3.707573278941492245e-02
1.440000000000000169e-01 7.679737851127299564e-02
1.520000000000000240e-01 7.233494024880535167e-02
1.600000000000000311e-01 2.547406952481991518e-02
1.680000000000000382e-01 -2.558522480520900380e-02
1.760000000000000453e-01 -5.528520815426822554e-02
1.840000000000000524e-01 -6.283775209881971302e-02
1.920000000000000595e-01 -4.462949477676710769e-02
2.000000000000000666e-01 -4.709409318560629602e-03
2.080000000000000737e-01 3.156541347359617666e-02
2.159999999999999698e-01 4.518372123756131398e-02
2.239999999999999769e-01 3.582913904717890258e-02
2.319999999999999840e-01 4.960082842272807262e-03
2.399999999999999911e-01 -3.475681241123668858e-02
2.479999999999999982e-01 -5.612587586792351646e-02
2.560000000000000053e-01 -5.125863678890826142e-02
2.640000000000000124e-01 -3.615201767678741934e-02
2.720000000000000195e-01 -1.476859669446014753e-02
2.799999999999999156e-01 2.002229076599543450e-03
2.879999999999999227e-01 6.607621125485060865e-03
2.959999999999999298e-01 -1.679420675963843538e-03
3.039999999999999369e-01 -1.974186541376251117e-02
3.119999999999999440e-01 -3.694773164553183387e-02
3.199999999999999512e-01 -4.696274915572538206e-02
3.279999999999999583e-01 -4.871886220858818312e-02
3.359999999999999654e-01 -3.926875539679976213e-02
3.439999999999999725e-01 -2.217743332845815291e-02
3.519999999999999796e-01 -1.376807079614697851e-02
3.599999999999999867e-01 -1.412662378189444637e-02
3.679999999999999938e-01 -2.266772317084021771e-02
3.760000000000000009e-01 -3.394442920993673979e-02
3.840000000000000080e-01 -4.641359045612335893e-02
3.920000000000000151e-01 -5.213357772805004425e-02
4.000000000000000222e-01 -4.492696267000050037e-02
4.080000000000000293e-01 -2.840386188391591862e-02
4.160000000000000364e-01 -1.059874426682362245e-02
4.240000000000000435e-01 -2.499103081771998375e-03
4.320000000000000506e-01 7.841136308102327358e-04
4.399999999999999467e-01 -5.856125551644706696e-03
4.479999999999999538e-01 -1.969323394415515432e-02
4.559999999999999609e-01 -3.047242208596086938e-02
4.639999999999999680e-01 -3.365842415284497902e-02
4.719999999999999751e-01 -2.957290107056177036e-02
4.799999999999999822e-01 -2.330669539844065080e-02
4.879999999999999893e-01 -1.540388028637791618e-02
4.959999999999999964e-01 -7.292474654867612573e-03
5.040000000000000036e-01 -8.410160141527098926e-03
5.120000000000000107e-01 -1.809478819592367713e-02
5.200000000000000178e-01 -2.645093652889472444e-02
5.280000000000000249e-01 -2.964123175047726072e-02
5.360000000000000320e-01 -2.982846226709143234e-02
5.440000000000000391e-01 -2.777064343017863687e-02
5.520000000000000462e-01 -2.212939311050917887e-02
5.599999999999999423e-01 -1.278042261690057538e-02
5.679999999999999494e-01 -4.244838228634335332e-03
5.759999999999999565e-01 -2.275421403094409108e-03
5.839999999999999636e-01 -8.923763667916037937e-03
5.919999999999999707e-01 -2.023518897324982913e-02
5.999999999999999778e-01 -2.892801873220990014e-02
6.079999999999999849e-01 -3.163018072545756981e-02
6.159999999999999920e-01 -2.941517719930248145e-02
6.239999999999999991e-01 -2.620991443749903435e-02
6.320000000000000062e-01 -2.340989299743173255e-02
6.400000000000000133e-01 -2.116559293468286279e-02
6.480000000000000204e-01 -1.966412923605444230e-02
6.560000000000000275e-01 -2.031503886295867381e-02
6.640000000000000346e-01 -2.284331097510862787e-02
6.720000000000000417e-01 -2.321062563630367503e-02
6.800000000000000488e-01 -1.845376606889821691e-02
6.880000000000000560e-01 -1.199463651821159292e-02
6.960000000000000631e-01 -7.515473270439543968e-03
7.040000000000000702e-01 -3.185157982821584192e-03
7.120000000000000773e-01 2.902718581230961676e-04
7.200000000000000844e-01 -1.268573880307766188e-03
7.280000000000000915e-01 -6.321990009258151959e-03
7.360000000000000986e-01 -1.139525396721313873e-02
7.440000000000001057e-01 -1.462587250024480721e-02
7.520000000000001128e-01 -1.534700335197137881e-02
7.600000000000001199e-01 -1.531359522829942553e-02
7.680000000000001270e-01 -1.687196309246211806e-02
7.760000000000001341e-01 -1.839859116574768874e-02
7.840000000000001412e-01 -1.845889126078947146e-02
7.920000000000001483e-01 -1.988433639488212251e-02
8.000000000000001554e-01 -2.320259898692732942e-02
8.080000000000001625e-01 -2.738167211602254153e-02
8.159999999999999476e-01 -3.085838999071830596e-02
8.239999999999999547e-01 -3.130400073467242555e-02
8.319999999999999618e-01 -2.858730116348373249e-02
8.399999999999999689e-01 -2.546849583388757082e-02
8.479999999999999760e-01 -2.324154439187144441e-02
8.559999999999999831e-01 -2.038282287839524379e-02
8.639999999999999902e-01 -1.820093215865476594e-02
8.719999999999999973e-01 -1.828045707831432373e-02
8.800000000000000044e-01 -1.714615231562535008e-02
8.880000000000000115e-01 -1.525327151268979047e-02
8.960000000000000187e-01 -1.458667648972810857e-02
9.040000000000000258e-01 -1.374911801608690726e-02
9.120000000000000329e-01 -1.270800462355698227e-02
9.200000000000000400e-01 -1.227428075813330466e-02
9.280000000000000471e-01 -1.226932307077856915e-02
9.360000000000000542e-01 -1.240700113090970232e-02
9.440000000000000613e-01 -1.320452443720289241e-02
9.520000000000000684e-01 -1.482827788739934927e-02
9.600000000000000755e-01 -1.597839852167952726e-02
9.680000000000000826e-01 -1.690683778823155042e-02
9.760000000000000897e-01 -1.642354596038483536e-02
9.840000000000000968e-01 -1.448833533101728278e-02
9.920000000000001039e-01 -1.289059590860805460e-02
9.999999999999998890e-01 -1.217218927143416153e-02
1.008000000000000007e+00 -1.193603378908581966e-02
1.016000000000000014e+00 -1.227345592303436678e-02
1.024000000000000021e+00 -1.256577226265379044e-02
1.032000000000000028e+00 -1.506458694655383145e-02
1.040000000000000036e+00 -1.880479246985062095e-02
1.048000000000000043e+00 -2.154088403381277869e-02
1.056000000000000050e+00 -2.087114510557492794e-02
1.064000000000000057e+00 -1.988519582932726792e-02
1.072000000000000064e+00 -2.008364514891675112e-02
1.080000000000000071e+00 -2.107404979375842452e-02
1.088000000000000078e+00 -2.239756864589787996e-02
1.096000000000000085e+00 -2.253965397178897545e-02
1.104000000000000092e+00 -2.304458375040282364e-02
1.112000000000000099e+00 -2.281396497192775957e-02
1.120000000000000107e+00 -2.063277593570614701e-02
1.128000000000000114e+00 -1.744438077431584300e-02
1.136000000000000121e+00 -1.359341459803494606e-02
1.144000000000000128e+00 -1.173604473663082334e-02
1.152000000000000135e+00 -1.101520240471054977e-02
1.160000000000000142e+00 -1.098170454266923085e-02
1.168000000000000149e+00 -1.110089926877794349e-02
1.176000000000000156e+00 -9.089107312654044063e-03
1.184000000000000163e+00 -8.566506209306859812e-03
1.192000000000000171e+00 -7.981621440130256401e-03
1.200000000000000178e+00 -8.003180612873042610e-03
1.208000000000000185e+00 -8.063691307376399942e-03
1.216000000000000192e+00 -9.051851436694851802e-03
1.224000000000000199e+00 -1.117551634288736773e-02
1.232000000000000206e+00 -1.318630680024258407e-02
1.240000000000000213e+00 -1.318586117268836719e-02
1.247999999999999776e+00 -1.373776914931823696e-02
1.255999999999999783e+00 -1.516237924732326096e-02
1.263999999999999790e+00 -1.387138225857612386e-02
1.271999999999999797e+00 -1.294595683785098629e-02
1.279999999999999805e+00 -1.059960521737065599e-02
1.287999999999999812e+00 -8.303403285399949332e-03
1.295999999999999819e+00 -6.694214585856510420e-03
1.303999999999999826e+00 -7.184080626799322321e-03
1.311999999999999833e+00 -6.481276087306604879e-03
1.319999999999999840e+00 -5.542209367368276622e-03
1.327999999999999847e+00 -5.894118528566264816e-03
1.335999999999999854e+00 -1.015555401403244254e-02
1.343999999999999861e+00 -1.451387698709369345e-02
1.351999999999999869e+00 -1.668141714475866039e-02
1.359999999999999876e+00 -1.901317917012844763e-02
1.367999999999999883e+00 -1.809883984673836196e-02
1.375999999999999890e+00 -1.793998713050260624e-02
1.383999999999999897e+00 -1.379471629456297498e-02
1.391999999999999904e+00 -6.205708240911124267e-03
1.399999999999999911e+00 -3.371566970533389218e-03
1.407999999999999918e+00 -1.432915606609333177e-03
1.415999999999999925e+00 -9.470552759757090060e-04
1.423999999999999932e+00 -2.119554365432067475e-03
1.431999999999999940e+00 -2.010383753152288067e-03
1.439999999999999947e+00 -1.547985086271551521e-03
1.447999999999999954e+00 2.035677127132216272e-03
1.455999999999999961e+00 5.284600120657212928e-03
1.463999999999999968e+00 9.473720455105048843e-03
1.471999999999999975e+00 1.365844481858313579e-02
1.479999999999999982e+00 1.358337132066225750e-02
1.487999999999999989e+00 1.079841129925559334e-02
1.495999999999999996e+00 5.811107152596076651e-03
1.504000000000000004e+00 0.000000000000000000e+00
