5.000000000000000000e-01 1.376470126400964862e-03
5.150000000000000133e-01 3.217063397605850086e-04
5.300000000000000266e-01 -7.635515826435239307e-04
5.450000000000000400e-01 -7.635515826435239307e-04
5.600000000000000533e-01 -7.635515826435239307e-04
5.750000000000000666e-01 -7.635515826435239307e-04
5.900000000000000799e-01 -7.635515826435239307e-04
6.050000000000000933e-01 -7.285911423245988337e-04
6.200000000000001066e-01 -7.635515826435239307e-04
6.350000000000001199e-01 -7.635515826435239307e-04
6.500000000000001332e-01 -7.635515826435239307e-04
6.650000000000001465e-01 -7.367723681446806602e-04
6.800000000000001599e-01 -7.461914316829022049e-04
6.950000000000001732e-01 -7.461914316829022049e-04
7.100000000000001865e-01 -7.635515826435239307e-04
7.250000000000001998e-01 -7.635515826435239307e-04
7.400000000000002132e-01 -7.635515826435239307e-04
7.550000000000002265e-01 8.000414962074619803e-04
7.700000000000002398e-01 8.000414962074619803e-04
7.850000000000002531e-01 5.072273786559343672e-04
8.000000000000002665e-01 -5.687468649241462669e-04
8.150000000000002798e-01 -4.165308026803141682e-04
8.300000000000002931e-01 -3.104300023084791398e-04
8.450000000000003064e-01 -7.635515826435239307e-04
8.600000000000003197e-01 -7.635515826435239307e-04
8.750000000000003331e-01 -7.635515826435239307e-04
8.900000000000003464e-01 -3.901714003689657115e-04
9.050000000000003597e-01 -3.450813742165590651e-04
9.200000000000003730e-01 -3.506431459656630424e-04
9.350000000000003864e-01 -7.635515826435239307e-04
9.500000000000003997e-01 -7.635515826435239307e-04
9.650000000000004130e-01 -2.875032631467625607e-04
9.800000000000004263e-01 -4.013396319597328224e-04
9.950000000000004396e-01 1.784639030180130721e-03
1.010000000000000453e+00 7.673746329036517169e-03
1.025000000000000355e+00 1.210077819597757051e-02
1.040000000000000480e+00 4.929062243780817261e-03
1.055000000000000604e+00 -3.849563335118093071e-04
1.070000000000000506e+00 -7.635515826435239307e-04
1.085000000000000409e+00 -7.635515826435239307e-04
1.100000000000000533e+00 -7.635515826435239307e-04
1.115000000000000657e+00 -7.635515826435239307e-04
1.130000000000000560e+00 -7.635515826435239307e-04
1.145000000000000462e+00 -6.815643614137549978e-04
1.160000000000000586e+00 -7.635515826435239307e-04
1.175000000000000711e+00 -7.635515826435239307e-04
1.190000000000000613e+00 -7.635515826435239307e-04
1.205000000000000515e+00 -7.635515826435239307e-04
1.220000000000000639e+00 -7.635515826435239307e-04
1.235000000000000764e+00 -7.635515826435239307e-04
1.250000000000000666e+00 -7.635515826435239307e-04
1.265000000000000568e+00 -7.635515826435239307e-04
1.280000000000000693e+00 -7.635515826435239307e-04
1.295000000000000817e+00 -7.635515826435239307e-04
1.310000000000000719e+00 -7.635515826435239307e-04
1.325000000000000622e+00 -7.635515826435239307e-04
1.340000000000000746e+00 -7.635515826435239307e-04
1.355000000000000870e+00 -7.635515826435239307e-04
1.370000000000000773e+00 -7.635515826435239307e-04
1.385000000000000675e+00 -7.635515826435239307e-04
1.400000000000000799e+00 -7.635515826435239307e-04
1.415000000000000924e+00 -7.635515826435239307e-04
1.430000000000000826e+00 -7.635515826435239307e-04
1.445000000000000728e+00 8.239553714880236936e-06
1.460000000000000853e+00 2.217013654448960272e-02
1.475000000000000977e+00 8.635731876775540328e-02
1.490000000000000879e+00 2.416237392914905302e-01
1.505000000000000782e+00 5.090740307572871881e-01
1.520000000000000906e+00 9.443974866658250145e-01
1.535000000000001030e+00 1.000000000000000000e+00
1.550000000000000933e+00 6.817606334023091907e-01
1.565000000000000835e+00 3.028508734983076378e-01
1.580000000000000959e+00 9.595441729795516073e-02
1.595000000000001084e+00 1.999672826574085474e-02
1.610000000000000986e+00 -1.194155464494813348e-04
1.625000000000000888e+00 1.203949300089407828e-02
1.640000000000001013e+00 1.597393439891985067e-02
1.655000000000001137e+00 2.110839040710138503e-02
1.670000000000001039e+00 1.448185321456520007e-02
1.685000000000000941e+00 2.819460968804810008e-02
1.700000000000001066e+00 2.452005907349928682e-02
1.715000000000001190e+00 1.589425719390880065e-02
1.730000000000001092e+00 1.531507381034655224e-02
1.745000000000000995e+00 1.245059779317888096e-02
1.760000000000001119e+00 8.182541553773388029e-03
1.775000000000001243e+00 1.016702214050731710e-02
1.790000000000001146e+00 1.102069663302533524e-02
1.805000000000001048e+00 1.033622103932979770e-02
1.820000000000001172e+00 8.482554888985738978e-03
1.835000000000001297e+00 8.760774717751981799e-03
1.850000000000001199e+00 1.096549455893508322e-02
1.865000000000001101e+00 6.357868324707473609e-03
1.880000000000001226e+00 4.011803506435553633e-03
1.895000000000001350e+00 1.625045033078514791e-04
1.910000000000001252e+00 5.652049785131298219e-04
1.925000000000001155e+00 5.326348061937919917e-03
1.940000000000001279e+00 9.701867658921484519e-03
1.955000000000001403e+00 5.610303997001937250e-03
1.970000000000001306e+00 2.809680220151379495e-03
1.985000000000001208e+00 6.032910224065639142e-03
2.000000000000001332e+00 6.314803263590239822e-03
2.015000000000001457e+00 2.690557629852854005e-03
2.030000000000001137e+00 -7.635515826435239307e-04
2.045000000000001261e+00 -7.635515826435239307e-04
2.060000000000001386e+00 -7.635515826435239307e-04
2.075000000000001510e+00 -7.635515826435239307e-04
2.090000000000001634e+00 -7.635515826435239307e-04
2.105000000000001315e+00 -7.635515826435239307e-04
2.120000000000001439e+00 -7.635515826435239307e-04
2.135000000000001563e+00 -7.635515826435239307e-04
2.150000000000001243e+00 -7.635515826435239307e-04
2.165000000000001368e+00 -7.635515826435239307e-04
2.180000000000001492e+00 -7.635515826435239307e-04
2.195000000000001616e+00 -7.635515826435239307e-04
2.210000000000001741e+00 -7.635515826435239307e-04
2.225000000000001421e+00 1.224205560333514525e-04
2.240000000000001545e+00 5.376470067828307588e-03
2.255000000000001670e+00 9.227372018610189089e-03
2.270000000000001350e+00 5.820251773141518932e-03
2.285000000000001474e+00 -5.720623191084535548e-04
2.300000000000001599e+00 -7.635515826435239307e-04
2.315000000000001723e+00 -7.635515826435239307e-04
2.330000000000001847e+00 -7.635515826435239307e-04
2.345000000000001528e+00 -7.302640408060640399e-04
2.360000000000001652e+00 -1.793467538610277613e-04
2.375000000000001776e+00 -1.812427321163829499e-04
2.390000000000001457e+00 -4.321755955171531429e-04
2.405000000000001581e+00 -7.635515826435239307e-04
2.420000000000001705e+00 -7.635515826435239307e-04
2.435000000000001830e+00 -7.635515826435239307e-04
2.450000000000001954e+00 -7.635515826435239307e-04
2.465000000000001634e+00 -7.635515826435239307e-04
2.480000000000001759e+00 -5.098728671310928141e-04
2.495000000000001883e+00 0.000000000000000000e+00
