0.000000000000000000e+00 1.000000000000000000e+00
8.000000000000007105e-03 8.967126481347248435e-01
1.600000000000001421e-02 5.892343754847222392e-01
2.400000000000002132e-02 2.692096186250836909e-01
3.200000000000002842e-02 5.487241054203793877e-02
4.000000000000003553e-02 -5.316144557724253317e-02
4.799999999999998712e-02 -8.509324852885304102e-02
5.599999999999999423e-02 -6.098944886999830423e-02
6.400000000000000133e-02 7.481816420232193302e-03
7.200000000000000844e-02 7.651189170740786694e-02
7.999999999999996003e-02 9.740137208611136799e-02
8.799999999999996714e-02 6.168214612536505881e-02
9.599999999999997424e-02 4.166821722946796418e-03
1.039999999999999813e-01 -4.523595458977743011e-02
1.119999999999999885e-01 -6.978203733667490138e-02
1.199999999999999956e-01 -5.410527439461464833e-02
1.280000000000000027e-01 -1.235378230919076566e-02
1.360000000000000098e-01 2.941810828362965979e-02
1.440000000000000169e-01 5.522347171145845085e-02
1.520000000000000240e-01 5.305898497556796323e-02
1.600000000000000311e-01 2.008641647426862714e-02
1.680000000000000382e-01 -2.257399502776313155e-02
1.760000000000000453e-01 -4.947604462066758357e-02
1.840000000000000524e-01 -4.590373190933991210e-02
1.920000000000000595e-01 -1.930572558170230019e-02
2.000000000000000666e-01 1.206090123596539020e-02
2.080000000000000737e-01 3.475876369954502415e-02
2.159999999999999698e-01 3.910264418995781227e-02
2.239999999999999769e-01 2.343775115787094868e-02
2.319999999999999840e-01 2.250060879748076555e-05
2.399999999999999911e-01 -1.759494515390528854e-02
2.479999999999999982e-01 -2.396910659687855397e-02
2.560000000000000053e-01 -1.655392680825617038e-02
2.640000000000000124e-01 2.016251389657177935e-04
2.720000000000000195e-01 1.552512813208321331e-02
2.799999999999999156e-01 2.761285335112064268e-02
2.879999999999999227e-01 2.788697640458044288e-02
2.959999999999999298e-01 1.142400154316613320e-02
3.039999999999999369e-01 -6.220708904052118030e-03
3.119999999999999440e-01 -1.872277417322594159e-02
3.199999999999999512e-01 -1.870931755188818754e-02
3.279999999999999583e-01 -8.487461699237081394e-03
3.359999999999999654e-01 3.983605351104880718e-03
3.439999999999999725e-01 1.237124583623590811e-02
3.519999999999999796e-01 1.639316345414260079e-02
3.599999999999999867e-01 1.113594378969438164e-02
3.679999999999999938e-01 2.816562349641265912e-03
3.760000000000000009e-01 -7.173230424941846525e-03
3.840000000000000080e-01 -1.445147901401234829e-02
3.920000000000000151e-01 -2.001140605396973041e-02
4.000000000000000222e-01 -1.926097655518490062e-02
4.080000000000000293e-01 -1.496082584346472913e-02
4.160000000000000364e-01 -7.972358564069191231e-03
4.240000000000000435e-01 -2.904124919461200001e-03
4.320000000000000506e-01 -6.460395032591086800e-03
4.399999999999999467e-01 -1.418658606302200531e-02
4.479999999999999538e-01 -1.758000521036531469e-02
4.559999999999999609e-01 -1.094926640651987769e-02
4.639999999999999680e-01 -5.086778334020440780e-03
4.719999999999999751e-01 -7.992472471001215058e-04
4.799999999999999822e-01 7.892466247847800334e-03
4.879999999999999893e-01 1.314744734680249258e-02
4.959999999999999964e-01 1.061121251013395425e-02
5.040000000000000036e-01 4.864097314691294242e-03
5.120000000000000107e-01 -5.964265890806002592e-03
5.200000000000000178e-01 -1.812247861744180344e-02
5.280000000000000249e-01 -2.473838108120097329e-02
5.360000000000000320e-01 -2.599824457324950711e-02
5.440000000000000391e-01 -2.401639867235284137e-02
5.520000000000000462e-01 -1.940856774611614960e-02
5.599999999999999423e-01 -1.488846081559844214e-02
5.679999999999999494e-01 -1.273913847961574870e-02
5.759999999999999565e-01 -1.272459074115105636e-02
5.839999999999999636e-01 -1.396964232136848304e-02
5.919999999999999707e-01 -1.549664377653474888e-02
5.999999999999999778e-01 -1.251450535613393006e-02
6.079999999999999849e-01 -7.996247950563615398e-03
6.159999999999999920e-01 -6.854266248762246397e-03
6.239999999999999991e-01 -6.391761048889625998e-03
6.320000000000000062e-01 -7.540245159663377245e-03
6.400000000000000133e-01 -1.192679072213474918e-02
6.480000000000000204e-01 -1.877412201114872156e-02
6.560000000000000275e-01 -2.419067677560671550e-02
6.640000000000000346e-01 -2.855273068023637256e-02
6.720000000000000417e-01 -3.138991970626948957e-02
6.800000000000000488e-01 -2.833338519343862882e-02
6.880000000000000560e-01 -2.449015377151966127e-02
6.960000000000000631e-01 -2.296389484113294313e-02
7.040000000000000702e-01 -2.181773986331058887e-02
7.120000000000000773e-01 -2.078809972381175097e-02
7.200000000000000844e-01 -1.986798411144436588e-02
7.280000000000000915e-01 -1.692072089067055835e-02
7.360000000000000986e-01 -1.398574319769224292e-02
7.440000000000001057e-01 -1.532132067049856404e-02
7.520000000000001128e-01 -1.274965181821487159e-02
7.600000000000001199e-01 -9.368005433851408353e-03
7.680000000000001270e-01 -4.681464792909990902e-03
7.760000000000001341e-01 -6.274646732419751844e-04
7.840000000000001412e-01 1.261463239829091042e-03
7.920000000000001483e-01 2.981170947239662142e-03
8.000000000000001554e-01 5.825429950195104047e-03
8.080000000000001625e-01 1.037107478901130517e-02
8.159999999999999476e-01 1.279986095880905964e-02
8.239999999999999547e-01 1.076809522344133498e-02
8.319999999999999618e-01 1.158439260713811300e-02
8.399999999999999689e-01 1.163005738974408343e-02
8.479999999999999760e-01 1.211270279355163709e-02
8.559999999999999831e-01 1.173442455668257875e-02
8.639999999999999902e-01 6.859916905360882375e-03
8.719999999999999973e-01 3.064089087151238358e-03
8.800000000000000044e-01 2.356370632716612169e-03
8.880000000000000115e-01 -3.770525210804141227e-04
8.960000000000000187e-01 -2.828913016091286464e-03
9.040000000000000258e-01 -1.969434059216122399e-03
9.120000000000000329e-01 -1.183800681879489981e-03
9.200000000000000400e-01 -1.941470996015233009e-03
9.280000000000000471e-01 1.850089851520387912e-03
9.360000000000000542e-01 4.202544616879395553e-03
9.440000000000000613e-01 1.802160672292595642e-03
9.520000000000000684e-01 7.705319059289284173e-04
9.600000000000000755e-01 -1.494529749205899876e-03
9.680000000000000826e-01 -4.898120313074294518e-03
9.760000000000000897e-01 -4.538592129716457341e-03
9.840000000000000968e-01 -6.521139009355922736e-03
9.920000000000001039e-01 -9.954794301677718713e-03
9.999999999999998890e-01 -8.036640751870178373e-03
1.008000000000000007e+00 -5.091941123555869531e-03
1.016000000000000014e+00 -7.084437789881310385e-03
1.024000000000000021e+00 -1.086697653714981809e-02
1.032000000000000028e+00 -1.268605047367855725e-02
1.040000000000000036e+00 -1.323072083184246260e-02
1.048000000000000043e+00 -1.339370433772823360e-02
1.056000000000000050e+00 -1.306254861146376872e-02
1.064000000000000057e+00 -1.118775171430238906e-02
1.072000000000000064e+00 -6.759140845020977957e-03
1.080000000000000071e+00 -2.849417807506247121e-03
1.088000000000000078e+00 -4.263750615384613238e-03
1.096000000000000085e+00 -7.277057244545218247e-03
1.104000000000000092e+00 -5.951774083681399437e-03
1.112000000000000099e+00 -4.042545853536029000e-03
1.120000000000000107e+00 -5.666497670495268188e-03
1.128000000000000114e+00 -7.669764808100607185e-03
1.136000000000000121e+00 -5.800400992979739927e-03
1.144000000000000128e+00 2.087180620949923251e-05
1.152000000000000135e+00 1.466704807696764604e-03
1.160000000000000142e+00 -6.914622930749847463e-04
1.168000000000000149e+00 -4.056281741720607799e-03
1.176000000000000156e+00 -4.782134236126717522e-03
1.184000000000000163e+00 -4.264506475056752122e-03
1.192000000000000171e+00 -2.753956607307561557e-03
1.200000000000000178e+00 -1.817315685762692628e-03
1.208000000000000185e+00 7.206100653058452590e-04
1.216000000000000192e+00 2.135550578248335447e-03
1.224000000000000199e+00 2.076686422281399415e-03
1.232000000000000206e+00 3.623066772852924760e-03
1.240000000000000213e+00 5.548370064228821431e-03
1.247999999999999776e+00 4.670845552397727245e-03
1.255999999999999783e+00 4.330374324756730738e-03
1.263999999999999790e+00 6.356207316699070617e-03
1.271999999999999797e+00 1.080983734325167284e-02
1.279999999999999805e+00 1.296110666993736948e-02
1.287999999999999812e+00 1.129153780978252135e-02
1.295999999999999819e+00 7.144473783382793673e-03
1.303999999999999826e+00 8.008938682946151189e-03
1.311999999999999833e+00 9.896231140997930470e-03
1.319999999999999840e+00 1.018788858277857798e-02
1.327999999999999847e+00 5.889026162560180924e-03
1.335999999999999854e+00 2.817967099830907644e-03
1.343999999999999861e+00 7.040168076734934673e-03
1.351999999999999869e+00 1.538433023311057239e-02
1.359999999999999876e+00 2.064697070613547708e-02
1.367999999999999883e+00 2.064448301244732262e-02
1.375999999999999890e+00 2.456499142596298146e-02
1.383999999999999897e+00 3.184285741775751827e-02
1.391999999999999904e+00 3.962768327708079269e-02
1.399999999999999911e+00 4.788454885925803872e-02
1.407999999999999918e+00 4.740386408204109309e-02
1.415999999999999925e+00 4.230263946550778115e-02
1.423999999999999932e+00 3.809197571467422272e-02
1.431999999999999940e+00 3.500311270938353397e-02
1.439999999999999947e+00 3.244940279816445339e-02
1.447999999999999954e+00 2.889098371786808644e-02
1.455999999999999961e+00 2.292039517045758173e-02
1.463999999999999968e+00 1.668122582308428220e-02
1.471999999999999975e+00 1.570726980839845174e-02
1.479999999999999982e+00 1.683309729475941652e-02
1.487999999999999989e+00 1.547800675753324348e-02
1.495999999999999996e+00 8.801235780843737894e-03
1.504000000000000004e+00 0.000000000000000000e+00
